---------------------------------------
At. num Charge Ionization Energy a eV
      1    0     13.598434005136
      2    0      24.587387936
      2   +1     54.417763110
      3    0       5.391714761
      3   +1     75.6400937
      3   +2    122.45435380
      4    0       9.3226990
      4   +1      18.211153
      4   +2    153.8961980
      4   +3    217.7185766
      5    0       8.2980190
      5   +1      25.154830
      5   +2      37.930580
      5   +3     259.3715
      5   +4    340.2260080
      6    0      11.260296
      6   +1     24.38450
      6   +2      47.88778
      6   +3      64.49358
      6   +4    392.090500
      6   +5    489.9931770
      7    0      14.534130
      7   +1     29.601250
      7   +2     47.4453
      7   +3      77.47350
      7   +4      97.89013
      7   +5    552.067310
      7   +6    667.046090
      8    0      13.6180540
      8   +1      35.121110
      8   +2     54.93554
      8   +3      77.41350
      8   +4     113.89890
      8   +5    138.1189
      8   +6    739.326790
      8   +7    871.409850
      9    0      17.422820
      9   +1      34.97081
      9   +2     62.70800
      9   +3     87.175
      9   +4    114.2490
      9   +5     157.16310
      9   +6    185.18680
      9   +7    953.89800
      9   +8   1103.117430
     10    0      21.5645400
     10   +1      40.962960
     10   +2      63.42331
     10   +3     97.1900
     10   +4     126.247
     10   +5     157.9340
     10   +6     207.271
     10   +7    239.0969
     10   +8   1195.80779
     10   +9   1362.199100
     11    0       5.13907670
     11   +1      47.28636
     11   +2     71.6200
     11   +3     98.936
     11   +4     138.400
     11   +5    172.228
     11   +6    208.500
     11   +7    264.192
     11   +8    299.8600
     11   +9   1465.134440
     11  +10   1648.70200
     12    0       7.6462350
     12   +1      15.0352670
     12   +2      80.14360
     12   +3    109.2654
     12   +4    141.335
     12   +5    186.760
     12   +6    225.015
     12   +7    265.924
     12   +8    327.985
     12   +9    367.5000
     12  +10   1761.80481
     12  +11   1962.66400
     13    0       5.9857684
     13   +1      18.828550
     13   +2      28.447640
     13   +3     119.9924
     13   +4    153.8252
     13   +5    190.490
     13   +6    241.760
     13   +7    284.638
     13   +8    330.212
     13   +9    398.650
     13  +10    442.0050
     13  +11   2085.97693
     13  +12   2304.14000
     14    0       8.151683
     14   +1      16.345845
     14   +2      33.493000
     14   +3      45.141790
     14   +4     166.7670
     14   +5    205.267
     14   +6    246.32
     14   +7    303.66
     14   +8    351.100
     14   +9    401.380
     14  +10    476.180
     14  +11    523.4150
     14  +12   2437.65804
     14  +13   2673.17740
     15    0      10.486686
     15   +1     19.769490
     15   +2      30.202640
     15   +3      51.44387
     15   +4      65.02511
     15   +5    220.4304
     15   +6    263.570
     15   +7    309.60
     15   +8    372.31
     15   +9    424.400
     15  +10    479.441
     15  +11    560.62
     15  +12    611.7400
     15  +13   2816.90867
     15  +14   3069.84140
     16    0      10.36001
     16   +1      23.33788
     16   +2     34.856
     16   +3     47.222
     16   +4      72.59449
     16   +5      88.05292
     16   +6     280.9540
     16   +7     328.7900
     16   +8    379.84
     16   +9    447.74
     16  +10    504.55
     16  +11    564.407
     16  +12    651.96
     16  +13    706.9940
     16  +14   3223.78059
     16  +15   3494.18770
     17    0      12.967630
     17   +1      23.81364
     17   +2     39.80
     17   +3     53.24
     17   +4     67.68
     17   +5     96.940
     17   +6     114.20130
     17   +7     348.3060
     17   +8     400.851
     17   +9    456.68
     17  +10    529.97
     17  +11    591.58
     17  +12    656.30
     17  +13    750.20
     17  +14    809.1980
     17  +15   3658.34362
     17  +16   3946.29080
     18    0      15.75961120
     18   +1      27.62967
     18   +2     40.735
     18   +3     59.58
     18   +4     74.84
     18   +5      91.290
     18   +6    124.412
     18   +7    143.4567
     18   +8    422.598
     18   +9    479.76
     18  +10    540.43
     18  +11    618.95
     18  +12    685.47
     18  +13    755.13
     18  +14    855.47
     18  +15    918.3740
     18  +16   4120.66550
     18  +17   4426.22270
     19    0       4.340663540
     19   +1      31.62500
     19   +2     45.8031
     19   +3     60.917
     19   +4     82.66
     19   +5     99.40
     19   +6     117.56
     19   +7    154.870
     19   +8    175.8174
     19   +9    503.670
     19  +10    565.60
     19  +11    631.00
     19  +12    714.71
     19  +13    786.26
     19  +14    860.92
     19  +15    967.66
     19  +16   1034.5410
     19  +17   4610.86998
     19  +18   4934.04820
     20    0       6.11315520
     20   +1      11.8717180
     20   +2      50.91315
     20   +3     67.2732
     20   +4     84.338
     20   +5    108.78
     20   +6    127.20
     20   +7     147.24
     20   +8    188.535
     20   +9    211.2751
     20  +10    591.60
     20  +11    658.24
     20  +12    728.6
     20  +13    817.22
     20  +14    893.98
     20  +15    973.70
     20  +16   1086.80
     20  +17   1157.7260
     20  +18   5128.85760
     20  +19   5469.8614
     21    0       6.561490
     21   +1      12.79977
     21   +2      24.756838
     21   +3      73.48940
     21   +4     91.949
     21   +5    110.680
     21   +6    138.00
     21   +7    158.10
     21   +8     180.00
     21   +9    225.180
     21  +10    249.7980
     21  +11     687.36
     21  +12    757.7
     21  +13    833.0
     21  +14    926.48
     21  +15   1008.62
     21  +16   1093.48
     21  +17   1213.10
     21  +18   1287.9560
     21  +19   5674.90340
     21  +20   6033.7540
     22    0       6.828120
     22   +1      13.5755
     22   +2      27.49171
     22   +3      43.26717
     22   +4      99.300
     22   +5    119.530
     22   +6    140.68
     22   +7    170.47
     22   +8    192.10
     22   +9     215.92
     22  +10    265.070
     22  +11    291.5004
     22  +12     787.700
     22  +13    864.0
     22  +14    944.5
     22  +15   1042.48
     22  +16   1130.20
     22  +17   1220.30
     22  +18   1346.33
     22  +19   1425.2570
     22  +20   6249.02230
     22  +21   6625.8070
     23    0       6.746187
     23   +1      14.6200
     23   +2      29.3110
     23   +3      46.7090
     23   +4      65.28165
     23   +5     128.130
     23   +6    150.72
     23   +7    173.55
     23   +8    205.96
     23   +9    230.50
     23  +10    254.80
     23  +11    308.50
     23  +12    336.2740
     23  +13     896.00
     23  +14    977.2
     23  +15   1062.9
     23  +16   1165.2
     23  +17   1258.86
     23  +18   1354.17
     23  +19   1486.67
     23  +20   1569.6560
     23  +21   6851.31060
     23  +22   7246.1220
     24    0       6.76651
     24   +1      16.486305
     24   +2      30.960
     24   +3     49.160
     24   +4      69.460
     24   +5      90.63500
     24   +6    160.290
     24   +7    184.76
     24   +8    209.54
     24   +9    244.52
     24  +10    270.80
     24  +11    296.74
     24  +12    354.66
     24  +13    384.1630
     24  +14   1011.62
     24  +15   1097.2
     24  +16   1188.0
     24  +17   1294.8
     24  +18   1394.50
     24  +19   1495.10
     24  +20   1634.00
     24  +21   1721.1830
     24  +22   7481.86250
     24  +23   7894.7990
     25    0       7.434018
     25   +1      15.639990
     25   +2      33.668
     25   +3     51.20
     25   +4     72.40
     25   +5      95.600
     25   +6     119.203
     25   +7    195.47
     25   +8    221.89
     25   +9    248.64
     25  +10    286.14
     25  +11    314.40
     25  +12    343.60
     25  +13    403.00
     25  +14    435.1700
     25  +15   1133.72
     25  +16   1224.1
     25  +17   1320.3
     25  +18   1430.9
     25  +19   1537.22
     25  +20   1643.21
     25  +21   1788.70
     25  +22   1879.8700
     25  +23   8140.7869
     25  +24   8571.9480
     26    0       7.9024678
     26   +1      16.199200
     26   +2      30.651
     26   +3      54.910
     26   +4     75.00
     26   +5      98.985
     26   +6     125.000
     26   +7     151.060
     26   +8    233.60
     26   +9    262.10
     26  +10    290.90
     26  +11    330.81
     26  +12    361.00
     26  +13    392.20
     26  +14     456.20
     26  +15    489.312
     26  +16   1262.70
     26  +17   1357.8
     26  +18   1460
     26  +19    1575.60
     26  +20   1687.0
     26  +21   1798.43
     26  +22   1950.4
     26  +23   2045.7590
     26  +24   8828.1875
     26  +25   9277.6810
     27    0       7.88101
     27   +1      17.0844
     27   +2     33.500
     27   +3     51.27
     27   +4     79.50
     27   +5    102.00
     27   +6    129.00
     27   +7    157.80
     27   +8     186.14
     27   +9    275.40
     27  +10    305.32
     27  +11    336.15
     27  +12    378.55
     27  +13    410.0
     27  +14    441.1
     27  +15    511.960
     27  +16    546.588
     27  +17    1397.20
     27  +18    1504.5
     27  +19   1606
     27  +20   1724
     27  +21   1844.0
     27  +22   1960.83
     27  +23   2119.4
     27  +24   2218.8760
     27  +25   9544.1830
     27  +26  10012.1220
     28    0       7.639877
     28   +1      18.168837
     28   +2      35.190
     28   +3     54.90
     28   +4     76.060
     28   +5    108.0
     28   +6    132.0
     28   +7    162.0
     28   +8    193.20
     28   +9    224.70
     28  +10    319.53
     28  +11    351.63
     28  +12    384.55
     28  +13    429.32
     28  +14    462.8
     28  +15    495.4
     28  +16    571.10
     28  +17    607.020
     28  +18   1541.05
     28  +19   1646
     28  +20   1758
     28  +21   1880
     28  +22   2008.1
     28  +23   2130.46
     28  +24   2295.6
     28  +25   2399.2590
     28  +26  10288.8858
     28  +27  10775.3860
     29    0       7.7263800
     29   +1      20.292390
     29   +2      36.841
     29   +3     57.380
     29   +4     79.80
     29   +5    103.0
     29   +6    139.0
     29   +7    166.0
     29   +8    198.0
     29   +9    232.20
     29  +10     265.00
     29  +11    367.03
     29  +12    400.98
     29  +13    436.04
     29  +14    483.13
     29  +15    518.7
     29  +16    552.8
     29  +17    632.48
     29  +18    670.608
     29  +19   1690.50
     29  +20   1800
     29  +21   1918
     29  +22   2044
     29  +23   2179.4
     29  +24   2307.0
     29  +25   2479.1
     29  +26   2586.9540
     29  +27  11062.4309
     29  +28  11567.6120
     30    0       9.3941990
     30   +1      17.96439
     30   +2      39.72300
     30   +3      59.573
     30   +4     82.60
     30   +5    108.0
     30   +6    134.0
     30   +7    173.9
     30   +8    203.0
     30   +9    238.0
     30  +10    274.40
     30  +11    310.8
     30  +12    417.6
     30  +13    453.37
     30  +14    490.63
     30  +15    540.0
     30  +16    577.8
     30  +17    613.3
     30  +18    697.51
     30  +19    737.366
     30  +20   1846.8
     30  +21   1961
     30  +22   2085
     30  +23   2214
     30  +24   2358.0
     30  +25   2491.5
     30  +26   2669.9
     30  +27   2781.9960
     30  +28  11864.9394
     30  +29  12388.9280
---------------------------------------
