     3600.0000000000        15.9643079135e-12
     3600.2500000000        15.9195209326e-12
     3600.5000000000        16.0765838307e-12
     3600.7500000000        15.9779444110e-12
     3601.0000000000        15.9591334780e-12
     3601.2500000000        15.9821388067e-12
     3601.5000000000        15.8055395022e-12
     3601.7500000000        15.8949697506e-12
     3602.0000000000        15.7650016881e-12
     3602.2500000000        16.0433964166e-12
     3602.5000000000        15.9950123602e-12
     3602.7500000000        15.9220751767e-12
     3603.0000000000        15.9735993761e-12
     3603.2500000000        16.1037470857e-12
     3603.5000000000        16.1041455693e-12
     3603.7500000000        16.1398079568e-12
     3604.0000000000        15.8839977276e-12
     3604.2500000000        15.9958792260e-12
     3604.5000000000        16.0390575462e-12
     3604.7500000000        16.0035171240e-12
     3605.0000000000        16.0430892063e-12
     3605.2500000000        15.9594164495e-12
     3605.5000000000        16.1230700619e-12
     3605.7500000000        16.1888944633e-12
     3606.0000000000        16.2171984814e-12
     3606.2500000000        16.0381318740e-12
     3606.5000000000        16.1204163205e-12
     3606.7500000000        16.0547920360e-12
     3607.0000000000        16.0279370274e-12
     3607.2500000000        16.1002314726e-12
     3607.5000000000        16.1108952450e-12
     3607.7500000000        16.1634844995e-12
     3608.0000000000        16.0138326889e-12
     3608.2500000000        16.0945230269e-12
     3608.5000000000        16.1918127155e-12
     3608.7500000000        16.0732302711e-12
     3609.0000000000        16.1383310860e-12
     3609.2500000000        16.2772462217e-12
     3609.5000000000        15.9853422497e-12
     3609.7500000000        15.9786609868e-12
     3610.0000000000        16.0556882051e-12
     3610.2500000000        16.1143177640e-12
     3610.5000000000        16.1947405417e-12
     3610.7500000000        16.0544125229e-12
     3611.0000000000        16.0759153476e-12
     3611.2500000000        16.0430608060e-12
     3611.5000000000        16.1408763799e-12
     3611.7500000000        15.8682007116e-12
     3612.0000000000        15.9587688264e-12
     3612.2500000000        16.2480192513e-12
     3612.5000000000        16.3519077322e-12
     3612.7500000000        16.3577965423e-12
     3613.0000000000        17.3199933987e-12
     3613.2500000000        20.6459964057e-12
     3613.5000000000        26.4265204472e-12
     3613.7500000000        27.0142674629e-12
     3614.0000000000        21.1562809255e-12
     3614.2500000000        16.7032998462e-12
     3614.5000000000        15.7168765210e-12
     3614.7500000000        15.7463568746e-12
     3615.0000000000        16.1291415887e-12
     3615.2500000000        16.2827920175e-12
     3615.5000000000        16.0086401646e-12
     3615.7500000000        16.1973904745e-12
     3616.0000000000        16.3951662821e-12
     3616.2500000000        16.1221291231e-12
     3616.5000000000        16.1950027421e-12
     3616.7500000000        16.1587731594e-12
     3617.0000000000        16.0876456527e-12
     3617.2500000000        16.3549658191e-12
     3617.5000000000        16.0586409180e-12
     3617.7500000000        16.0744497789e-12
     3618.0000000000        16.2482021611e-12
     3618.2500000000        16.2929604404e-12
     3618.5000000000        16.1145006284e-12
     3618.7500000000        16.2606117759e-12
     3619.0000000000        16.0942303758e-12
     3619.2500000000        16.0482827116e-12
     3619.5000000000        16.1135115071e-12
     3619.7500000000        16.0721336278e-12
     3620.0000000000        16.1148787491e-12
     3620.2500000000        16.2585809185e-12
     3620.5000000000        16.1508704677e-12
     3620.7500000000        16.1111530010e-12
     3621.0000000000        16.2558744807e-12
     3621.2500000000        15.9233368562e-12
     3621.5000000000        16.0362240781e-12
     3621.7500000000        16.1156970860e-12
     3622.0000000000        16.0650985268e-12
     3622.2500000000        16.2943519955e-12
     3622.5000000000        16.1727012366e-12
     3622.7500000000        16.2015671013e-12
     3623.0000000000        16.0503634994e-12
     3623.2500000000        16.0479836219e-12
     3623.5000000000        16.0544099409e-12
     3623.7500000000        16.1440858974e-12
     3624.0000000000        16.2109974402e-12
     3624.2500000000        15.9850452255e-12
     3624.5000000000        16.0290135127e-12
     3624.7500000000        16.0040290711e-12
     3625.0000000000        16.0265485179e-12
     3625.2500000000        16.1083126800e-12
     3625.5000000000        16.1029047661e-12
     3625.7500000000        16.0858301109e-12
     3626.0000000000        16.2762149174e-12
     3626.2500000000        16.1034778002e-12
     3626.5000000000        16.0124827264e-12
     3626.7500000000        16.2707352879e-12
     3627.0000000000        16.3555201657e-12
     3627.2500000000        16.4034805568e-12
     3627.5000000000        16.3420313350e-12
     3627.7500000000        16.2936740426e-12
     3628.0000000000        16.1133251551e-12
     3628.2500000000        16.0832588797e-12
     3628.5000000000        15.9955484782e-12
     3628.7500000000        15.9762747470e-12
     3629.0000000000        16.0218560934e-12
     3629.2500000000        16.0269270922e-12
     3629.5000000000        16.0722235846e-12
     3629.7500000000        16.2311575548e-12
     3630.0000000000        16.2272866978e-12
     3630.2500000000        16.1872218596e-12
     3630.5000000000        16.3226125520e-12
     3630.7500000000        16.1004399263e-12
     3631.0000000000        16.0946737227e-12
     3631.2500000000        15.9568056821e-12
     3631.5000000000        16.1661363201e-12
     3631.7500000000        16.3325857991e-12
     3632.0000000000        16.3637974897e-12
     3632.2500000000        16.1382255925e-12
     3632.5000000000        16.1181177255e-12
     3632.7500000000        16.1312052994e-12
     3633.0000000000        16.0754891610e-12
     3633.2500000000        16.3878701993e-12
     3633.5000000000        16.6926873056e-12
     3633.7500000000        18.7584381656e-12
     3634.0000000000        24.1990401694e-12
     3634.2500000000        27.7262648467e-12
     3634.5000000000        23.8390974714e-12
     3634.7500000000        18.1555424666e-12
     3635.0000000000        16.1459006054e-12
     3635.2500000000        16.0371915628e-12
     3635.5000000000        16.0707343057e-12
     3635.7500000000        15.9879698079e-12
     3636.0000000000        16.1555525940e-12
     3636.2500000000        16.1767649166e-12
     3636.5000000000        16.1574314788e-12
     3636.7500000000        16.2303492070e-12
     3637.0000000000        16.2990758086e-12
     3637.2500000000        16.2222337611e-12
     3637.5000000000        16.3232819044e-12
     3637.7500000000        16.2857608356e-12
     3638.0000000000        16.0925665892e-12
     3638.2500000000        15.9888846899e-12
     3638.5000000000        16.1398611217e-12
     3638.7500000000        16.1208671293e-12
     3639.0000000000        16.1183325279e-12
     3639.2500000000        16.1041302279e-12
     3639.5000000000        16.0643265027e-12
     3639.7500000000        16.0819117552e-12
     3640.0000000000        16.1990470505e-12
     3640.2500000000        16.1309320072e-12
     3640.5000000000        16.2127519052e-12
     3640.7500000000        16.3020936134e-12
     3641.0000000000        16.2734330305e-12
     3641.2500000000        16.2191924639e-12
     3641.5000000000        16.1398950438e-12
     3641.7500000000        16.1414350455e-12
     3642.0000000000        16.1323770102e-12
     3642.2500000000        15.9952012818e-12
     3642.5000000000        16.2397096437e-12
     3642.7500000000        16.2577091188e-12
     3643.0000000000        16.3198083818e-12
     3643.2500000000        16.2027420285e-12
     3643.5000000000        16.2455102708e-12
     3643.7500000000        16.4513032085e-12
     3644.0000000000        16.1547717668e-12
     3644.2500000000        16.0919098572e-12
     3644.5000000000        16.2604784847e-12
     3644.7500000000        16.2450904225e-12
     3645.0000000000        16.2592578802e-12
     3645.2500000000        16.2672263460e-12
     3645.5000000000        16.3399974384e-12
     3645.7500000000        16.2036955903e-12
     3646.0000000000        16.2817338013e-12
     3646.2500000000        16.2184022035e-12
     3646.5000000000        16.2473938505e-12
     3646.7500000000        16.3504244305e-12
     3647.0000000000        16.1850016325e-12
     3647.2500000000        16.0945023130e-12
     3647.5000000000        15.9427851206e-12
     3647.7500000000        15.8796247602e-12
     3648.0000000000        15.7209941931e-12
     3648.2500000000        15.7810617507e-12
     3648.5000000000        15.6927610473e-12
     3648.7500000000        15.6382231542e-12
     3649.0000000000        15.4165629203e-12
     3649.2500000000        15.2279762120e-12
     3649.5000000000        15.3279897424e-12
     3649.7500000000        15.0780479751e-12
     3650.0000000000        14.9459340943e-12
     3650.2500000000        14.8462703879e-12
     3650.5000000000        14.7290784502e-12
     3650.7500000000        14.4571637756e-12
     3651.0000000000        14.4392521589e-12
     3651.2500000000        14.4118628922e-12
     3651.5000000000        14.6512201659e-12
     3651.7500000000        14.6842907038e-12
     3652.0000000000        14.8638071280e-12
     3652.2500000000        14.5746669497e-12
     3652.5000000000        13.9819551981e-12
     3652.7500000000        13.8532282165e-12
     3653.0000000000        13.7959122425e-12
     3653.2500000000        13.7546655394e-12
     3653.5000000000        13.7530452090e-12
     3653.7500000000        13.6978902704e-12
     3654.0000000000        13.5825928835e-12
     3654.2500000000        13.4213854742e-12
     3654.5000000000        13.3521688368e-12
     3654.7500000000        13.3206991403e-12
     3655.0000000000        13.2913960477e-12
     3655.2500000000        13.1165837202e-12
     3655.5000000000        13.2450375363e-12
     3655.7500000000        13.1753746607e-12
     3656.0000000000        13.2174627481e-12
     3656.2500000000        13.2036864651e-12
     3656.5000000000        13.3935319960e-12
     3656.7500000000        13.2289895440e-12
     3657.0000000000        12.7671171551e-12
     3657.2500000000        13.0315234593e-12
     3657.5000000000        12.7722910604e-12
     3657.7500000000        12.8946514383e-12
     3658.0000000000        12.9840554777e-12
     3658.2500000000        12.1892277772e-12
     3658.5000000000        12.7664649282e-12
     3658.7500000000        12.9287659656e-12
     3659.0000000000        11.8093562822e-12
     3659.2500000000        12.6781289462e-12
     3659.5000000000        12.8800693702e-12
     3659.7500000000        11.3562337737e-12
     3660.0000000000        11.9238147654e-12
     3660.2500000000        13.5984822712e-12
     3660.5000000000        12.4670083571e-12
     3660.7500000000        10.7474854613e-12
     3661.0000000000        12.6588045868e-12
     3661.2500000000        14.0845112576e-12
     3661.5000000000        11.8938060866e-12
     3661.7500000000        10.2854591464e-12
     3662.0000000000        12.6571411543e-12
     3662.2500000000        15.1088836423e-12
     3662.5000000000        12.7648529801e-12
     3662.7500000000         9.7404338997e-12
     3663.0000000000        10.6887775436e-12
     3663.2500000000        14.5853826973e-12
     3663.5000000000        15.3488406383e-12
     3663.7500000000        11.6068519532e-12
     3664.0000000000         9.2084281183e-12
     3664.2500000000        10.7248692527e-12
     3664.5000000000        14.9990468478e-12
     3664.7500000000        16.3071798717e-12
     3665.0000000000        12.1690663560e-12
     3665.2500000000         8.5167291945e-12
     3665.5000000000         8.8621056232e-12
     3665.7500000000        12.4967732316e-12
     3666.0000000000        17.0843646911e-12
     3666.2500000000        16.2361431241e-12
     3666.5000000000        11.0337480602e-12
     3666.7500000000         7.9330133016e-12
     3667.0000000000         8.2480693478e-12
     3667.2500000000        11.2309859530e-12
     3667.5000000000        16.6407113405e-12
     3667.7500000000        18.4353105145e-12
     3668.0000000000        13.4174302597e-12
     3668.2500000000         8.8702511469e-12
     3668.5000000000         7.5132578218e-12
     3668.7500000000         8.1600403621e-12
     3669.0000000000        11.0908141903e-12
     3669.2500000000        17.0820313320e-12
     3669.5000000000        19.9233056492e-12
     3669.7500000000        15.1278788859e-12
     3670.0000000000         9.2523499634e-12
     3670.2500000000         7.2905998296e-12
     3670.5000000000         7.3097689746e-12
     3670.7500000000         8.0821477961e-12
     3671.0000000000        11.3779617736e-12
     3671.2500000000        18.0888377788e-12
     3671.5000000000        21.4243844346e-12
     3671.7500000000        16.5376256005e-12
     3672.0000000000         9.8266714633e-12
     3672.2500000000         7.3986802834e-12
     3672.5000000000         7.0985054588e-12
     3672.7500000000         7.2887220678e-12
     3673.0000000000         8.0006452073e-12
     3673.2500000000        10.8185879122e-12
     3673.5000000000        17.8490850334e-12
     3673.7500000000        22.7849500652e-12
     3674.0000000000        18.3214632095e-12
     3674.2500000000        10.7769881686e-12
     3674.5000000000         7.6209689411e-12
     3674.7500000000         7.0281130613e-12
     3675.0000000000         6.9579454754e-12
     3675.2500000000         7.1018471589e-12
     3675.5000000000         7.7239637985e-12
     3675.7500000000         9.7498798622e-12
     3676.0000000000        15.7033013229e-12
     3676.2500000000        23.6277933654e-12
     3676.5000000000        23.0320922478e-12
     3676.7500000000        14.4207840275e-12
     3677.0000000000         8.4684736116e-12
     3677.2500000000         7.0867507295e-12
     3677.5000000000         7.0724707641e-12
     3677.7500000000         7.1016655484e-12
     3678.0000000000         7.1033600136e-12
     3678.2500000000         7.2473914565e-12
     3678.5000000000         7.8489704584e-12
     3678.7500000000         9.9424307182e-12
     3679.0000000000        17.0174730708e-12
     3679.2500000000        25.9662805084e-12
     3679.5000000000        24.8375112873e-12
     3679.7500000000        14.9823182549e-12
     3680.0000000000         8.5007249671e-12
     3680.2500000000         7.1006562968e-12
     3680.5000000000         7.0169323891e-12
     3680.7500000000         7.0140168256e-12
     3681.0000000000         7.0277653184e-12
     3681.2500000000         6.9440288316e-12
     3681.5000000000         7.1329965731e-12
     3681.7500000000         7.1451157031e-12
     3682.0000000000         7.9419181763e-12
     3682.2500000000        11.1817432062e-12
     3682.5000000000        19.7211727657e-12
     3682.7500000000        28.1550711369e-12
     3683.0000000000        24.2470371837e-12
     3683.2500000000        13.4751140873e-12
     3683.5000000000         7.8706614745e-12
     3683.7500000000         6.9721408991e-12
     3684.0000000000         6.9699464521e-12
     3684.2500000000         6.8243557694e-12
     3684.5000000000         6.8120949219e-12
     3684.7500000000         6.8480304250e-12
     3685.0000000000         6.8668366471e-12
     3685.2500000000         6.8529490426e-12
     3685.5000000000         6.8679032590e-12
     3685.7500000000         7.0517647544e-12
     3686.0000000000         7.8994458575e-12
     3686.2500000000        11.0877358160e-12
     3686.5000000000        20.5195970380e-12
     3686.7500000000        30.7473868918e-12
     3687.0000000000        27.7482746196e-12
     3687.2500000000        15.3824092277e-12
     3687.5000000000         8.3395931699e-12
     3687.7500000000         7.0048723623e-12
     3688.0000000000         6.9295461425e-12
     3688.2500000000         7.0693235361e-12
     3688.5000000000         6.9932855472e-12
     3688.7500000000         6.9201915983e-12
     3689.0000000000         6.7367732577e-12
     3689.2500000000         6.6970724004e-12
     3689.5000000000         6.8472842999e-12
     3689.7500000000         6.8502124603e-12
     3690.0000000000         6.8018373675e-12
     3690.2500000000         6.7916160941e-12
     3690.5000000000         7.0495550513e-12
     3690.7500000000         8.2043893017e-12
     3691.0000000000        12.5344842944e-12
     3691.2500000000        24.3383230303e-12
     3691.5000000000        35.4520040758e-12
     3691.7500000000        29.8609841951e-12
     3692.0000000000        15.5957179630e-12
     3692.2500000000         8.3616267630e-12
     3692.5000000000         7.1634442615e-12
     3692.7500000000         6.9619981374e-12
     3693.0000000000         6.8495796533e-12
     3693.2500000000         6.8595669513e-12
     3693.5000000000         6.8497823289e-12
     3693.7500000000         6.9069528421e-12
     3694.0000000000         7.2646684163e-12
     3694.2500000000         7.4157899780e-12
     3694.5000000000         7.0167286255e-12
     3694.7500000000         6.6588569258e-12
     3695.0000000000         6.6673380151e-12
     3695.2500000000         6.7525717419e-12
     3695.5000000000         6.7947837241e-12
     3695.7500000000         6.9423159046e-12
     3696.0000000000         7.2537267890e-12
     3696.2500000000         7.8220011044e-12
     3696.5000000000        10.7816763839e-12
     3696.7500000000        20.6844900816e-12
     3697.0000000000        35.8890742662e-12
     3697.2500000000        37.4125406048e-12
     3697.5000000000        22.3630934800e-12
     3697.7500000000        10.3049554337e-12
     3698.0000000000         7.0835398313e-12
     3698.2500000000         6.5783885091e-12
     3698.5000000000         6.6637342076e-12
     3698.7500000000         6.6580968186e-12
     3699.0000000000         6.7762529100e-12
     3699.2500000000         6.7460031156e-12
     3699.5000000000         6.8191025408e-12
     3699.7500000000         6.7491983939e-12
     3700.0000000000         6.7900303175e-12
     3700.2500000000         6.7210710429e-12
     3700.5000000000         6.7210351561e-12
     3700.7500000000         6.8987175198e-12
     3701.0000000000         6.7979665200e-12
     3701.2500000000         6.7203389637e-12
     3701.5000000000         6.8078166561e-12
     3701.7500000000         6.7617584164e-12
     3702.0000000000         6.8465653874e-12
     3702.2500000000         6.8483172268e-12
     3702.5000000000         7.0084251493e-12
     3702.7500000000         7.3385047606e-12
     3703.0000000000         8.4610702680e-12
     3703.2500000000        12.9613263882e-12
     3703.5000000000        26.6708421298e-12
     3703.7500000000        43.4953006919e-12
     3704.0000000000        40.5159028598e-12
     3704.2500000000        22.0324387942e-12
     3704.5000000000        13.4138523946e-12
     3704.7500000000        19.3808616488e-12
     3705.0000000000        24.8356520200e-12
     3705.2500000000        18.7945092793e-12
     3705.5000000000         9.9106678423e-12
     3705.7500000000         6.8421638786e-12
     3706.0000000000         6.5427037061e-12
     3706.2500000000         6.6390415890e-12
     3706.5000000000         6.6188297095e-12
     3706.7500000000         6.7818894636e-12
     3707.0000000000         6.8511530302e-12
     3707.2500000000         6.7969695372e-12
     3707.5000000000         6.7124634617e-12
     3707.7500000000         6.7780168411e-12
     3708.0000000000         6.7203834497e-12
     3708.2500000000         6.7353466874e-12
     3708.5000000000         6.6620167556e-12
     3708.7500000000         6.7714197811e-12
     3709.0000000000         6.8876145376e-12
     3709.2500000000         7.1653338540e-12
     3709.5000000000         7.2397644829e-12
     3709.7500000000         7.0978580145e-12
     3710.0000000000         6.8930311101e-12
     3710.2500000000         6.8179420449e-12
     3710.5000000000         6.9222643278e-12
     3710.7500000000         7.2605347046e-12
     3711.0000000000         7.9953633856e-12
     3711.2500000000        10.8577328483e-12
     3711.5000000000        21.0867746952e-12
     3711.7500000000        41.8637237409e-12
     3712.0000000000        51.6268094365e-12
     3712.2500000000        34.7710987368e-12
     3712.5000000000        14.7085368375e-12
     3712.7500000000         8.4102318760e-12
     3713.0000000000         7.5914168968e-12
     3713.2500000000         7.2065465860e-12
     3713.5000000000         6.8623349380e-12
     3713.7500000000         6.7994324666e-12
     3714.0000000000         6.8409689327e-12
     3714.2500000000         6.8709150041e-12
     3714.5000000000         6.8221460487e-12
     3714.7500000000         6.8976127124e-12
     3715.0000000000         6.8442749437e-12
     3715.2500000000         6.8189709150e-12
     3715.5000000000         6.9464878450e-12
     3715.7500000000         6.9424515047e-12
     3716.0000000000         7.2143387708e-12
     3716.2500000000         7.2667544858e-12
     3716.5000000000         7.1102724548e-12
     3716.7500000000         6.9415056019e-12
     3717.0000000000         7.1224260804e-12
     3717.2500000000         7.2261663542e-12
     3717.5000000000         7.4886848622e-12
     3717.7500000000         7.6557784655e-12
     3718.0000000000         7.4135070565e-12
     3718.2500000000         7.2883017569e-12
     3718.5000000000         7.1442125623e-12
     3718.7500000000         7.1104597920e-12
     3719.0000000000         7.2325750000e-12
     3719.2500000000         7.3461033818e-12
     3719.5000000000         7.4265481510e-12
     3719.7500000000         7.4493681057e-12
     3720.0000000000         7.6312172833e-12
     3720.2500000000         7.8242397879e-12
     3720.5000000000         8.0446868300e-12
     3720.7500000000         8.6407733659e-12
     3721.0000000000        11.4462636419e-12
     3721.2500000000        22.7146857143e-12
     3721.5000000000        54.0969897764e-12
     3721.7500000000        86.5973390116e-12
     3722.0000000000        78.9858833180e-12
     3722.2500000000        41.3685221633e-12
     3722.5000000000        15.8013936312e-12
     3722.7500000000         9.1462417478e-12
     3723.0000000000         8.5011755146e-12
     3723.2500000000         8.8280687142e-12
     3723.5000000000         9.0381562131e-12
     3723.7500000000         9.3651829954e-12
     3724.0000000000         9.9040220442e-12
     3724.2500000000        10.6328858204e-12
     3724.5000000000        11.4516705695e-12
     3724.7500000000        14.0695882666e-12
     3725.0000000000        26.5970193699e-12
     3725.2500000000        97.6426594903e-12
     3725.5000000000       413.1174919479e-12
     3725.7500000000      1550.5597416846e-12
     3726.0000000000      3004.1099885367e-12
     3726.2500000000      2546.6852800234e-12
     3726.5000000000       848.0243461305e-12
     3726.7500000000       127.2917018476e-12
     3727.0000000000        30.0564186914e-12
     3727.2500000000        13.5872485301e-12
     3727.5000000000        13.7434736198e-12
     3727.7500000000        20.2876659433e-12
     3728.0000000000        61.2495095853e-12
     3728.2500000000       249.1344124341e-12
     3728.5000000000       920.5933083618e-12
     3728.7500000000      1776.1027888040e-12
     3729.0000000000      1504.8637398463e-12
     3729.2500000000       502.3968517324e-12
     3729.5000000000        64.7739468658e-12
     3729.7500000000        13.4473732627e-12
     3730.0000000000         9.0925565125e-12
     3730.2500000000         8.3423143993e-12
     3730.5000000000         8.0753118614e-12
     3730.7500000000         8.0379222705e-12
     3731.0000000000         7.8099798796e-12
     3731.2500000000         7.6696190330e-12
     3731.5000000000         7.5568718428e-12
     3731.7500000000         7.4469190947e-12
     3732.0000000000         7.2867101242e-12
     3732.2500000000         7.3741114738e-12
     3732.5000000000         7.7814149211e-12
     3732.7500000000         8.2690669723e-12
     3733.0000000000         8.4476225132e-12
     3733.2500000000         8.1747708758e-12
     3733.5000000000         9.6609007510e-12
     3733.7500000000        17.0819062059e-12
     3734.0000000000        40.1215970224e-12
     3734.2500000000        69.2374134880e-12
     3734.5000000000        64.9153881882e-12
     3734.7500000000        32.3883602368e-12
     3735.0000000000        11.8098100230e-12
     3735.2500000000         7.1927960741e-12
     3735.5000000000         6.7158546481e-12
     3735.7500000000         6.7048975372e-12
     3736.0000000000         6.6765970520e-12
     3736.2500000000         6.7479584675e-12
     3736.5000000000         6.7040578006e-12
     3736.7500000000         6.5976496410e-12
     3737.0000000000         6.7695696307e-12
     3737.2500000000         6.9706557685e-12
     3737.5000000000         7.1562563803e-12
     3737.7500000000         7.1879317420e-12
     3738.0000000000         6.9959824891e-12
     3738.2500000000         6.7771940869e-12
     3738.5000000000         6.7308172458e-12
     3738.7500000000         6.8130654450e-12
     3739.0000000000         6.8013174760e-12
     3739.2500000000         6.7131689596e-12
     3739.5000000000         6.8213791510e-12
     3739.7500000000         6.8758434848e-12
     3740.0000000000         6.7349049397e-12
     3740.2500000000         6.7113372600e-12
     3740.5000000000         6.6743860922e-12
     3740.7500000000         6.7104887850e-12
     3741.0000000000         6.7451954473e-12
     3741.2500000000         6.6372826148e-12
     3741.5000000000         6.6461156765e-12
     3741.7500000000         6.7835364204e-12
     3742.0000000000         6.7101357358e-12
     3742.2500000000         6.7387688132e-12
     3742.5000000000         6.6954796959e-12
     3742.7500000000         6.6548541657e-12
     3743.0000000000         6.7605867012e-12
     3743.2500000000         6.7179374389e-12
     3743.5000000000         6.7044435370e-12
     3743.7500000000         6.7121528156e-12
     3744.0000000000         6.6520914163e-12
     3744.2500000000         6.6373540277e-12
     3744.5000000000         6.6965414157e-12
     3744.7500000000         6.6302973253e-12
     3745.0000000000         6.6374771741e-12
     3745.2500000000         6.6983706453e-12
     3745.5000000000         6.7146694593e-12
     3745.7500000000         7.0449394694e-12
     3746.0000000000         7.0996362304e-12
     3746.2500000000         6.7959951816e-12
     3746.5000000000         6.5188945588e-12
     3746.7500000000         6.5147697155e-12
     3747.0000000000         6.3792492603e-12
     3747.2500000000         6.5406487846e-12
     3747.5000000000         6.6113182965e-12
     3747.7500000000         6.5817712950e-12
     3748.0000000000         6.5351785905e-12
     3748.2500000000         6.5788901403e-12
     3748.5000000000         6.5238990391e-12
     3748.7500000000         6.7953572792e-12
     3749.0000000000         7.6360845757e-12
     3749.2500000000        10.2419687312e-12
     3749.5000000000        18.4088917541e-12
     3749.7500000000        44.3409305162e-12
     3750.0000000000        82.2563593779e-12
     3750.2500000000        83.7231755303e-12
     3750.5000000000        43.7003608325e-12
     3750.7500000000        14.1353908832e-12
     3751.0000000000         7.1066394010e-12
     3751.2500000000         6.2831135221e-12
     3751.5000000000         6.0921665438e-12
     3751.7500000000         6.0811420460e-12
     3752.0000000000         6.0791124468e-12
     3752.2500000000         6.1247937596e-12
     3752.5000000000         6.1947427175e-12
     3752.7500000000         6.2447361011e-12
     3753.0000000000         6.1195446549e-12
     3753.2500000000         6.3566793626e-12
     3753.5000000000         6.2996135013e-12
     3753.7500000000         6.2858029410e-12
     3754.0000000000         6.2287337619e-12
     3754.2500000000         6.1649262647e-12
     3754.5000000000         6.1370701503e-12
     3754.7500000000         6.0837518698e-12
     3755.0000000000         6.1703365915e-12
     3755.2500000000         6.2596930484e-12
     3755.5000000000         6.4856695141e-12
     3755.7500000000         6.7820578238e-12
     3756.0000000000         7.0435510998e-12
     3756.2500000000         6.8634305932e-12
     3756.5000000000         6.6026867814e-12
     3756.7500000000         6.5725671482e-12
     3757.0000000000         6.3981492849e-12
     3757.2500000000         6.2942432288e-12
     3757.5000000000         6.4094588846e-12
     3757.7500000000         6.3875502829e-12
     3758.0000000000         6.4668125957e-12
     3758.2500000000         6.5777731361e-12
     3758.5000000000         6.5291329787e-12
     3758.7500000000         6.4728927917e-12
     3759.0000000000         6.3932950622e-12
     3759.2500000000         6.3508315206e-12
     3759.5000000000         6.2496005077e-12
     3759.7500000000         6.2292786455e-12
     3760.0000000000         6.1775553466e-12
     3760.2500000000         6.2266126889e-12
     3760.5000000000         6.3396514246e-12
     3760.7500000000         6.4549425079e-12
     3761.0000000000         6.5467478941e-12
     3761.2500000000         6.6079790171e-12
     3761.5000000000         6.5511411348e-12
     3761.7500000000         6.5187064906e-12
     3762.0000000000         6.5789401094e-12
     3762.2500000000         6.6443033798e-12
     3762.5000000000         6.5899154869e-12
     3762.7500000000         6.4770338850e-12
     3763.0000000000         6.5190067072e-12
     3763.2500000000         6.4174782380e-12
     3763.5000000000         6.4273978238e-12
     3763.7500000000         6.3734374098e-12
     3764.0000000000         6.4538185134e-12
     3764.2500000000         6.5083650738e-12
     3764.5000000000         6.4938841094e-12
     3764.7500000000         6.4822267789e-12
     3765.0000000000         6.4240780546e-12
     3765.2500000000         6.3764594878e-12
     3765.5000000000         6.3986670346e-12
     3765.7500000000         6.3702280308e-12
     3766.0000000000         6.5548027392e-12
     3766.2500000000         6.5101176955e-12
     3766.5000000000         6.3795634894e-12
     3766.7500000000         6.2820468347e-12
     3767.0000000000         6.3225726752e-12
     3767.2500000000         6.2557690274e-12
     3767.5000000000         6.2232663141e-12
     3767.7500000000         6.2597108155e-12
     3768.0000000000         6.2071407761e-12
     3768.2500000000         6.4066328402e-12
     3768.5000000000         6.7747207481e-12
     3768.7500000000         6.8707980027e-12
     3769.0000000000         6.7344066153e-12
     3769.2500000000         6.5730649598e-12
     3769.5000000000         7.3105144836e-12
     3769.7500000000        10.1014763611e-12
     3770.0000000000        21.9276230516e-12
     3770.2500000000        58.4774149635e-12
     3770.5000000000       106.0809045438e-12
     3770.7500000000       100.1660475011e-12
     3771.0000000000        47.4198669333e-12
     3771.2500000000        13.9770616514e-12
     3771.5000000000         6.6664913799e-12
     3771.7500000000         5.8897059772e-12
     3772.0000000000         5.9282913360e-12
     3772.2500000000         5.8227588017e-12
     3772.5000000000         5.8666610086e-12
     3772.7500000000         5.9145444553e-12
     3773.0000000000         5.9851750692e-12
     3773.2500000000         5.9538550108e-12
     3773.5000000000         5.9281710500e-12
     3773.7500000000         5.9677127397e-12
     3774.0000000000         5.8898315211e-12
     3774.2500000000         6.0323617844e-12
     3774.5000000000         5.9858397582e-12
     3774.7500000000         6.1260664367e-12
     3775.0000000000         6.1160406655e-12
     3775.2500000000         6.1203241449e-12
     3775.5000000000         6.1181104311e-12
     3775.7500000000         6.1613990449e-12
     3776.0000000000         6.2398123125e-12
     3776.2500000000         6.2434643399e-12
     3776.5000000000         6.2160656201e-12
     3776.7500000000         6.3484365623e-12
     3777.0000000000         6.5253709203e-12
     3777.2500000000         6.5284326167e-12
     3777.5000000000         6.4715017312e-12
     3777.7500000000         6.3459868494e-12
     3778.0000000000         6.3961741248e-12
     3778.2500000000         6.3678413618e-12
     3778.5000000000         6.3971733685e-12
     3778.7500000000         6.4948427792e-12
     3779.0000000000         6.4864014811e-12
     3779.2500000000         6.4067220540e-12
     3779.5000000000         6.3453275744e-12
     3779.7500000000         6.3649810840e-12
     3780.0000000000         6.4270899610e-12
     3780.2500000000         6.4289614510e-12
     3780.5000000000         6.4148314001e-12
     3780.7500000000         6.3941308249e-12
     3781.0000000000         6.3838214033e-12
     3781.2500000000         6.4408497619e-12
     3781.5000000000         6.4559918120e-12
     3781.7500000000         6.4893444839e-12
     3782.0000000000         6.5062864133e-12
     3782.2500000000         6.5192842784e-12
     3782.5000000000         6.4180741002e-12
     3782.7500000000         6.4229817932e-12
     3783.0000000000         6.5093384073e-12
     3783.2500000000         6.4451716726e-12
     3783.5000000000         6.4000401193e-12
     3783.7500000000         6.4188909000e-12
     3784.0000000000         6.4785637822e-12
     3784.2500000000         6.5005365272e-12
     3784.5000000000         6.9564535299e-12
     3784.7500000000         7.3455328946e-12
     3785.0000000000         7.2739082789e-12
     3785.2500000000         6.8088679993e-12
     3785.5000000000         6.4756975156e-12
     3785.7500000000         6.4632608555e-12
     3786.0000000000         6.4365824412e-12
     3786.2500000000         6.4919914539e-12
     3786.5000000000         6.4850938220e-12
     3786.7500000000         6.4121464369e-12
     3787.0000000000         6.4797397776e-12
     3787.2500000000         6.5679104173e-12
     3787.5000000000         6.5656575724e-12
     3787.7500000000         6.5002789890e-12
     3788.0000000000         6.4367035819e-12
     3788.2500000000         6.4100353447e-12
     3788.5000000000         6.4030203798e-12
     3788.7500000000         6.4863394476e-12
     3789.0000000000         6.4105825737e-12
     3789.2500000000         6.3695656196e-12
     3789.5000000000         6.3498377128e-12
     3789.7500000000         6.2113299048e-12
     3790.0000000000         6.2325795796e-12
     3790.2500000000         6.3010635081e-12
     3790.5000000000         6.2942473589e-12
     3790.7500000000         6.2117779265e-12
     3791.0000000000         6.1874099719e-12
     3791.2500000000         6.1605369938e-12
     3791.5000000000         6.1051333754e-12
     3791.7500000000         6.1789516059e-12
     3792.0000000000         6.2203809669e-12
     3792.2500000000         6.1609701417e-12
     3792.5000000000         6.1460612578e-12
     3792.7500000000         6.1412284305e-12
     3793.0000000000         6.2551996787e-12
     3793.2500000000         6.1069001089e-12
     3793.5000000000         6.0856313007e-12
     3793.7500000000         6.1002097142e-12
     3794.0000000000         5.9911817327e-12
     3794.2500000000         6.0976363490e-12
     3794.5000000000         6.2270330335e-12
     3794.7500000000         6.2563729758e-12
     3795.0000000000         6.0801417989e-12
     3795.2500000000         5.9835223065e-12
     3795.5000000000         5.9843275042e-12
     3795.7500000000         6.0202839982e-12
     3796.0000000000         6.0764810357e-12
     3796.2500000000         6.0177544464e-12
     3796.5000000000         6.1606421764e-12
     3796.7500000000         7.0477394305e-12
     3797.0000000000        10.6592606456e-12
     3797.2500000000        25.4730132881e-12
     3797.5000000000        71.8148267897e-12
     3797.7500000000       133.2130769978e-12
     3798.0000000000       129.7932966906e-12
     3798.2500000000        63.7767197265e-12
     3798.5000000000        17.2901839381e-12
     3798.7500000000         6.7565487996e-12
     3799.0000000000         5.7203000477e-12
     3799.2500000000         5.6640512301e-12
     3799.5000000000         5.5808812159e-12
     3799.7500000000         5.5696016068e-12
     3800.0000000000         5.6844647633e-12
e-12
