#"E (kev)" "Fv (kev/s/cm^2/kev)"
1.240700309077158e-07 3.5456952803198905e+21
1.2522207398840916e-07 3.611735795425399e+21
1.2638283682155016e-07 3.6790637790124604e+21
1.2755220613520696e-07 3.74779836029955e+21
1.2873005904515024e-07 3.8169964187024307e+21
1.2991626273059247e-07 3.887949806863501e+21
1.3112453065706595e-07 3.960581685846005e+21
1.3232725139474809e-07 4.0335582561702505e+21
1.335522399437199e-07 4.108186508669656e+21
1.3480012049947392e-07 4.1855780406961803e+21
1.360417005567059e-07 4.262701149736119e+21
1.373063644397032e-07 4.342813441721267e+21
1.3856380490028567e-07 4.4224044846870524e+21
1.3984448930085188e-07 4.504536258580204e+21
1.4114906815439796e-07 4.588863959375171e+21
1.4244550046810078e-07 4.6740578283602507e+21
1.437659686068549e-07 4.760937814836187e+21
1.4509417718128381e-07 4.849412054924883e+21
1.4644715640665228e-07 4.940357928237575e+21
1.4779038821645716e-07 5.031131513181162e+21
1.4915848870848257e-07 5.12485950396361e+21
1.505521549662854e-07 5.22091757519569e+21
1.519348896739111e-07 5.317205592364727e+21
1.5334325906280533e-07 5.416122391131856e+21
1.5475867644719446e-07 5.516959410418214e+21
1.562004669617472e-07 5.620076364794378e+21
1.5764934041641146e-07 5.724948649101647e+21
1.591049383274119e-07 5.830813057041923e+21
1.605668835352864e-07 5.938471272421554e+21
1.6205594423682836e-07 6.049107116206611e+21
1.6355131941433667e-07 6.161459927623796e+21
1.6507454883943029e-07 6.276506348085645e+21
1.6660404311496683e-07 6.393377082435e+21
1.6813935615627564e-07 6.512256202960288e+21
1.697032292541592e-07 6.633599100364051e+21
1.7127282013765298e-07 6.756858175862642e+21
1.728476329168512e-07 6.88166563026594e+21
1.7445167450466224e-07 7.010113400061356e+21
1.760607789239617e-07 7.139940845364054e+21
1.776998437520994e-07 7.273566097915855e+21
1.793437856428387e-07 7.408758681842413e+21
1.8099202174721489e-07 7.545522410501878e+21
1.826708346697818e-07 7.685911429634217e+21
1.8435368634133107e-07 7.828458127515469e+21
1.8606783279501472e-07 7.974794891036222e+21
1.877857286328376e-07 8.122342284202361e+21
1.895356414722209e-07 8.274281300042738e+21
1.9128897765605273e-07 8.428474246932437e+21
1.9304501463780272e-07 8.584057964793908e+21
1.948335912495537e-07 8.744087380464928e+21
1.9662445468734676e-07 8.905607174235939e+21
1.9844854591765164e-07 9.071541701324899e+21
2.0030679836570198e-07 9.241998193777929e+21
2.0213429603733432e-07 9.41146603291885e+21
2.040289934348229e-07 9.58857131904634e+21
2.058911896908659e-07 9.764630637029483e+21
2.078224973328573e-07 9.94837327661302e+21
2.0971945724766025e-07 1.0130913028142363e+22
2.1168747808857839e-07 1.0321844777405766e+22
2.136191992212738e-07 1.051122479190889e+22
2.1562396751427842e-07 1.0709365175008077e+22
2.1759037339129395e-07 1.0905731160673878e+22
2.196318479513468e-07 1.1111570919606041e+22
2.2163278118563024e-07 1.1314221255570701e+22
2.237108382757227e-07 1.152833883967061e+22
2.2578713540985587e-07 1.174329452694631e+22
2.278604791693587e-07 1.195864550638399e+22
2.299722537677772e-07 1.2182649394000682e+22
2.3208011767249495e-07 1.2406415708862831e+22
2.3422697924809479e-07 1.2636777086681623e+22
2.3641393084549503e-07 1.2873404664096685e+22
2.3859621328406886e-07 1.3110816375449766e+22
2.408191593705664e-07 1.335756528083994e+22
2.4303629952539824e-07 1.3605654115004545e+22
2.4529464394566194e-07 1.3860029934682524e+22
2.4754595153175537e-07 1.4117277908604673e+22
2.4983896678960086e-07 1.43793354495134e+22
2.5217485956852805e-07 1.4650529696195533e+22
2.5450262750300677e-07 1.4918001033807498e+22
2.568205980288052e-07 1.5191765715485148e+22
2.5923533411557833e-07 1.5482023169833562e+22
2.616407231288819e-07 1.5769353645584432e+22
2.640349668178672e-07 1.605789878601718e+22
2.664734340801456e-07 1.6356879542178491e+22
2.689573616035461e-07 1.666417079944979e+22
2.7142863904553885e-07 1.6967553372073228e+22
2.739457516178313e-07 1.7288512807300378e+22
2.765099864223664e-07 1.761172536673073e+22
2.790598985778583e-07 1.793903352337115e+22
2.815933520374848e-07 1.8265518600407508e+22
2.8423832968548866e-07 1.8608537967889171e+22
2.868671234860481e-07 1.8954338625337944e+22
2.895449962840509e-07 1.9308563532669503e+22
2.9220450048920346e-07 1.9667887564904332e+22
2.949133133057186e-07 2.003168238326114e+22
2.976014173847825e-07 2.03980980090318e+22
3.0041169711311335e-07 2.0788447088691743e+22
3.031273660095671e-07 2.1164927068750075e+22
3.0596801703505746e-07 2.1565244014691657e+22
3.0878554232880985e-07 2.196528792512562e+22
3.116554406121974e-07 2.237217209860844e+22
3.144994446329932e-07 2.2784230625651185e+22
3.1747704940561877e-07 2.3215774958572087e+22
3.203460648275647e-07 2.3639617812729793e+22
3.2335165730444563e-07 2.408403774871333e+22
3.263283295836818e-07 2.4527883386532422e+22
3.2936031565626706e-07 2.4984068692100906e+22
3.3236011494164423e-07 2.5446157476872105e+22
3.3550576232481283e-07 2.5928671023678395e+22
3.3861907998830734e-07 2.641099275833787e+22
3.41696587462726e-07 2.6894155723981374e+22
3.4492641342150627e-07 2.7402459060806145e+22
3.480225270903669e-07 2.790164426581717e+22
3.5127415319285333e-07 2.842496921767516e+22
3.5458711319724434e-07 2.8959830743776592e+22
3.578599103193418e-07 2.950132142426769e+22
3.610885649235035e-07 3.0035416842641823e+22
3.644830520203167e-07 3.059867268759267e+22
3.6783288143408183e-07 3.1164690176261222e+22
3.712448560972944e-07 3.1747684385272285e+22
3.7472072155758324e-07 3.234577761249987e+22
3.781470006330869e-07 3.2934326371283576e+22
3.816365146346226e-07 3.3546405880173173e+22
3.8519103044928846e-07 3.417753391631749e+22
3.886905730191598e-07 3.4799769183408443e+22
3.923783393665902e-07 3.546507717908233e+22
3.9601031250467857e-07 3.6123337683983246e+22
3.9958141999264346e-07 3.6776880310823185e+22
4.033486050315858e-07 3.7476987549727513e+22
4.070539071775453e-07 3.8166554273229274e+22
4.1082791691296625e-07 3.887945993389209e+22
4.146725631942373e-07 3.960715612006052e+22
4.1844867085232985e-07 4.033477832120407e+22
4.222941828036617e-07 4.107795715163411e+22
4.262110302566671e-07 4.1843250065210425e+22
4.302012167396526e-07 4.2627011497361186e+22
4.3411487371489084e-07 4.3407324879774565e+22
4.382551427330124e-07 4.423807040488858e+22
4.423174007405198e-07 4.506502353946779e+22
4.462950752076108e-07 4.588204971982066e+22
4.505084637171961e-07 4.67519611790113e+22
4.546355108380938e-07 4.761064342239145e+22
4.5883887170013237e-07 4.849442676347533e+22
4.631206827462329e-07 4.940407730810405e+22
4.6730708439817624e-07 5.0301311914922826e+22
4.717491669494897e-07 5.126227625127677e+22
4.760937486865533e-07 5.220921388567088e+22
4.80519097241347e-07 5.318558345709017e+22
4.848379480567245e-07 5.414558987612126e+22
4.894281298134746e-07 5.517488171797884e+22
4.939093587090598e-07 5.618945816263531e+22
4.984734066199911e-07 5.723653210983818e+22
5.031225908666497e-07 5.830721078634047e+22
5.078593160364953e-07 5.941004376892695e+22
5.124743118864758e-07 6.049605484836524e+22
5.171739512618416e-07 6.160884948536843e+22
5.219605843824813e-07 6.275763123265157e+22
5.268366492896637e-07 6.393086123102899e+22
5.318046759867801e-07 6.514237322621683e+22
5.366350817807777e-07 6.633334719745551e+22
5.415540415002872e-07 6.755532344872772e+22
5.465640128093207e-07 6.881255541019706e+22
5.516675451654772e-07 7.010117213410691e+22
5.568672841459416e-07 7.142807314163884e+22
5.61911371864655e-07 7.272830270827996e+22
5.670476732528144e-07 7.406455523374662e+22
5.722787403492427e-07 7.543767423293642e+22
5.776072202407626e-07 7.684581670927826e+22
5.830358595287397e-07 7.829994723088255e+22
5.882884348398094e-07 7.97158327463928e+22
5.939206840962939e-07 8.124902196577492e+22
5.993721299889652e-07 8.275485332396436e+22
6.049245778045626e-07 8.428746139086356e+22
6.105808607663179e-07 8.587300316862938e+22
6.160378893133854e-07 8.741788149283048e+22
6.219049168306556e-07 8.909075201737407e+22
6.275671770749408e-07 9.07177534642941e+22
6.333334911062573e-07 9.239599357580674e+22
6.392067537749397e-07 9.41146603291885e+22
6.451899683188549e-07 9.588483154005456e+22
6.512862514840725e-07 9.770804513643468e+22
6.571505874349354e-07 9.947143237503323e+22
6.631214906879519e-07 1.0128831845703872e+23
6.692018927061262e-07 1.0315126885408495e+23
6.753948334660632e-07 1.050753467386603e+23
6.81703466525911e-07 1.0704586684454591e+23
6.881310643800101e-07 1.0907536522454395e+23
6.946810241193494e-07 1.11155254184125e+23
7.009606265972645e-07 1.1317774207133055e+23
7.073547942287105e-07 1.1525004166500465e+23
7.138666910685604e-07 1.1737776281698374e+23
7.20499598767223e-07 1.1956955460900816e+23
7.272569220850868e-07 1.2183630420457574e+23
7.341421947202118e-07 1.2414961270034617e+23
7.407166024341242e-07 1.2637727491873091e+23
7.474098247452758e-07 1.2867541041898345e+23
7.546838862999744e-07 1.3119761967215646e+23
7.616330933561436e-07 1.3364743863339197e+23
7.687114678297137e-07 1.3612035748572809e+23
7.754376931732238e-07 1.3850065080335418e+23
7.827762202379546e-07 1.4110585793533265e+23
7.902549739344955e-07 1.438370327574543e+23
7.97365237196117e-07 1.4643427610321313e+23
8.046046102964707e-07 1.4911732965196528e+23
8.119766420662028e-07 1.5185746210895375e+23
8.194850126005006e-07 1.5470031666285766e+23
8.27133539384772e-07 1.5757729936335366e+23
8.349261837665936e-07 1.605757339227643e+23
8.428670577969822e-07 1.6366212221529505e+23
8.503771823695394e-07 1.6657136555859978e+23
8.586161308492443e-07 1.6980345651503698e+23
8.664108303611438e-07 1.729203052297068e+23
8.743483503010276e-07 1.760633978830599e+23
8.82432652259714e-07 1.7937225488687437e+23
8.906678457122455e-07 1.8274501743395757e+23
8.990581949834478e-07 1.861692764567201e+23
9.069446703780395e-07 1.8944706434912344e+23
9.156459845587882e-07 1.931367744667045e+23
9.238274825593135e-07 1.9658179916851106e+23
9.328573752459835e-07 2.0044536018714976e+23
9.413507656124112e-07 2.0410611115630683e+23
9.500002366593859e-07 2.0788584941341818e+23
9.588101306624096e-07 2.1174672735218234e+23
9.677849524782824e-07 2.1574897813533457e+23
9.761607467168827e-07 2.195057320708696e+23
9.85464899981857e-07 2.2370945872658243e+23
9.949481227563416e-07 2.280090044973579e+23
1.0038028390591892e-06 2.3212958748310843e+23
1.0128165788384964e-06 2.363034256714981e+23
1.0228361987445655e-06 2.4098792421558436e+23
1.032196596570015e-06 2.4541180973140766e+23
1.0417298984694862e-06 2.4996293964498843e+23
1.0514409398958968e-06 2.546367035893007e+23
1.0613347383038135e-06 2.5946450839501396e+23
1.0704920699544072e-06 2.639769402987327e+23
1.0807493981508345e-06 2.6905882969255556e+23
1.090246317291e-06 2.7382303520470696e+23
1.1008875856940178e-06 2.7917049501512982e+23
1.110743338475522e-06 2.8420065227585496e+23
1.1207771536379026e-06 2.8933464369137774e+23
1.1320258294499618e-06 2.951649671275144e+23
1.1424496400342154e-06 3.0062739990770186e+23
1.1530672017445707e-06 3.0624118129535496e+23
1.162793166895181e-06 3.114292272000152e+23
1.1737940483227605e-06 3.1737872975023645e+23
1.1850050707518223e-06 3.234604569301362e+23
1.195279681191867e-06 3.290773119713495e+23
1.2069069154447063e-06 3.3554033376955545e+23
1.2175665447273387e-06 3.414545587984842e+23
1.2296336066175994e-06 3.4830005359527556e+23
1.240700309077158e-06 3.5456952803198905e+23
1.2522207398840917e-06 3.6117357954253995e+23
1.2638283682155018e-06 3.67906377901246e+23
1.2755220613520694e-06 3.74779836029955e+23
1.2873005904515026e-06 3.8169964187024307e+23
1.2991626273059246e-06 3.887949806863501e+23
1.3112453065706595e-06 3.960581685846005e+23
1.323272513947481e-06 4.0335582561702505e+23
1.3355223994371992e-06 4.108186508669656e+23
1.3480012049947394e-06 4.1855780406961804e+23
1.3604170055670592e-06 4.262701149736119e+23
1.3730636443970317e-06 4.342813441721267e+23
1.3856380490028568e-06 4.4224044846870526e+23
1.398444893008519e-06 4.504536258580204e+23
1.4114906815439797e-06 4.588863959375171e+23
1.4244550046810078e-06 4.674057828360251e+23
1.4376596860685492e-06 4.760937814836187e+23
1.4509417718128384e-06 4.8494120549248826e+23
1.4644715640665227e-06 4.9403579282375745e+23
1.477903882164572e-06 5.031131513181162e+23
1.4915848870848259e-06 5.12485950396361e+23
1.5055215496628538e-06 5.22091757519569e+23
1.5193488967391111e-06 5.317205592364728e+23
1.5334325906280534e-06 5.416122391131857e+23
1.5475867644719446e-06 5.516480222851188e+23
1.562004669617472e-06 5.620076364794379e+23
1.5764934041641144e-06 5.724948649101647e+23
1.5910493832741191e-06 5.8308130570419234e+23
1.605668835352864e-06 5.938471272421554e+23
1.6205594423682838e-06 6.049107116206611e+23
1.6355131941433667e-06 6.161459927623796e+23
1.650745488394303e-06 6.276506348085645e+23
1.6660404311496684e-06 6.393377082435001e+23
1.6813935615627564e-06 6.512256202960287e+23
1.697032292541592e-06 6.633599100364051e+23
1.7127282013765295e-06 6.756858175862642e+23
1.728476329168512e-06 6.88166563026594e+23
1.7445167450466227e-06 7.010113400061357e+23
1.7606077892396168e-06 7.139940845364053e+23
1.7769984375209941e-06 7.273566097915855e+23
1.7934378564283869e-06 7.408758681842413e+23
1.8099202174721486e-06 7.545522410501877e+23
1.8267083466978182e-06 7.685911429634217e+23
1.8435368634133106e-06 7.82845812751547e+23
1.8606783279501468e-06 7.974794891036222e+23
1.877857286328376e-06 8.122342284202361e+23
1.8953564147222088e-06 8.274281300042738e+23
1.912889776560527e-06 8.428474246932437e+23
1.930450146378027e-06 8.584057964793907e+23
1.948335912495537e-06 8.744087380464927e+23
1.9662445468734675e-06 8.905607174235939e+23
1.9844854591765163e-06 9.0715417013249e+23
2.0030679836570197e-06 9.24199819377793e+23
2.0213429603733433e-06 9.41146603291885e+23
2.040289934348229e-06 9.58857131904634e+23
2.058911896908659e-06 9.764630637029484e+23
2.078224973328573e-06 9.948373276613022e+23
2.0971945724766024e-06 1.0130951276357913e+24
2.116874780885784e-06 1.0321844777405766e+24
2.1361919922127376e-06 1.0511224791908889e+24
2.156239675142784e-06 1.0709365175008078e+24
2.1759037339129394e-06 1.0905727347373516e+24
2.196318479513468e-06 1.1111570919606041e+24
2.216327811856302e-06 1.1314221255570701e+24
2.237108382757227e-06 1.1528338839670609e+24
2.2578713540985587e-06 1.1743294526946311e+24
2.2786047916935868e-06 1.1958645506383991e+24
2.299722537677772e-06 1.218264939400068e+24
2.3208011767249496e-06 1.240641570886283e+24
2.3422697924809475e-06 1.2636777086681623e+24
2.3641393084549505e-06 1.2873404664096686e+24
2.385962132840688e-06 1.3110816375449766e+24
2.408191593705664e-06 1.335756528083994e+24
2.4303629952539826e-06 1.3605654115004545e+24
2.4529464394566192e-06 1.3860029934682523e+24
2.4754595153175536e-06 1.4117277908604673e+24
2.498389667896009e-06 1.4379335449513399e+24
2.5217485956852803e-06 1.4650529696195532e+24
2.5450262750300675e-06 1.4918001033807496e+24
2.568205980288052e-06 1.5191765715485148e+24
2.5923533411557833e-06 1.5482023169833562e+24
2.616407231288819e-06 1.5769353645584432e+24
2.6403496681786724e-06 1.605789878601705e+24
2.6647343408014564e-06 1.6356879542178492e+24
2.6895736160354607e-06 1.6664170799449792e+24
2.714286390455388e-06 1.6967553372073227e+24
2.739457516178313e-06 1.7288512807300378e+24
2.765099864223664e-06 1.7611725366730732e+24
2.790598985778583e-06 1.793903352337115e+24
2.8159335203748477e-06 1.8265518600407508e+24
2.8423832968548867e-06 1.860853796788917e+24
2.868671234860481e-06 1.8954338625337943e+24
2.8954499628405087e-06 1.9308563532669505e+24
2.922045004892035e-06 1.9667887564904333e+24
2.9491331330571854e-06 2.0031682383261302e+24
2.976014173847824e-06 2.03980980090318e+24
3.004116971131133e-06 2.078844708869174e+24
3.0312736600956705e-06 2.1164927068750077e+24
3.059680170350575e-06 2.1565244014691657e+24
3.0878554232880982e-06 2.1965287925125618e+24
3.116554406121974e-06 2.237217209860844e+24
3.1449944463299315e-06 2.2784230625651183e+24
3.1747704940561875e-06 2.3215774958572084e+24
3.203460648275647e-06 2.3639617812729793e+24
3.233516573044457e-06 2.4084037748713328e+24
3.2632832958368175e-06 2.4527883386532425e+24
3.29360315656267e-06 2.4984068692100904e+24
3.3236011494164426e-06 2.544615747687211e+24
3.355057623248129e-06 2.592867102367839e+24
3.386190799883073e-06 2.641099275833787e+24
3.4169658746272594e-06 2.689415572398137e+24
3.449264134215063e-06 2.7402459060806144e+24
3.480225270903669e-06 2.790164426581717e+24
3.5127415319285334e-06 2.8424969217674925e+24
3.5458711319724436e-06 2.8959830743776593e+24
3.5785991031934176e-06 2.9501321424267695e+24
3.610885649235035e-06 3.0035416842641824e+24
3.6448305202031668e-06 3.0598672687592666e+24
3.6783288143408182e-06 3.116469017626122e+24
3.7124485609729446e-06 3.1747684385272285e+24
3.747207215575832e-06 3.234577761249987e+24
3.7814700063308684e-06 3.2934326371283576e+24
3.8163651463462256e-06 3.354640588017317e+24
3.851910304492885e-06 3.417753391631749e+24
3.886905730191597e-06 3.4799769183408444e+24
3.9237833936659015e-06 3.546507717908233e+24
3.960103125046786e-06 3.612333768398324e+24
3.995814199926435e-06 3.677688031082318e+24
4.033486050315858e-06 3.747698754972751e+24
4.070539071775453e-06 3.8166554273229273e+24
4.108279169129662e-06 3.8879459933891775e+24
4.146725631942373e-06 3.960715612006052e+24
4.184486708523299e-06 4.0334778321204067e+24
4.222941828036617e-06 4.107795715163411e+24
4.2621103025666715e-06 4.184325006521042e+24
4.302012167396526e-06 4.262701149736119e+24
4.341148737148908e-06 4.3407324879774566e+24
4.382551427330124e-06 4.423807040488858e+24
4.423174007405198e-06 4.5065023539467794e+24
4.462950752076108e-06 4.5882049719820663e+24
4.505084637171961e-06 4.6751961179011293e+24
4.546355108380938e-06 4.7610643422391447e+24
4.5883887170013235e-06 4.849442676347533e+24
4.631206827462329e-06 4.940407730810405e+24
4.6730708439817624e-06 5.030131191492282e+24
4.717491669494898e-06 5.126227625127678e+24
4.760937486865534e-06 5.220921388567089e+24
4.80519097241347e-06 5.318558345709017e+24
4.8483794805672445e-06 5.414558987612126e+24
4.894281298134746e-06 5.517488171797883e+24
4.939093587090597e-06 5.618945816263532e+24
4.984734066199912e-06 5.723653210983818e+24
5.031225908666497e-06 5.830721078634047e+24
5.078593160364953e-06 5.941004376892695e+24
5.124743118864759e-06 6.049605484836524e+24
5.171739512618416e-06 6.160884948536844e+24
5.219605843824813e-06 6.275763123265157e+24
5.268366492896637e-06 6.393086123102899e+24
5.318046759867801e-06 6.514237322621683e+24
5.366350817807777e-06 6.633334719745552e+24
5.415540415002873e-06 6.755532344872772e+24
5.465640128093207e-06 6.881255541019706e+24
5.516675451654771e-06 7.081417257474801e+24
5.568672841459417e-06 7.56025002675932e+24
5.619113718646549e-06 8.019875103981078e+24
5.6704767325281446e-06 8.483109744719694e+24
5.722787403492427e-06 8.950032856799891e+24
5.776072202407626e-06 9.420413507225355e+24
5.8303585952873965e-06 9.895398261337526e+24
5.882884348398094e-06 1.0350094176444792e+25
5.939206840962939e-06 1.0832969818454167e+25
5.9937212998896524e-06 1.129662726291603e+25
6.0492457780456266e-06 1.1762943396268027e+25
6.105808607663179e-06 1.2234581740735226e+25
6.160378893133853e-06 1.2685636082816485e+25
6.219049168306557e-06 1.3166004683707453e+25
6.275671770749409e-06 1.3625285846877502e+25
6.333334911062572e-06 1.408968773645579e+25
6.392067537749398e-06 1.455811339596382e+25
6.451899683188549e-06 1.5031707508321594e+25
6.512862514840725e-06 1.551062480279479e+25
6.571505874349353e-06 1.5967046806660518e+25
6.631214906879519e-06 1.6428836425906283e+25
6.692018927061262e-06 1.6895231212044606e+25
6.7539483346606315e-06 1.7367716915311516e+25
6.81703466525911e-06 1.7844887524466135e+25
6.8813106438001e-06 1.8327932585765743e+25
6.946810241193494e-06 1.8816003751172897e+25
7.009606265972644e-06 1.9281873193147496e+25
7.073547942287104e-06 1.975272911267677e+25
7.138666910685604e-06 2.022912186914702e+25
7.2049959876722295e-06 2.0711929026836608e+25
7.272569220850868e-06 2.120222891835142e+25
7.341421947202118e-06 2.169716790911802e+25
7.407166024341242e-06 2.216708594781419e+25
7.474098247452759e-06 2.2644068766273244e+25
7.546838862999745e-06 2.3159860889615596e+25
7.616330933561437e-06 2.3652032678475527e+25
7.687114678297138e-06 2.4146471160547617e+25
7.754376931732238e-06 2.46151634318977e+25
7.827762202379545e-06 2.5123631925636675e+25
7.902549739344956e-06 2.5644822774409055e+25
7.97365237196117e-06 2.61362012091817e+25
8.046046102964708e-06 2.663604545424391e+25
8.119766420662029e-06 2.714169154205136e+25
8.194850126005006e-06 2.7657634788765625e+25
8.27133539384772e-06 2.817700194415435e+25
8.349261837665935e-06 2.8708703227974854e+25
8.428670577969824e-06 2.9249139808357703e+25
8.503771823695394e-06 2.9753533060638446e+25
8.586161308492443e-06 3.0310488795148626e+25
8.664108303611439e-06 3.083744947494164e+25
8.743483503010276e-06 3.136732697551683e+25
8.82432652259714e-06 3.191370836528928e+25
8.906678457122455e-06 3.252890199026595e+25
8.99058194983448e-06 3.320278566617557e+25
9.069446703780395e-06 3.3836559697820434e+25
9.156459845587883e-06 3.453706176427982e+25
9.238274825593134e-06 3.518781469223611e+25
9.328573752459835e-06 3.5905842198881576e+25
9.413507656124113e-06 3.657824308729204e+25
9.500002366593858e-06 3.7262605204225327e+25
9.588101306624096e-06 3.795508450914543e+25
9.677849524782825e-06 3.866189532268718e+25
9.761607467168829e-06 3.931863269261822e+25
9.85464899981857e-06 4.0045505274448485e+25
9.949481227563417e-06 4.07822944568966e+25
1.0038028390591894e-05 4.147555780488556e+25
1.0128165788384964e-05 4.217423461925581e+25
1.0228361987445657e-05 4.294995961176607e+25
1.032196596570015e-05 4.367362883829555e+25
1.0417298984694862e-05 4.456101160341575e+25
1.0514409398958966e-05 4.549383071757353e+25
1.0613347383038135e-05 4.6442256976252575e+25
1.0704920699544073e-05 4.731710748989573e+25
1.0807493981508344e-05 4.829120828869587e+25
1.090246317291e-05 4.9191281232195004e+25
1.1008875856940179e-05 5.019198377037064e+25
1.1107433384755221e-05 5.111903905216468e+25
1.1207771536379025e-05 5.205638255987403e+25
1.1320258294499616e-05 5.310606405887024e+25
1.1424496400342155e-05 5.4076430573621705e+25
1.1530672017445707e-05 5.506218213697402e+25
1.162793166895181e-05 5.596308638025813e+25
1.1737940483227607e-05 5.69824790057691e+25
1.1850050707518224e-05 5.801550586851874e+25
1.1952796811918672e-05 5.895976837406509e+25
1.2069069154447062e-05 6.0030977432116635e+25
1.2175665447273385e-05 6.100506726359942e+25
1.2296336066175995e-05 6.211516490234005e+25
1.2407003090771581e-05 6.312501160271989e+25
1.2522207398840916e-05 6.450274443554139e+25
1.2638283682155017e-05 6.588547776996318e+25
1.2755220613520696e-05 6.727467947469932e+25
1.2873005904515024e-05 6.8660986974557915e+25
1.2991626273059245e-05 7.0057290200299536e+25
1.3112453065706594e-05 7.147042152964061e+25
1.3232725139474808e-05 7.2871313137788e+25
1.3355223994371992e-05 7.428952463953349e+25
1.3480012049947392e-05 7.5735051823306075e+25
1.3604170055670592e-05 7.716254520642251e+25
1.3730636443970319e-05 7.862035033120808e+25
1.3856380490028569e-05 8.005724437254443e+25
1.398444893008519e-05 8.152001096844271e+25
1.4114906815439796e-05 8.300477414273873e+25
1.424455004681008e-05 8.448287087658193e+25
1.4376596860685493e-05 8.597802564553043e+25
1.4509417718128382e-05 8.748142395398483e+25
1.4644715640665226e-05 8.900978279074057e+25
1.4779038821645717e-05 9.052116264460159e+25
1.4915848870848256e-05 9.20621079923641e+25
1.5055215496628541e-05 9.362657970814547e+25
1.519348896739111e-05 9.517825724939757e+25
1.5334325906280535e-05 9.675604430853666e+25
1.5475867644719448e-05 9.834099681329115e+25
1.5620046696174718e-05 1.0047135084055624e+26
1.5764934041641144e-05 1.0275034065221567e+26
1.591049383274119e-05 1.050231532593556e+26
1.605668835352864e-05 1.0729702809770894e+26
1.6205594423682837e-05 1.0960053218111046e+26
1.6355131941433668e-05 1.119052644562753e+26
1.650745488394303e-05 1.1423761989678038e+26
1.6660404311496683e-05 1.1657081554214874e+26
1.6813935615627565e-05 1.1890791126592747e+26
1.6970322925415922e-05 1.2126998309814035e+26
1.7127282013765297e-05 1.2363508288301752e+26
1.728476329168512e-05 1.2599831175127072e+26
1.7445167450466226e-05 1.2839900169186368e+26
1.760607789239617e-05 1.3079663176454482e+26
1.776998437520994e-05 1.3323257965657394e+26
1.7934378564283868e-05 1.3566812281774587e+26
1.8099202174721487e-05 1.3810226251195347e+26
1.826708346697818e-05 1.4057346719779062e+26
1.8435368634133105e-05 1.4304991936929518e+26
1.860678327950147e-05 1.4556408651385727e+26
1.877857286328376e-05 1.4807414638097861e+26
1.895356414722209e-05 1.5062890409156615e+26
1.9128897765605272e-05 1.5318930644275718e+26
1.930450146378027e-05 1.5574759091711723e+26
1.948335912495537e-05 1.583500905646885e+26
1.9662445468734677e-05 1.6095158187125725e+26
1.9844854591765163e-05 1.6359730326975377e+26
2.0030679836570197e-05 1.662894422227614e+26
2.021342960373343e-05 1.6893763451557652e+26
2.040289934348229e-05 1.716796532330751e+26
2.0589118969086592e-05 1.7437786847784684e+26
2.0782249733285726e-05 1.7810342367647312e+26
2.0971945724766023e-05 1.8252928241196622e+26
2.116874780885784e-05 1.8708787619528713e+26
2.1361919922127373e-05 1.9153508064570138e+26
2.156239675142784e-05 1.9611886739531163e+26
2.1759037339129394e-05 2.0058891070799458e+26
2.196318479513468e-05 2.052027755198936e+26
2.216327811856302e-05 2.0968886592025818e+26
2.2371083827572267e-05 2.14338500888341e+26
2.2578713540985585e-05 2.1894926097424443e+26
2.278604791693587e-05 2.235162809786615e+26
2.2997225376777723e-05 2.281702803050057e+26
2.3208011767249497e-05 2.3277365120690525e+26
2.3422697924809478e-05 2.3744638081495927e+26
2.3641393084549505e-05 2.421792741546533e+26
2.3859621328406886e-05 2.4687396075289117e+26
2.4081915937056637e-05 2.516647191365665e+26
2.4303629952539823e-05 2.564195696691451e+26
2.4529464394566193e-05 2.6123751659147894e+26
2.475459515317554e-05 2.6603723257699377e+26
2.498389667896009e-05 2.708856186585498e+26
2.5217485956852804e-05 2.7582595475618302e+26
2.545026275030068e-05 2.8068250518785252e+26
2.5682059802880522e-05 2.8555395755154474e+26
2.5923533411557836e-05 2.9064022474276577e+26
2.616407231288819e-05 2.9565007718200176e+26
2.6403496681786724e-05 3.006235451423899e+26
2.6647343408014564e-05 3.0570315137774745e+26
2.6895736160354605e-05 3.10866544428668e+26
2.7142863904553883e-05 3.15943214572724e+26
2.739457516178313e-05 3.211983167550808e+26
2.7650998642236638e-05 3.264752952654182e+26
2.790598985778583e-05 3.317462457164297e+26
2.815933520374848e-05 3.369623436053996e+26
2.8423832968548864e-05 3.423931699744424e+26
2.8686712348604812e-05 3.478027575170341e+26
2.8954499628405086e-05 3.532991329944281e+26
2.922045004892035e-05 3.587988413829677e+26
2.9491331330571855e-05 3.643457857421306e+26
2.9760141738478244e-05 3.69869023654954e+26
3.0041169711311335e-05 3.756842032048262e+26
3.0312736600956707e-05 3.8126221145583857e+26
3.059680170350574e-05 3.871310494405717e+26
3.087855423288099e-05 3.929474816286435e+26
3.1165544061219745e-05 4.028324136674976e+26
3.144994446329932e-05 4.162988659911592e+26
3.1747704940561877e-05 4.302205060494765e+26
3.203460648275647e-05 4.435471251831594e+26
3.233516573044457e-05 4.5734051750900035e+26
3.2632832958368175e-05 4.7087222259476405e+26
3.2936031565626704e-05 4.845254230194736e+26
3.3236011494164424e-05 4.979812259612666e+26
3.355057623248129e-05 5.1190262932742956e+26
3.386190799883073e-05 5.2556354974582484e+26
3.4169658746272596e-05 5.3897486083979056e+26
3.4492641342150625e-05 5.5290068097383005e+26
3.480225270903669e-05 5.6621414884544807e+26
3.5127415319285335e-05 5.8003208565863576e+26
3.5458711319724434e-05 5.939698604350749e+26
3.578599103193418e-05 6.077116186623808e+26
3.610885649235035e-05 6.211234621670231e+26
3.644830520203167e-05 6.350899582485123e+26
3.6783288143408185e-05 6.488237945278262e+26
3.712448560972944e-05 6.627316245041722e+26
3.747207215575832e-05 6.767908596092645e+26
3.781470006330868e-05 6.904970671767977e+26
3.816365146346226e-05 7.044427389376099e+26
3.851910304492884e-05 7.185768147154645e+26
3.8869057301915976e-05 7.32366263211692e+26
3.923783393665901e-05 7.468493983597616e+26
3.960103125046786e-05 7.610039442103659e+26
3.995814199926435e-05 7.748516201904547e+26
4.033486050315858e-05 7.894278984888836e+26
4.070539071775452e-05 8.036441651336379e+26
4.1082791691296624e-05 8.180926921702544e+26
4.1467256319423736e-05 8.326935125788657e+26
4.184486708523298e-05 8.470336912085588e+26
4.222941828036617e-05 8.615334567407975e+26
4.262110302566672e-05 8.762554008289018e+26
4.3020121673965253e-05 8.911669034771817e+26
4.341148737148909e-05 9.057848751074104e+26
4.382551427330124e-05 9.211730940773927e+26
4.423174007405198e-05 9.362631845696325e+26
4.462950752076108e-05 9.509955570407367e+26
4.505084637171961e-05 9.665207645559551e+26
4.546355108380938e-05 9.816770681828935e+26
4.588388717001324e-05 9.97087111153653e+26
4.631206827462329e-05 1.0127585841719414e+27
4.673070843981763e-05 1.0280476691475958e+27
4.717491669494897e-05 1.044237712812331e+27
4.7609374868655334e-05 1.0600312637321565e+27
4.8051909724134705e-05 1.0761218281988901e+27
4.8483794805672445e-05 1.0917905268945366e+27
4.894281298134746e-05 1.1084181307655877e+27
4.9390935870905965e-05 1.124637262357721e+27
4.984734066199911e-05 1.1411886800180126e+27
5.0312259086664966e-05 1.1579806004177932e+27
5.078593160364953e-05 1.1750969466634743e+27
5.1247431188647585e-05 1.1917829404197064e+27
5.1717395126184165e-05 1.2087462946617691e+27
5.219605843824813e-05 1.226071649089498e+27
5.268366492896637e-05 1.243644708690826e+27
5.318046759867801e-05 1.2616057747719365e+27
5.366350817807777e-05 1.2791053309356067e+27
5.415540415002872e-05 1.296910768844117e+27
5.465640128093207e-05 1.3150841530524833e+27
5.516675451654771e-05 1.3335738777587197e+27
5.568672841459417e-05 1.3524483492910697e+27
5.6191137186465493e-05 1.37079203258433e+27
5.6704767325281444e-05 1.3895044490688055e+27
5.722787403492426e-05 1.4085966182481545e+27
5.776072202407626e-05 1.4280400704833092e+27
5.830358595287397e-05 1.4479510199232766e+27
5.882884348398094e-05 1.4672162419789366e+27
5.939206840962939e-05 1.4879324164813757e+27
5.993721299889652e-05 1.5081045795837764e+27
6.049245778045627e-05 1.5285571876987863e+27
6.10580860766318e-05 1.5495487595214843e+27
6.160378893133854e-05 1.5698657280145915e+27
6.219049168306556e-05 1.593169455528779e+27
6.275671770749408e-05 1.6384218280910388e+27
6.333334911062573e-05 1.684032359491638e+27
6.392067537749397e-05 1.7296148924952096e+27
6.451899683188549e-05 1.7753969592395012e+27
6.512862514840725e-05 1.821465376789633e+27
6.571505874349354e-05 1.8650970251393373e+27
6.631214906879519e-05 1.9088646426690018e+27
6.692018927061263e-05 1.9528021766602718e+27
6.753948334660632e-05 1.9971520875276031e+27
6.81703466525911e-05 2.041484776511766e+27
6.8813106438001e-05 2.0860015269189323e+27
6.946810241193494e-05 2.1307008512051069e+27
7.009606265972643e-05 2.1731179623333366e+27
7.073547942287104e-05 2.215734472657947e+27
7.138666910685605e-05 2.2583412093008809e+27
7.20499598767223e-05 2.301382656176669e+27
7.272569220850867e-05 2.3445670172302732e+27
7.341421947202118e-05 2.387781740232933e+27
7.407166024341242e-05 2.428682714516146e+27
7.47409824745276e-05 2.469825501066094e+27
7.546838862999744e-05 2.51371872396227e+27
7.616330933561437e-05 2.5552642184023595e+27
7.687114678297137e-05 2.5970665459504205e+27
7.754376931732237e-05 2.636221363484765e+27
7.827762202379545e-05 2.6784304164075883e+27
7.902549739344956e-05 2.7207883866837805e+27
7.97365237196117e-05 2.7604658409584357e+27
8.046046102964707e-05 2.8006020488910046e+27
8.119766420662029e-05 2.841046054761638e+27
8.194850126005006e-05 2.8816159938005297e+27
8.27133539384772e-05 2.922351820787473e+27
8.349261837665935e-05 2.963378485853368e+27
8.428670577969823e-05 3.0046549986753434e+27
8.503771823695394e-05 3.043249042497907e+27
8.586161308492443e-05 3.085292115998018e+27
8.664108303611439e-05 3.1244118521045307e+27
8.743483503010275e-05 3.1637774413330964e+27
8.824326522597141e-05 3.203453847714848e+27
8.906678457122455e-05 3.2434021008000814e+27
8.990581949834478e-05 3.283581208122562e+27
9.069446703780395e-05 3.321188785345245e+27
9.156459845587883e-05 3.3619545463815785e+27
9.238274825593135e-05 3.399800959442509e+27
9.328573752459834e-05 3.441437200339175e+27
9.413507656124112e-05 3.4799122382631436e+27
9.50000236659386e-05 3.518706067882405e+27
9.588101306624096e-05 3.558250472695082e+27
9.677849524782824e-05 3.597440023642134e+27
9.761607467168827e-05 3.634108009224582e+27
9.85464899981857e-05 3.67449285523431e+27
9.949481227563417e-05 3.714342918932329e+27
0.00010038028390591894 3.752130199093539e+27
0.00010128165788384963 3.789773462493966e+27
0.00010228361987445656 3.831619339605445e+27
0.0001032196596570015 3.869662249182863e+27
0.00010417298984694862 3.9086816047931516e+27
0.00010514409398958965 3.9476978744960207e+27
0.00010613347383038135 3.987709597678358e+27
0.00010704920699544072 4.023776399907258e+27
0.00010807493981508344 4.0640917906981277e+27
0.0001090246317291 4.1004732709518133e+27
0.00011008875856940179 4.1417368449532403e+27
0.0001110743338475522 4.1794753632505864e+27
0.00011207771536379025 4.217852595003532e+27
0.00011320258294499617 4.260080148763073e+27
0.00011424496400342156 4.298987743631526e+27
0.00011530672017445707 4.3378700579737613e+27
0.00011627931668951809 4.374175121556173e+27
0.00011737940483227608 4.414453284671131e+27
0.00011850050707518224 4.454757458230308e+27
0.0001195279681191867 4.492180185894472e+27
0.00012069069154447063 4.5330494715845816e+27
0.00012175665447273385 4.5711434496296473e+27
0.00012296336066175997 4.613403664435863e+27
0.0001240700309077158 4.6551095255402235e+27
0.0001243186682442042 4.670495535756251e+27
0.0001248189445751668 4.6983326973643687e+27
0.00012532326354314729 4.7491413008144817e+27
0.00012583167434859614 4.8146211673753873e+27
0.00012634422699360061 4.9199589966080723e+27
0.0001268609722982779 5.298997644577115e+27
0.0001273819619175727 6.338064268315333e+27
0.0001279072483584699 7.450391801562163e+27
0.0001284368849976354 7.151892606168668e+27
0.00012897092609949666 5.068424059506164e+27
0.0001295094268347764 5.03739976638412e+27
0.00013005244329949246 5.046950067778035e+27
0.00013060003253443769 5.04854514173885e+27
0.0001311522525451541 5.083639290514962e+27
0.00013170916232241593 5.143144094512962e+27
0.00013227082186323646 5.21183724047026e+27
0.0001328372921924152 5.233777988374581e+27
0.00013340863538464063 5.305021966421467e+27
0.0001339849145871661 5.400274637287117e+27
0.00013456619404307571 5.365188589748514e+27
0.00013515253911515883 5.367863071885997e+27
0.00013574401631041117 5.52384389312477e+27
0.0001363406933051822 5.674869530353736e+27
0.00013694263897098873 5.585891881277927e+27
0.00013754992340101529 5.493114589258974e+27
0.00013816261793732273 5.540432298505043e+27
0.00013878079519878727 5.589652288389315e+27
0.00013940452910979302 5.629391552491574e+27
0.00014003389492970182 5.643496979194844e+27
0.00014066896928312448 5.702413627174488e+27
0.00014130983019102028 5.836769924273985e+27
0.00014195655710264968 5.943143407611474e+27
0.00014260923092840897 5.869142120399338e+27
0.00014326793407357484 5.899737086854981e+27
0.00014393275047298816 5.92157233610655e+27
0.0001446037656267084 5.940966932818534e+27
0.00014528106663666955 5.984566409965547e+27
0.00014596474224437152 6.018463509756699e+27
0.00014665488286964043 6.073669176066621e+27
0.00014735158065049382 6.147940475888466e+27
0.00014805492948414772 6.20058566128936e+27
0.0001487650250692036 6.213705145217619e+27
0.0001494819649490552 6.2530721751329e+27
0.00015020584855655666 6.30205758223468e+27
0.00015093677725999487 6.357144557260909e+27
0.0001516748544104105 6.427606115022004e+27
0.00015242018539031425 6.501906219798883e+27
0.00015317287766384669 6.555080609612568e+27
0.00015393304082843152 6.704417064908007e+27
0.0001547007866679748 6.796918471478564e+27
0.0001554762292076639 6.697955818006231e+27
0.00015625948477042292 6.716372501025497e+27
0.00015705067203508329 6.768391162633179e+27
0.00015784991209633054 6.827112062283581e+27
0.00015865732852649077 6.890660188971128e+27
0.0001594730474392234 6.95573745653954e+27
0.00016029719755518835 7.010704159422208e+27
0.00016112991026976078 7.077150485955283e+27
0.00016197131972286657 7.142450641349941e+27
0.00016282156287101808 7.184621118245744e+27
0.00016368077956163034 7.27936023276478e+27
0.00016454911260970265 7.57222091612209e+27
0.0001654267078769544 8.498291514476619e+27
0.00016631371435350646 9.57259689652446e+27
0.00016721028424220458 8.76665114253199e+27
0.00016811657304568537 7.606219692697712e+27
0.00016903273965628856 7.64022947200396e+27
0.00016995894644892577 7.722661715249532e+27
0.00017089535937701898 7.909161155735857e+27
0.00017184214807162854 8.255022848954226e+27
0.00017279948594389389 8.349127490694097e+27
0.0001737675502909185 8.01968073020304e+27
0.00017474652240523353 8.11768083044442e+27
0.0001757365876879827 8.199460185674476e+27
0.0001767379357659769 8.40735043839971e+27
0.00017775076061277335 9.626781951678851e+27
0.0001787752606739421 1.161828066926152e+28
0.00017981163899668956 9.412325896493921e+27
0.00018086010336401721 8.594340738054331e+27
0.00018192086643360088 8.63762041320318e+27
0.00018299414588158672 8.777954350257045e+27
0.00018408016455150712 8.83968746484822e+27
0.00018517915060853107 8.896091173939385e+27
0.00018629133769927297 9.039257992835186e+27
0.0001874169651173955 9.050697730307711e+27
0.00018855627797525196 9.17307473735827e+27
0.00018970952738182843 9.414088530786595e+27
0.0001908769706272551 9.423842112008044e+27
0.00019205887137417306 9.412621711136261e+27
0.00019325549985625513 9.502512294943976e+27
0.00019416280267248168 9.577094245113292e+27
0.00019477241900740314 9.627330046364778e+27
0.00019538587544522173 9.680943086437897e+27
0.00019600320838501707 9.745312871490358e+27
0.00019662445468734675 9.828115785456103e+27
0.00019724965168158314 9.924158855923324e+27
0.00019787883717339042 9.979531312797861e+27
0.0001985120494523453 1.0024973417997919e+28
0.00019914932729970432 1.0063439160153347e+28
0.00019979070999632173 1.007632310737269e+28
0.0002004362373307202 1.0096298865944805e+28
0.00020108594960731896 1.0149569969617917e+28
0.00020173988765482244 1.0207531302196401e+28
0.00020239809283477292 1.0274361317870832e+28
0.00020306060705027138 1.0342987346727089e+28
0.00020372747275486996 1.0396485052289736e+28
0.00020439873296164052 1.0435806082485192e+28
0.00020507443125242282 1.048995585952936e+28
0.00020575461178725673 1.0558462166613086e+28
0.000206439319314003 1.0658717470638559e+28
0.00020712859917815658 1.0842567820526826e+28
0.0002078224973328573 1.1098621197531318e+28
0.00020852106034910219 1.1259394705853806e+28
0.0002092243354261649 1.1258785427192252e+28
0.00020993237040222638 1.130059897585148e+28
0.00021064521376522205 1.132212912833584e+28
0.00021136291466391106 1.1156128781873414e+28
0.0002120855229191723 1.1109391015948169e+28
0.0002128130890355331 1.1177210457830795e+28
0.000213545664212936 1.1243064350215914e+28
0.00021428330035874922 1.1295267593451939e+28
0.00021502605010002737 1.1351901121340527e+28
0.00021577396679602745 1.1424679447609796e+28
0.00021652710455098744 1.1512064231095113e+28
0.00021728551822717304 1.1609170591199977e+28
0.0002180492634582 1.1673876166307664e+28
0.00021881839666263808 1.1757431265756652e+28
0.00021959297505790405 1.1871924251827442e+28
0.00022037305667445078 1.2070387386631446e+28
0.00022115870037025991 1.2656655749507279e+28
0.00022194996584564544 1.3621923691771419e+28
0.00022274691365837667 1.4068206178281327e+28
0.00022354960523912758 1.3298856407582569e+28
0.00022435810290726186 1.2299083527530656e+28
0.00022517246988696153 1.2328893662633854e+28
0.0002259927703237082 1.2421721657632473e+28
0.00022681906930112578 1.2562704193414764e+28
0.00022765143285819413 1.2670762523476268e+28
0.00022848992800684312 1.2666281214142262e+28
0.00022933462274993678 1.2646235410277628e+28
0.00023018558609965825 1.2723164694073549e+28
0.00023104288809630503 1.280482146632688e+28
0.00023190659982750617 1.287803250710134e+28
0.00023277679344787204 1.2954439640295146e+28
0.00023365354219908812 1.3048267990203093e+28
0.00023453692043046465 1.3163364016444734e+28
0.00023542700361995408 1.3294830770030584e+28
0.00023632386839564913 1.3452467078739128e+28
0.00023722759255777402 1.3655565486858404e+28
0.00023813825510118195 1.3699659111815165e+28
0.0002390559362383734 1.3586829569251891e+28
0.00023998071742304796 1.3676748455958521e+28
0.00024091268137420543 1.3854149441609612e+28
0.00024185191210081053 1.406277672166749e+28
0.00024279849492703682 1.4115323331485282e+28
0.0002437525165181057 1.4029060791390312e+28
0.00024471406490673725 1.4093884718860743e+28
0.00024568322952022933 1.4185549648860206e+28
0.0002466601012081825 1.4300348805336702e+28
0.0002476447722708898 1.4412479639724504e+28
0.0002486373364884084 1.4492788771521683e+28
0.0002496378891503336 1.457786442025235e+28
0.00025064652708629457 1.4680779530597647e+28
0.0002516633486971923 1.479507861004688e+28
0.00025268845398720123 1.492912543231766e+28
0.0002537219445965558 1.506724538601167e+28
0.0002547639238351454 1.52070850535486e+28
0.0002558144967169398 1.530011145673137e+28
0.0002568737699952708 1.5437263998832227e+28
0.0002579418521989933 1.5838090787409395e+28
0.0002590188536695528 1.714777541044884e+28
0.0002601048865989849 1.9428918094985379e+28
0.00026120006506887537 1.9961992204209116e+28
0.0002623045050903082 1.7136335225707175e+28
0.00026341832464483187 1.6277621041411995e+28
0.0002645416437264729 1.6360094670108173e+28
0.0002656745843848304 1.6924086440958252e+28
0.00026681727076928127 1.756130777118712e+28
0.0002679698291743322 1.7109355389106033e+28
0.00026913238808615143 1.6621479752183896e+28
0.00027030507823031766 1.6727447711970928e+28
0.00027148803262082234 1.6850467888151128e+28
0.0002726813866103644 1.6984071077034486e+28
0.00027388527794197746 1.7142628393195079e+28
0.00027509984680203057 1.7322041141712322e+28
0.00027632523587464545 1.7430643437565167e+28
0.00027756159039757453 1.7523576576203464e+28
0.00027880905821958603 1.7662519758919422e+28
0.00028006778985940363 1.783773927091568e+28
0.00028133793856624896 1.8111491218218268e+28
0.00028261966038204057 1.8341729576015996e+28
0.00028391311420529936 1.8366320343797938e+28
0.00028521846185681793 1.8442842056589364e+28
0.0002865358681471497 1.8640054032550188e+28
0.0002878655009459763 1.9138757489426962e+28
0.0002892075312534168 1.9698076570415075e+28
0.0002905621332733391 1.9478994472769212e+28
0.00029192948448874303 1.9404387001747408e+28
0.00029330976573928086 2.008326977484911e+28
0.00029470316130098765 2.0580196052890245e+28
0.00029610985896829544 1.9916220416681353e+28
0.0002975300501384072 1.991856587033993e+28
0.0002989639298981104 2.018593631034345e+28
0.0003004116971131133 2.0359773342925357e+28
0.00030187355451998974 2.0735030938923464e+28
0.000303349708820821 2.1151207176350643e+28
0.0003048403707806285 2.204179850577551e+28
0.00030634575532769337 2.4611637689746652e+28
0.00030786608165686303 2.385046499448541e+28
0.0003094015733359496 2.1669753107365097e+28
0.0003109524584153278 2.140460269703611e+28
0.00031251896954084585 2.1639383340221855e+28
0.00031410134407016657 2.193723499805289e+28
0.0003156998241926611 2.20101661627064e+28
0.00031731465705298154 2.2170480924164546e+28
0.0003189460948784468 2.2390107383488707e+28
0.0003205943951103767 2.2561446132951542e+28
0.00032225982053952156 2.277511871722e+28
0.00032394263944573315 2.2997995922663914e+28
0.00032564312574203617 2.3272214655045037e+28
0.0003273615591232607 2.3520603497684956e+28
0.0003290982252194053 2.3705503744620914e+28
0.0003308534157539088 2.4249845804942797e+28
0.0003326274287070129 2.470424495143906e+28
0.00033442056848440916 2.4426213476658066e+28
0.00033623314609137074 2.469029420013338e+28
0.0003380654793125771 2.477219666392036e+28
0.00033991789289785154 2.499785767094901e+28
0.00034179071875403797 2.5262186014798662e+28
0.0003436842961432571 2.5491705634774896e+28
0.00034559897188778777 2.583461923472114e+28
0.000347535100581837 2.626321861509309e+28
0.00034949304481046706 2.7064476971288774e+28
0.0003514731753759654 2.7218131495900796e+28
0.0003534758715319538 2.690364031687002e+28
0.0003555015212255467 2.7426246756300043e+28
0.0003575505213478842 2.758513255156782e+28
0.0003596232779933791 2.765472343984273e+28
0.00036172020672803443 2.797887907725551e+28
0.00036384173286720177 2.828468325164712e+28
0.00036598829176317344 2.852904533298844e+28
0.00036816032910301423 2.887313200588549e+28
0.00037035830121706214 2.922583396400358e+28
0.00037258267539854595 2.961932528017923e+28
0.000374833930234791 3.098399423702147e+28
0.0003771125559505039 3.2405486749081583e+28
0.00037941905476365686 3.067021086201176e+28
0.0003817539412545102 3.0883430629094034e+28
0.0003841177427483461 3.1152255582525117e+28
0.00038651099971251027 3.1491808779423386e+28
0.00038832560534496336 3.1754199638084465e+28
0.0003895448380148063 3.196933324474572e+28
0.00039077175089044345 3.2210226668689455e+28
0.00039200641677003415 3.258016015694404e+28
0.0003932489093746935 3.3166715317412526e+28
0.00039449930336316627 3.3666108795948965e+28
0.00039575767434678083 3.37462982007305e+28
0.0003970240989046906 3.3928613170754807e+28
0.00039829865459940864 3.5633061853570998e+28
0.00039958141999264346 3.968689163599988e+28
0.0004008724746614404 4.423468756420885e+28
0.0004021718992146379 4.573019047786096e+28
0.00040347977530964487 4.148906510785574e+28
0.00040479618566954584 3.4774771196144816e+28
0.00040612121410054275 3.4671277012608093e+28
0.0004074549455097399 3.4898204975711457e+28
0.00040879746592328105 3.503294052224081e+28
0.00041014886250484564 3.5156772106095415e+28
0.00041150922357451346 3.519547594823556e+28
0.000412878638628006 3.5391171112233324e+28
0.00041425719835631316 3.560117949121623e+28
0.0004156449946657146 3.5816093527920504e+28
0.00041704212069820437 3.6040543378948776e+28
0.0004184486708523298 3.6292364989806856e+28
0.00041986474080445276 3.659051516829555e+28
0.0004212904275304441 3.6871775798974327e+28
0.0004227258293278221 3.7031180733879023e+28
0.0004241710458383446 3.717836490696935e+28
0.0004256261780710662 3.7416353347584656e+28
0.000427091328425872 3.773073706507931e+28
0.00042856660071749844 3.820942087129561e+28
0.00043005210020005474 3.8801347163975377e+28
0.0004315479335920549 3.893549007719069e+28
0.0004330542091019749 3.9000634612504787e+28
0.0004345710364543461 3.917805863609441e+28
0.0004360985269164 4.005960595063599e+28
0.00043763679332527617 4.197135248437747e+28
0.0004391859501158081 4.350340803359887e+28
0.00044074611334890155 4.284160276711938e+28
0.00044231740074051983 4.06358596939681e+28
0.0004438999316912909 4.048601401730548e+28
0.00044549382731675334 4.063514011456719e+28
0.00044709921047825517 4.09040996845515e+28
0.0004487162058145237 4.1251540949015266e+28
0.00045034493977392305 4.1475408272692814e+28
0.0004519855406474164 4.177509934007827e+28
0.00045363813860225155 4.196077054456342e+28
0.00045530286571638826 4.227882112876285e+28
0.00045697985601368625 4.272565962000107e+28
0.00045866924549987356 4.325040292952179e+28
0.0004603711721993165 4.354991433674744e+28
0.00046208577619261007 4.357916776562536e+28
0.00046381319965501234 4.363560555061788e+28
0.0004655535868957441 4.406179013134601e+28
0.00046730708439817625 4.435627510506055e+28
0.0004690738408609293 4.491877336805451e+28
0.00047085400723990815 4.610548752059136e+28
0.00047264773679129825 4.744093572332518e+28
0.00047445518511554804 4.704401996954928e+28
0.0004762765102023639 4.629235930954337e+28
0.0004781118724767468 4.616708297232273e+28
0.0004799614348460959 4.651745183458565e+28
0.00048182536274841086 4.698450184989344e+28
0.00048370382420162106 4.736944350414167e+28
0.00048559698985407363 4.769930843246223e+28
0.0004875050330362114 4.772846914155589e+28
0.0004894281298134745 4.805975263106498e+28
0.0004913664590404587 4.823543781396331e+28
0.000493320202416365 4.872664545140979e+28
0.0004952895445417796 4.906897067706447e+28
0.0004972746729768168 4.928940785479059e+28
0.0004992757783006672 4.985416229829702e+28
0.0005012930541725891 5.027116355283147e+28
0.0005033266973943845 5.085241350708313e+28
0.0005053769079744025 5.121231959599401e+28
0.0005074438891931116 5.131295071966214e+28
0.0005095278476702908 5.167916760722421e+28
0.0005116289934338796 5.215390236464365e+28
0.0005137475399905416 5.24702288296932e+28
0.0005158837043979866 5.288924504935236e+28
0.0005180377073391056 5.329840320611958e+28
0.0005202097731979698 5.375249873955105e+28
0.0005224001301377507 5.423231304650452e+28
0.0005246090101806164 5.457949924530752e+28
0.0005268366492896637 5.551594579919866e+28
0.0005290832874529458 5.640064847877987e+28
0.0005313491687696608 5.617192025701657e+28
0.0005336345415385625 5.620891833805272e+28
0.0005359396583486644 5.67809618711179e+28
0.0005382647761723029 5.712541970815215e+28
0.0005406101564606353 5.745861761691979e+28
0.0005429760652416447 5.78833131722569e+28
0.0005453627732207288 5.830805601349564e+28
0.0005477705558839549 5.884227843136929e+28
0.0005501996936040611 5.930519117166964e+28
0.0005526504717492909 5.960881281922518e+28
0.0005551231807951491 6.007335643123405e+28
0.0005576181164391721 6.066646660877273e+28
0.0005601355797188073 6.133776901754441e+28
0.0005626758771324979 6.222924267069918e+28
0.0005652393207640811 6.44702939374433e+28
0.0005678262284105987 6.567337458514529e+28
0.0005704369237136359 6.443804082842146e+28
0.0005730717362942994 6.495344218110229e+28
0.0005757310018919526 6.489546855851137e+28
0.0005784150625068336 6.48363444724651e+28
0.0005811242665466782 6.52440036078041e+28
0.0005838589689774861 6.594801458728903e+28
0.0005866195314785617 6.672644523341975e+28
0.0005894063226019753 6.721844759449026e+28
0.0005922197179365909 6.774808751146365e+28
0.0005950601002768144 6.82857458599394e+28
0.0005979278597962208 6.883763542656373e+28
0.0006008233942262266 6.947052053318428e+28
0.0006037471090399795 6.993655928485786e+28
0.000606699417641642 7.027841710715211e+28
0.000609680741561257 7.184156188106807e+28
0.0006126915106553867 7.182733562072897e+28
0.0006157321633137261 7.226614508546039e+28
0.0006188031466718993 7.290127016298518e+28
0.0006219049168306556 7.355500718368423e+28
0.0006250379390816917 7.4214160974182586e+28
0.0006282026881403331 7.491860404768603e+28
0.0006313996483853221 7.569876289887736e+28
0.0006346293141059631 7.668808627618105e+28
0.0006378921897568936 7.781217622640525e+28
0.0006411887902207534 7.813764784754864e+28
0.0006445196410790431 7.84914559017452e+28
0.0006478852788914663 7.936505516453985e+28
0.0006512862514840723 8.02668632651942e+28
0.0006547231182465214 8.154870247590955e+28
0.0006581964504388106 8.666682120732085e+28
0.0006617068315078176 9.930900512014718e+28
0.0006652548574140258 1.0385812547871154e+29
0.0006688411369688183 9.317518745518515e+28
0.0006724662921827415 8.516983318504623e+28
0.0006761309586251542 8.56118259444747e+28
0.0006798357857957031 8.665559461653338e+28
0.0006835814375080759 8.765921523573998e+28
0.0006873685922865142 8.824329763469282e+28
0.0006911979437755755 8.902652475253962e+28
0.000695070201163674 8.997124493429896e+28
0.0006989860896209341 9.117513707110157e+28
0.0007029463507519308 9.19859467246668e+28
0.0007069517430639076 9.277172469101719e+28
0.0007110030424510934 9.395595588380215e+28
0.0007151010426957684 9.501717203875782e+28
0.0007192465559867583 9.594215302116315e+28
0.0007234404134560689 9.696904808761849e+28
0.0007276834657344035 9.872672589750931e+28
0.0007319765835263469 1.0057226249630943e+29
0.0007363206582060285 1.0062502272323321e+29
0.0007407166024341243 1.0104983128396949e+29
0.0007451653507970919 1.0205198613865203e+29
0.000749667860469582 1.0326907040922945e+29
0.0007542251119010079 1.0418124530880302e+29
0.0007588381095273137 1.0548743540564952e+29
0.0007635078825090204 1.0666212775987604e+29
0.0007682354854966923 1.0755607605138371e+29
0.0007730219994250205 1.0906364596415575e+29
0.0007766512106899267 1.1001488771096217e+29
0.0007790896760296126 1.1062434625661833e+29
0.0007815435017808869 1.1074331571341207e+29
0.0007840128335400683 1.1229999466292482e+29
0.000786497818749387 1.1357539438526153e+29
0.0007889986067263325 1.1422142436253298e+29
0.0007915153486935617 1.146930288375095e+29
0.0007940481978093812 1.146677861900243e+29
0.0007965973091988173 1.1451403652074982e+29
0.0007991628399852869 1.1577133073699371e+29
0.0008017449493228808 1.1635606324531938e+29
0.0008043437984292758 1.1657200337526148e+29
0.0008069595506192897 1.1755597292952337e+29
0.0008095923713390917 1.1800312796600285e+29
0.0008122424282010855 1.186148774903515e+29
0.0008149098910194798 1.1958325623559758e+29
0.0008175949318465621 1.1992665714446954e+29
0.0008202977250096913 1.2068841182392554e+29
0.0008230184471490269 1.2156337210921595e+29
0.000825757277256012 1.2231867917384816e+29
0.0008285143967126263 1.2358449350128132e+29
0.0008312899893314292 1.2518402015902351e+29
0.0008340842413964087 1.2702894075026652e+29
0.0008368973417046597 1.293533478328525e+29
0.0008397294816089055 1.3213025140991815e+29
0.0008425808550608882 1.3198397136286392e+29
0.0008454516586556442 1.2937505880352614e+29
0.0008486322223509972 1.2892920278600463e+29
0.0008515444811785574 1.2942164679170159e+29
0.000854182656851744 1.2978099674670392e+29
0.0008571332014349969 1.3039648984759088e+29
0.0008601042004001095 1.3125433625785253e+29
0.0008630958671841098 1.3225161841520496e+29
0.0008661084182039498 1.3353841730629506e+29
0.0008691420729086922 1.3480990445973516e+29
0.0008721970538328 1.3522237511423123e+29
0.0008752735866505523 1.3552822695059315e+29
0.0008783719002316162 1.3628133576420932e+29
0.0008814922266978031 1.3721637475585089e+29
0.0008846348014810397 1.3813448865434313e+29
0.0008877998633825818 1.3906959406539928e+29
0.0008909876546335067 1.4006125320359477e+29
0.0008941984209565103 1.412716224463542e+29
0.0008974324116290475 1.4266864390722829e+29
0.0009006898795478461 1.4339115624109519e+29
0.0009039710812948328 1.4373650084252256e+29
0.0009072762772045031 1.4453927690115513e+29
0.0009106057314327765 1.454902671689732e+29
0.0009139597120273725 1.4651862494477298e+29
0.0009173384909997471 1.4764289281121982e+29
0.000920742344398633 1.49026994395254e+29
0.0009241715523852201 1.5009516447941178e+29
0.0009276263993100247 1.5065086838037338e+29
0.0009311071737914882 1.514766880005473e+29
0.0009346141687963525 1.525510743241392e+29
0.0009381476817218586 1.5375350656902214e+29
0.0009417080144798163 1.551367082228199e+29
0.0009452954735825965 1.5615199410777531e+29
0.0009489103702310961 1.5687027992326422e+29
0.0009525530204047278 1.5802237907385674e+29
0.0009562237449534936 1.594410197139377e+29
0.0009599228696921918 1.6130554996443486e+29
0.0009636507254968217 1.639715940674986e+29
0.0009674076484032421 1.6723087734469504e+29
0.0009711939797081473 1.677261780141624e+29
0.0009750100660724228 1.660388188953364e+29
0.000978856259626949 1.6613362933115887e+29
0.0009827329180809173 1.6722460515795446e+29
0.00098664040483273 1.6869449399626165e+29
0.0009905790890835592 1.698909238764488e+29
0.0009945493459536335 1.7095942123106932e+29
0.0009985515566013343 1.7226900894048195e+29
0.0010025861083451783 1.7340751846206937e+29
0.001006653394788769 1.747153036870311e+29
0.001010753815948805 1.7602845714794285e+29
0.0010148877783862232 1.773251132941276e+29
0.0010190556953405816 1.786738159718504e+29
0.0010232579868677592 1.800290909335815e+29
0.0010274950799810832 1.8145743226085757e+29
0.0010317674087959733 1.830758264554877e+29
0.0010360754146782113 1.8460541209867738e+29
0.0010404195463959397 1.8614652295390494e+29
0.0010448002602755015 1.8731013447879628e+29
0.0010492180203612329 1.888707962338634e+29
0.0010536732985793275 1.9072242680876003e+29
0.0010581665749058917 1.9496420235092137e+29
0.0010626983375393215 2.03685057257246e+29
0.001067269083077125 2.091978329224698e+29
0.0010718793166973287 2.0268700527919587e+29
0.0010765295523446057 1.9751832466553955e+29
0.0010812203129212706 1.9875726713497618e+29
0.0010859521304832894 2.002737461085549e+29
0.0010907255464414577 2.019921225524141e+29
0.0010955411117679098 2.0362994023178552e+29
0.0011003993872081223 2.050990925635387e+29
0.0011053009434985818 2.0683750076728802e+29
0.0011102463615902981 2.0857732189103994e+29
0.0011152362328783441 2.1052455853037002e+29
0.0011202711594376145 2.1229173037420598e+29
0.0011253517542649959 2.141046919456843e+29
0.0011304786415281623 2.1741273867425945e+29
0.0011356524568211974 2.2186848113437108e+29
0.0011408738474272717 2.3348100400869868e+29
0.0011461434725885988 2.4143459800715965e+29
0.0011514620037839053 2.188750093112493e+29
0.0011568301250136671 2.2442559054478503e+29
0.0011622485330933564 2.2624915096656214e+29
0.0011677179379549721 2.283106835298607e+29
0.0011732390629571234 2.3028289062740914e+29
0.0011788126452039506 2.3237479010850185e+29
0.0011844394358731818 2.351303410629455e+29
0.0011901202005536288 2.3845790584699776e+29
0.0011958557195924416 2.3922057423843018e+29
0.0012016467884524533 2.4070466069901178e+29
0.001207494218079959 2.4347877350419217e+29
0.001213398835283284 2.4849236679447687e+29
0.001219361483122514 2.6521433965878594e+29
0.0012253830213107735 2.833929232887029e+29
0.0012314643266274521 2.6630572555324124e+29
0.0012376062933437985 2.55973610615662e+29
0.0012419422513284865 2.5562223075575932e+29
0.0012444336099068786 2.5600842791993436e+29
0.0012469349839971436 2.5670726035951963e+29
0.0012494464341159697 2.5760093158753074e+29
0.001251968021268575 2.5840829207169532e+29
0.001254499806953648 2.5942957533576954e+29
0.0012570418531683465 2.6044515190509367e+29
0.0012595942224133585 2.6147751540799656e+29
0.0012621569776980245 2.6259300555455068e+29
0.001264730182545523 2.638839720837394e+29
0.0012673139009981185 2.6532894647506458e+29
0.001269908197622475 2.666068921092541e+29
0.001272513137515034 2.673844756838349e+29
0.0012751287863074594 2.6788115758435822e+29
0.0012777552101721503 2.683628246882738e+29
0.0012803924758278205 2.6915054795783208e+29
0.0012830406505451477 2.7008064424764494e+29
0.0012856998021524954 2.7116400233449916e+29
0.0012883699990417009 2.7194163650201566e+29
0.0012910513101739417 2.7333362648854757e+29
0.0012937438050856704 2.7478220375564504e+29
0.001296447553894627 2.7622766476926997e+29
0.0012991626273059246 2.744564465055067e+29
0.001301889096618214 2.7821063174545905e+29
0.0013046270337299243 2.7892984779781064e+29
0.0013073765111455827 2.798855184817575e+29
0.0013101376019822154 2.8072655914788593e+29
0.0013129103799758284 2.821732253961856e+29
0.0013156949194879724 2.8410037901345645e+29
0.0013184912955123888 2.8667099315639312e+29
0.0013212995836817444 2.9060414434073622e+29
0.0013241198602744484 2.947515489837977e+29
0.0013269522022215595 2.9747163778650126e+29
0.0013297966871137813 2.9706420676771555e+29
0.0013326533932085478 2.9437565608168935e+29
0.001335522399437199 2.9200067533903282e+29
0.0013384037854122525 2.9150799708019816e+29
0.0013412976314347653 2.930741241339766e+29
0.0013442040185017963 2.9113914596805178e+29
0.001347123028313961 2.952811377552111e+29
0.0013500547432830881 2.9636212237626998e+29
0.0013529992465399758 2.9729774065265298e+29
0.0013559566219422492 2.9852721840097254e+29
0.0013589269540823198 2.9965918766921204e+29
0.0013619103282954534 3.0086785897585327e+29
0.0013649068306679408 3.0174335313234002e+29
0.0013679165480453782 3.0268999031702813e+29
0.0013709395680410585 3.0426712703257954e+29
0.0013739759790444717 3.050822496506361e+29
0.00137702587022992 3.040131112172536e+29
0.001380089331565248 3.0779017834876607e+29
0.001383166453820689 3.0925038986928977e+29
0.0013862573285778302 3.1062492416104087e+29
0.0013893620482386987 3.1189051069415422e+29
0.0013924807060349696 3.1315638628127617e+29
0.001395613396037298 3.143680460293621e+29
0.001398760213164778 3.121780515705152e+29
0.001401921253194529 3.1606767825037614e+29
0.0014050966127714132 3.177466932918494e+29
0.0014082863894178865 3.1905207115050196e+29
0.0014114906815439795 3.203319841826042e+29
0.001414709588457421 3.212853442455522e+29
0.001417943210373895 3.1929142938742055e+29
0.0014211916484274433 3.238130724531898e+29
0.001424455004681008 3.2544366220635605e+29
0.0014277333821371208 3.266693556206123e+29
0.0014310268847487406 3.243487178446186e+29
0.0014343356174302405 3.289980426530798e+29
0.0014376596860685494 3.307563446821547e+29
0.0014409991975344461 3.297844958435219e+29
0.001444354259694014 3.315898669971134e+29
0.0014477249814202544 3.3479959219354374e+29
0.0014511114726048632 3.3236943147492935e+29
0.0014545138441701736 3.370274456162904e+29
0.001457932208081267 3.3511892712099975e+29
0.0014613666773582543 3.392557561786443e+29
0.0014648173660887344 3.378294710339093e+29
0.0014682843894404237 3.402471756994447e+29
0.0014717678636739714 3.421012352091628e+29
0.0014752679061559547 3.425866839206591e+29
0.0014787846353720598 3.4402113918828706e+29
0.0014823181709404517 3.450338834044881e+29
0.0014858686336253388 3.471274479961343e+29
0.00148943614535073 3.4853790990162396e+29
0.00149302082921439 3.508431232550097e+29
0.001496622809502 3.5403428478863214e+29
0.001500242211701521 3.582084072468272e+29
0.0015038791625177673 3.6244865121293276e+29
0.0015075337898871907 3.633979441359444e+29
0.0015112062229928843 3.618920461185945e+29
0.0015148965922798022 3.536866520054157e+29
0.0015186050294702057 3.5419009435710886e+29
0.001522331667579335 3.5551735307376444e+29
0.0015260766409313138 3.5701729644812565e+29
0.0015298400851752872 3.584069783034605e+29
0.0015336221373018022 3.600070592616743e+29
0.0015374229356594274 3.616242510806507e+29
0.0015412426199716248 3.6314204757440425e+29
0.0015450813313538706 3.6471388853038706e+29
0.0015489392123310337 3.6628381954890926e+29
0.0015528164068550163 3.6771994361135415e+29
0.0015567130603226576 3.694793596774916e+29
0.0015606293195939095 3.7099018114122065e+29
0.0015645653330102875 3.727265314994653e+29
0.0015685212504136005 3.743864727107179e+29
0.0015724972231649656 3.758730164213051e+29
0.0015764934041641143 3.776609965938771e+29
0.0015805099478689909 3.794397019100759e+29
0.001584547010315655 3.8131535271810066e+29
0.0015886047491384865 3.831061297983291e+29
0.0015926833235907036 3.849275274071618e+29
0.001596782894565197 3.862871066772591e+29
0.0016009036246156876 3.885494342487567e+29
0.001605045677978212 3.903381472893422e+29
0.0016092092205929416 3.9217435755892114e+29
0.0016133944201263434 3.940927182702298e+29
0.001617601445993687 3.961977686067995e+29
0.001621830469381906 3.989094784540173e+29
0.0016260816632728153 4.02932331228038e+29
0.001630355202466699 4.070847895961787e+29
0.0016346512636062687 4.082347889371822e+29
0.0016389700252010012 4.071611451245384e+29
0.001643311667651865 4.065382474484166e+29
0.0016476763732764384 4.0756479382320175e+29
0.0016520643263344314 4.094618734844462e+29
0.0016564757130536156 4.1131691142419054e+29
0.0016609107216561687 4.13123321236578e+29
0.001665369542385447 4.152164429678123e+29
0.001669852367533187 4.171243568580119e+29
0.0016743593914671498 4.1911191386023975e+29
0.0016788908106592127 4.210279343657716e+29
0.0016834468237139186 4.2299219237879416e+29
0.001688027631397494 4.249671650649573e+29
0.001692633436667337 4.269156378314489e+29
0.0016972644447019944 4.290708918627964e+29
0.0017019208629316296 4.3107351771316575e+29
0.001706602901068993 4.335502573475692e+29
0.0017113107711409076 4.3566223677725204e+29
0.0017160446875202737 4.378655937115223e+29
0.0017208048669586102 4.425563116805031e+29
0.001725591528619135 4.475102818918251e+29
0.0017304048941104017 4.5205043219655786e+29
0.0017352451875205007 4.59753854932087e+29
0.0017401126354518344 4.737591481028204e+29
0.001745007467056481 4.8268765084474796e+29
0.001749929914072155 4.749681466370477e+29
0.0017548802108587806 4.606413921962221e+29
0.0017598585944356851 4.581067616643009e+29
0.0017648653045194281 4.5896987280279534e+29
0.0017699005835622797 4.611185180224609e+29
0.0017749646767913562 4.633588189094147e+29
0.0017800578322484332 4.656818816318564e+29
0.0017851803008304432 4.681526407029275e+29
0.0017903323363306753 4.711504637159394e+29
0.0017955141954806918 4.7508802386182684e+29
0.0018007261379929724 4.778687543833346e+29
0.0018059684266043055 4.785977012383998e+29
0.0018112413271199387 4.796809398729791e+29
0.0018165451084585036 4.8167525153102874e+29
0.0018218800426977359 4.841181184779019e+29
0.0018272464051209986 4.863764589417781e+29
0.0018326444742646352 4.892721349955653e+29
0.00183807453196616 4.920007626185469e+29
0.0018435368634133107 4.949941453262068e+29
0.0018490317571939763 4.991580730063778e+29
0.0018545595053470225 5.03601125256536e+29
0.00186012040341403 5.052788623557484e+29
0.001865714750491967 5.0635561437881214e+29
0.0018713428492868145 5.0906572190427744e+29
0.0018770050061681666 5.1618467737804114e+29
0.0018827015312248225 5.30726901736808e+29
0.0018884327383213973 5.4409345743165196e+29
0.0018941989451559664 5.474438131485151e+29
0.0019000004733187718 5.305173108991009e+29
0.0019058376483520093 5.250946969234781e+29
0.0019117107998107212 5.2657500248244294e+29
0.001917620261324819 5.288966438584387e+29
0.0019235663706622605 5.314744541402694e+29
0.001929549469793403 5.351359532800013e+29
0.0019355699049565646 5.3870896348478606e+29
0.001941628026724817 5.4109258488929864e+29
0.0019477241900740315 5.4052178651253776e+29
0.0019538587544522174 5.431488975377939e+29
0.0019600320838501703 5.4925747719367525e+29
0.0019662445468734673 5.5238693431289356e+29
0.0019724965168158317 5.5482347813341814e+29
0.0019787883717339045 5.5803594563844006e+29
0.001985120494523453 5.619266567457602e+29
0.0019914932729970434 5.6485652641979e+29
0.001997907099963217 5.6678083922132126e+29
0.002004362373307202 5.700031884375748e+29
0.0020108594960731897 5.7325522025060484e+29
0.0020173988765482243 5.757700406239624e+29
0.0020239809283477293 5.795183737039378e+29
0.002030606070502714 5.826729157507491e+29
0.0020372747275486996 5.857647571225556e+29
0.0020439873296164055 5.891451831614833e+29
0.002050744312524228 5.923678184060212e+29
0.002057546117872567 5.9571478562877415e+29
0.00206439319314003 5.9925984827492386e+29
0.002071285991781566 6.024217120214866e+29
0.002078224973328573 6.063805677428114e+29
0.002085210603491022 6.0991602716332764e+29
0.0020922433542616492 6.15240083698438e+29
0.0020993237040222643 6.2273705545214124e+29
0.0021064521376522208 6.3282285953276136e+29
0.0021136291466391107 6.368591612482084e+29
0.002120855229191723 6.380254705795272e+29
0.0021281308903553313 6.469006704607794e+29
0.0021354566421293597 6.556515802453878e+29
0.002142833003587492 6.590889215998062e+29
0.002150260501000274 6.564396164230363e+29
0.002157739667960275 6.543324986615652e+29
0.0021652710455098744 6.536306952609645e+29
0.0021728551822717303 6.529411845266513e+29
0.0021804926345820002 6.561439527436368e+29
0.002188183966626381 6.581580739871896e+29
0.002195929750579041 6.618842584554467e+29
0.0022037305667445078 6.665381889800006e+29
0.002211587003702599 6.703656119784979e+29
0.0022194996584564545 6.744829824051164e+29
0.0022274691365837666 6.78453034548964e+29
0.002235496052391276 6.827255704511659e+29
0.002243581029072618 6.86590418876765e+29
0.0022517246988696155 6.906477154616657e+29
0.002259927703237082 6.950367317681103e+29
0.0022681906930112575 7.001010556672946e+29
0.002276514328581941 7.084592904179153e+29
0.002284899280068431 7.2304526338903e+29
0.002293346227499368 7.317230174833863e+29
0.002301855860996583 7.23496099706163e+29
0.0023104288809630506 7.208223231146256e+29
0.002319065998275062 7.246341815172512e+29
0.0023277679344787207 7.2956426695194e+29
0.0023365354219908813 7.337911594768125e+29
0.0023453692043046465 7.386278176332714e+29
0.0023542700361995406 7.427891537728351e+29
0.0023632386839564914 7.477203859625647e+29
0.00237227592557774 7.522231984480984e+29
0.0023813825510118195 7.568740065186324e+29
0.002390559362383734 7.607731381881951e+29
0.0023998071742304798 7.659140924619029e+29
0.002409126813742055 7.703846892263663e+29
0.002418519121008105 7.752849007555831e+29
0.0024279849492703683 7.806001611123932e+29
0.002437525165181057 7.859129425062669e+29
0.002447140649067373 7.911562594918243e+29
0.0024568322952022927 7.952970541147123e+29
0.0024666010120818252 8.014160911690693e+29
0.0024764477227088985 8.049220568289213e+29
0.0024863733648840844 8.122303781525009e+29
0.002496378891503336 8.185822996242297e+29
0.002506465270862945 8.262071018499444e+29
0.0025166334869719227 8.296684826140867e+29
0.0025268845398720126 8.351875667451375e+29
0.002537219445965558 8.447778969190427e+29
0.0025476392383514536 8.538653914663695e+29
0.002558144967169398 8.616000356205356e+29
0.002568737699952708 8.568559806419252e+29
0.002579418521989934 8.617280188780028e+29
0.002590188536695528 8.686336571080069e+29
0.002601048865989849 8.756325810621972e+29
0.0026120006506887535 8.831273851713513e+29
0.002623045050903082 9.013827672628743e+29
0.0026341832464483184 9.508880892740315e+29
0.0026454164372647295 1.0145449792937625e+30
0.002656745843848304 9.738588961884106e+29
0.0026681727076928127 9.465988004747479e+29
0.0026796982917433217 9.575014280429772e+29
0.002691323880861514 9.337277989158474e+29
0.002703050782303177 9.272732803003639e+29
0.0027148803262082234 9.392518914657824e+29
0.002726813866103644 9.517823322627888e+29
0.002738852779419775 9.54623793894255e+29
0.0027509984680203063 9.564626088808026e+29
0.0027632523587464543 9.61780893523805e+29
0.002775615903975745 9.672701898725424e+29
0.0027880905821958605 9.735745843313896e+29
0.002800677898594036 9.805919309957424e+29
0.0028133793856624898 9.874639812336914e+29
0.0028261966038204056 9.94585688851706e+29
0.002839131142052993 1.0032351001450324e+30
0.0028521846185681795 1.0093692267983248e+30
0.0028653586814714966 1.0201279683901174e+30
0.002878655009459763 1.0234400533400531e+30
0.002892075312534168 1.0311695545243042e+30
0.0029056213327333913 1.037714757177826e+30
0.0029192948448874306 1.046919677082162e+30
0.0029330976573928086 1.0568902939128265e+30
0.0029470316130098765 1.0710263461875683e+30
0.0029610985896829545 1.0775721089609765e+30
0.0029753005013840716 1.0786176630364413e+30
0.002989639298981104 1.0856489793160243e+30
0.0030041169711311332 1.0955162520729875e+30
0.003018735545199898 1.1052603201389245e+30
0.0030334970882082103 1.1181975195324078e+30
0.0030484037078062852 1.1448751688829421e+30
0.0030634575532769333 1.173073406743792e+30
0.0030786608165686304 1.1404109859921947e+30
0.0030940157333594967 1.14717731499851e+30
0.003109524584153278 1.1562964479245065e+30
0.0031251896954084587 1.1575055959075614e+30
0.003141013440701666 1.173566690743657e+30
0.003156998241926611 1.1827076938028915e+30
0.0031731465705298156 1.194752061948443e+30
0.003189460948784468 1.1996228357447733e+30
0.0032059439511037675 1.2066343854185782e+30
0.0032225982053952157 1.2206505664761243e+30
0.0032394263944573315 1.2218832005327724e+30
0.003256431257420362 1.2395127980537978e+30
0.003273615591232607 1.2440104998929732e+30
0.003290982252194053 1.2547444881366726e+30
0.003308534157539088 1.2713345452398127e+30
0.0033262742870701287 1.2666773271833418e+30
0.003344205684844092 1.2713587843004052e+30
0.0033623314609137075 1.2643340357367118e+30
0.003380654793125771 1.270852152504727e+30
0.0033991789289785153 1.2850685069794224e+30
0.0034085173326295548 1.1663826424707072e+30
0.00341790718754038 1.170819994230966e+30
0.003436842961432571 1.1807369025715581e+30
0.0034559897188778774 1.1902432939893703e+30
0.00347535100581837 1.2011341181182928e+30
0.0034949304481046704 1.2110702570490007e+30
0.003514731753759654 1.2224230673444444e+30
0.0035347587153195387 1.237962482934958e+30
0.003555015212255467 1.2725242215286577e+30
0.0035755052134788415 1.2508410614723373e+30
0.0035962327799337916 1.2675772450742195e+30
0.003617202067280344 1.2737535674832162e+30
0.0036384173286720177 1.2878656114204246e+30
0.0036598829176317346 1.2960733298475927e+30
0.003681603291030142 1.3063480210433713e+30
0.003703583012170621 1.3167589541002795e+30
0.0037258267539854594 1.3288245388445068e+30
0.003748339302347909 1.3406582615227361e+30
0.0037711255595050393 1.3523810857930406e+30
0.003794190547636569 1.3644156424810207e+30
0.003817539412545102 1.3784341274197772e+30
0.0038411774274834613 1.401977689138414e+30
0.0038651099971251032 1.4711272899750505e+30
0.003889342661683881 1.432310128068388e+30
0.003913881101189773 1.4260205595532585e+30
0.003938731139927485 1.4430790664221148e+30
0.003963898751045233 1.4548864196881224e+30
0.003989390061341344 1.468063318322273e+30
0.004015211356236757 1.481901760074943e+30
0.004041369084941883 1.500511618345871e+30
0.004067869865826747 1.510596660939446e+30
0.004094720492003822 1.5233084124260847e+30
0.004121927937133415 1.5390830355180673e+30
0.004149499361462067 1.5592429879818504e+30
0.0041774421181049095 1.569805589553338e+30
0.0042057637595835865 1.580662906780909e+30
0.004234472044631938 1.5974435991076402e+30
0.00426357494528233 1.6123971675243404e+30
0.004285666007174984 1.621448153370345e+30
0.004300521002000548 1.6304411230363345e+30
0.00431547933592055 1.6375828002926355e+30
0.004330542091019749 1.647124079094819e+30
0.0043457103645434605 1.6527207994677674e+30
0.0043609852691640005 1.6586778786768402e+30
0.004376367933252762 1.6662542866090333e+30
0.004391859501158082 1.6790301402378399e+30
0.0044074611334890155 1.6878354896633618e+30
0.004423174007405198 1.693091849136064e+30
0.004438999316912909 1.6995555621266114e+30
0.004454938273167533 1.7134300567524892e+30
0.004470992104782552 1.7217333959100567e+30
0.004487162058145236 1.728227291237551e+30
0.004503449397739231 1.7415908852952762e+30
0.004519855406474164 1.7693795428552613e+30
0.004536381386022515 1.8025549592146314e+30
0.004553028657163882 1.7827064597708467e+30
0.004569798560136862 1.7801132762773802e+30
0.004586692454998736 1.7901717472705995e+30
0.004603711721993166 1.7889483591672453e+30
0.004620857761926101 1.8003623666854107e+30
0.004638131996550124 1.8089189138652022e+30
0.004655535868957441 1.8139581076143558e+30
0.004673070843981763 1.8278958246699912e+30
0.004690738408609293 1.836223699994626e+30
0.004708540072399081 1.8421472710353456e+30
0.004726477367912983 1.8513129680848624e+30
0.00474455185115548 1.8561049488967732e+30
0.004762765102023639 1.8667648089596865e+30
0.004781118724767468 1.8803898089732978e+30
0.0047996143484609595 1.8843498376281825e+30
0.00481825362748411 1.8969036117376966e+30
0.00483703824201621 1.9053769607848547e+30
0.0048559698985407365 1.915846790610487e+30
0.004875050330362114 1.921159562516106e+30
0.004894281298134746 1.9370614288751044e+30
0.004913664590404585 1.9571630707868947e+30
0.004927324499909285 1.978293924969742e+30
0.004937128169825539 1.9802158274459486e+30
0.004952895445417797 1.973549454578116e+30
0.004972746729768169 1.9542276862070856e+30
0.004992757783006672 1.983517981934907e+30
0.00501293054172589 1.992595314835907e+30
0.0050332669739438455 2.0056858743328186e+30
0.005053769079744025 2.0167449789972342e+30
0.005074438891931116 2.0279999767664576e+30
0.005095278476702907 2.0345399143961786e+30
0.005116289934338796 2.0495211788637723e+30
0.005137475399905416 2.0596271881139704e+30
0.005158837043979868 2.0738755733493882e+30
0.005180377073391056 2.0957535108477026e+30
0.005202097731979698 2.1061229292035973e+30
0.005224001301377507 2.1006559397130173e+30
0.005246090101806164 2.1153709286883947e+30
0.005268366492896637 2.1280635013859862e+30
0.005290832874529459 2.135300366960836e+30
0.005313491687696608 2.145381055083772e+30
0.005336345415385625 2.1389377571016724e+30
0.005359396583486643 2.187357955450552e+30
0.005382647761723028 2.205664036687495e+30
0.005406101564606354 2.187140621129784e+30
0.005429760652416447 2.2227785926436365e+30
0.005453627732207288 2.2322013509068956e+30
0.00547770555883955 2.2439146516512855e+30
0.0055019969360406125 2.2552470649911652e+30
0.005526504717492909 2.260964682838703e+30
0.00555123180795149 2.276835350480138e+30
0.005576181164391721 2.2929899474673125e+30
0.005601355797188072 2.3096921042804788e+30
0.0056267587713249795 2.3153043124200452e+30
0.005652393207640811 2.333409840697845e+30
0.005678262284105986 2.339651836998478e+30
0.005704369237136359 2.3542897006666404e+30
0.005730717362942993 2.36948424407314e+30
0.005757310018919526 2.383232216158081e+30
0.005784150625068336 2.38990803361086e+30
0.005811242665466783 2.404351777777915e+30
0.005838589689774861 2.4230930105273878e+30
0.005866195314785617 2.3051786041273635e+30
0.005894063226019753 2.4401851541322784e+30
0.005922197179365909 2.3879933408611067e+30
0.005950601002768143 2.218134688563975e+30
0.00597064633819614 2.225610212965502e+30
0.005982161567392276 2.4844410407562128e+30
0.0060082339422622665 2.297137363719024e+30
0.006037471090399796 2.4657975020738454e+30
0.006066994176416421 2.3730257270984295e+30
0.0060968074156125705 2.28286092078449e+30
0.0061269151065538666 2.4772881292895742e+30
0.006157321633137261 2.498518231321533e+30
0.006188031466718993 2.4145996406350776e+30
0.006219049168306556 2.5023658586799237e+30
0.0062535297836550305 2.4744776123025843e+30
0.006278847718001812 2.485627641529329e+30
0.006307576558602736 2.5231459614124438e+30
0.006346293141059631 2.2500617465527413e+30
0.006378921897568936 2.5980577911611205e+30
0.006411887902207535 2.621121545667812e+30
0.0064451964107904314 2.488578012063146e+30
0.006478852788914663 2.478525598991888e+30
0.006512862514840724 2.6694931146601126e+30
0.006547231182465214 2.331178217431451e+30
0.006581964504388106 2.391637655285569e+30
0.006617068315078176 2.5984925744633976e+30
0.006652548574140257 2.58616278266392e+30
0.006688411369688184 2.5231415829354512e+30
0.006724662921827415 2.4720213444865017e+30
0.006761309586251542 2.694688046935714e+30
0.006798357857957031 2.598736731307118e+30
0.00683581437508076 2.76357567335011e+30
0.006873685922865142 2.5157090390463792e+30
0.006911979437755755 2.840422228212227e+30
0.00695070201163674 2.5729421495739875e+30
0.006989860896209341 2.598542211019008e+30
0.007029463507519308 2.8476882721394997e+30
0.007069517430639077 2.919667197926426e+30
0.007110030424510934 2.492451604690803e+30
0.007151010426957683 2.9067647381088486e+30
0.007192465559867583 2.569889367389418e+30
0.007234404134560688 2.3091556009224253e+30
0.007276834657344035 2.8179181969042786e+30
0.007319765835263469 2.6954285609833703e+30
0.007363206582060284 3.0209077649973583e+30
0.007398332194854848 2.5024503889402272e+30
0.007420456394002141 2.5059433306711783e+30
0.007451653507970919 2.5104665394882135e+30
0.007496678604695818 3.0444882089430693e+30
0.0075422511190100785 2.9497788898321046e+30
0.007588381095273138 2.644988140101106e+30
0.007635078825090204 3.0723254950978615e+30
0.0076823548549669225 2.6916536226095586e+30
0.0077302199942502065 2.9854511371143345e+30
0.007778685323367762 2.965386830113217e+30
0.007827762202379546 2.535779060554038e+30
0.00787746227985497 2.4690216299597262e+30
0.007927797502090467 2.771938852355403e+30
0.007978780122682688 4.448257442011022e+30
0.008030422712473515 1.3223956459299952e+30
0.008082738169883766 1.0626975344497944e+30
0.008135739731653494 2.932249057740283e+30
0.008178644094114423 2.7992659321917056e+30
0.00820568987484893 2.836746710539715e+30
0.00824385587426683 2.8789829511178186e+30
0.008298998722924134 3.2532175064862045e+30
0.008354884236209819 3.173762476144143e+30
0.008411527519167173 3.331673035347103e+30
0.008468944089263877 3.0396189990408966e+30
0.00852714989056466 2.8953944661436345e+30
0.008574293773857346 3.2000448584743775e+30
0.008604024334793051 3.179712811896606e+30
0.008645995185206676 2.9236630879460315e+30
0.00870666883562918 2.9127386901816747e+30
0.008768200064149526 3.163723731706865e+30
0.00883060718204383 3.393333149917067e+30
0.00889390902564271 2.56660608132069e+30
0.00895812497528634 2.2077376075839796e+30
0.009023274975106603 3.838324045918829e+30
0.009089379553678813 2.3144021339046217e+30
0.009156459845587881 2.743536864932839e+30
0.009224537613956566 3.769063265038315e+30
0.009293635273986202 2.745059966683867e+30
0.009363775917563457 3.0282252030259397e+30
0.009434983338989794 3.0806828968968927e+30
0.00950728206189393 3.698157792812712e+30
0.00958069736739118 3.115957728396637e+30
0.00965525532355765 3.7171472980200895e+30
0.009730982816291435 3.681648310924941e+30
0.009807907581637612 3.737613612023613e+30
0.00988605823965863 3.611634148995309e+30
0.009965464329937012 4.9024301050444083e+30
0.010046156348802899 1.8157231306629878e+30
0.010128165788384963 2.393346158738173e+30
0.010211525177589779 3.1212386131762413e+30
0.010296268125121643 3.8212400843344505e+30
0.01038242936466241 3.915445006057226e+30
0.010470044802338886 3.333645364263813e+30
0.01055915156661411 2.623555340368505e+30
0.010649788060748138 3.5694931481263347e+30
0.010741994017984053 3.7916211977807534e+30
0.010835810559625835 3.3983243183033914e+30
0.010931280256186414 3.752733196068216e+30
0.011028447191796959 2.7917018949732385e+30
0.011127357032082135 2.509133982679418e+30
0.011228057095720887 3.8850775093677335e+30
0.011330596429928385 4.221547901608911e+30
0.011435025890112055 3.3610372049265583e+30
0.011541398223973562 4.1657215974465663e+30
0.0116497681603489 4.33586307434942e+30
0.011760192503101024 4.091100562628074e+30
0.011872730230403425 4.3888157107983727e+30
0.011987442599779304 2.761750397366144e+30
0.012104393259289347 2.5173640939063383e+30
0.012223648365292198 3.334443218342942e+30
0.012345276707235403 4.2169160172064096e+30
0.012469349839971437 3.0112078141847133e+30
0.012595942224133586 2.3954271207615607e+30
0.012725131375150339 3.3076638069026727e+30
0.012856998021524953 4.3426652625210813e+30
0.012991626273059246 3.366076124935323e+30
0.013129103799758285 7.154733746850892e+30
0.013269522022215595 3.698302577697073e+30
0.013412976314347654 2.635423262022128e+30
0.013559566219422493 2.68582491728664e+30
0.013709395680410585 1.961306621888953e+30
0.013862573285778302 2.172513351628602e+30
0.01401921253194529 2.0870275209730013e+30
0.014179432103738948 1.9165727009270187e+30
0.014343356174302404 2.0028517846913194e+30
0.014511114726048631 1.7874816956734385e+30
0.014682843894404236 1.6498794810545422e+30
0.01485868633625339 1.7855391607754413e+30
0.015038791625177673 1.9168054836486098e+30
0.015223316675793349 2.0116141663279452e+30
0.015412426199716249 1.950241235618088e+30
0.015606293195939095 1.9166677069232458e+30
0.01580509947868991 2.3944060257556416e+29
0.016009036246156877 1.7940456047335267e+30
0.01621830469381906 1.7536743262412612e+30
0.016433116676518648 8.214444400659195e+29
0.01665369542385447 1.3875791408226043e+30
0.01688027631397494 1.7463884839897518e+30
0.0170895359377019 1.9710338823326067e+30
0.017328216607222877 2.251761935858763e+30
0.01759858594435685 1.2874265105849532e+30
0.017851803008304433 1.5103004364532458e+30
0.018112413271199387 1.689722435946261e+30
0.0183807453196616 1.5957457700825158e+30
0.01865714750491967 7.094168001333487e+29
0.018855627797525195 1.2336512724193336e+30
0.019087697062725506 1.6238173240793534e+30
0.019385942329330594 1.5757940389905374e+30
0.01969365569963743 9.192129153209311e+29
0.020011295307696096 6.888187035072414e+29
0.020339349329133737 1.8412407963628582e+30
0.0206783384846193 1.1331367689329957e+30
0.02102881879791793 1.52930659209309e+30
0.021391384639261345 6.579968416629318e+29
0.021766672089072948 1.0899017111293486e+30
0.022155362662092108 1.090479891057193e+30
0.02255818743776651 1.2579180683308974e+29
0.022975931649577 1.1868456881123978e+29
0.02340943979390864 1.2791927107880654e+30
0.023859621328406883 1.268375072569821e+30
0.024232427911663242 1.3599846882464658e+30
0.02451976895409403 7.268918390876712e+29
0.02481400618154316 1.1159203791799415e+30
0.02532041447096241 8.766148677846059e+29
0.025847923105774124 3.952813609087379e+29
0.026397878916535274 9.128712084537542e+29
0.026971745849503438 3.9356569908602005e+29
0.02750998468020306 9.153480712536438e+29
0.028133793856624897 3.256185079537905e+29
0.028853495559933908 3.401687280601208e+29
0.02940048125775256 3.202162590194489e+29
0.029968606499448262 3.3935279757996854e+29
0.030634575532769333 2.1657919492883336e+29
0.031410134407016656 1.673621431964385e+29
0.032225982053952155 3.023459300087811e+29
0.03308534157539088 2.5022297865350962e+29
0.03389891554855623 2.216254407149699e+29
0.034753510058183695 5.18522041910272e+28
0.03565230773210224 3.052718573505124e+29
0.036707109736010594 2.3720061599448412e+29
0.037826228935279205 3.526553276374498e+29
0.039015732989847736 9.594338226871897e+28
0.040282477567440196 1.3959597124304188e+29
0.041219279371334155 3.593079878344271e+28
0.04191555098233642 9.361463417122494e+28
0.04278276927852269 3.633444317339194e+28
0.043686630601308375 1.0634689792755175e+29
0.04446954512821354 9.492326165288135e+28
0.04528103317799847 1.9111064390196434e+29
0.04612268806978283 5.814253069102608e+28
0.04699622382868023 7.777037227401736e+28
0.047719242656813765 4.297073429542313e+28
0.048276276617788244 2.118301710742957e+29
0.04923413924909357 3.7866020379286744e+28
0.050434971913705606 1.2439187141523173e+28
0.05169584621154825 1.048158101366302e+28
0.05302138072979307 1.7634527639850695e+28
0.053943491699006876 4.936896299088572e+27
0.05465640128093207 5.783410896996422e+27
0.05563678516041067 7.054123314386716e+27
0.05639546859441627 6.822502238771603e+27
0.0574398291239425 7.367239094188182e+27
0.059080967098912286 3.160978066577723e+27
0.06052196629644673 4.315235443257816e+27
0.06142080738005733 5.157924947051196e+27
0.06266163177157363 5.523300825241538e+27
0.06395362417923495 2.627887338990486e+26
0.06495813136529624 4.2395113598807647e+27
0.06670431769232033 1.7948329689088303e+27
0.0681703466525911 8.616186840074018e+26
0.068927794948731 2.4301317134241075e+27
0.07009606265972644 3.2881634610246713e+27
0.07171678087151202 3.4823559790169874e+27
0.07298237112218577 3.2209699508525746e+26
0.0747409824745276 1.6825892326208817e+27
0.07658643883192334 1.1126263889829501e+27
0.07803146597969547 2.743180668469269e+27
0.08004518123078438 2.64721778048277e+27
0.08216558338259325 2.8083854272387944e+27
0.0844013815698747 1.1979240161207268e+27
0.08676225937602504 1.8271044514377123e+27
0.08862145064836843 1.2469792526000075e+27
0.09056206635599694 1.6044077323028933e+27
0.09258957530426552 1.244063509085731e+27
0.09399244765736046 1.0480441106595521e+27
0.09470994725779831 7.106431809686852e+26
0.09692971164665297 7.172365287711909e+26
0.09769293772261087 7.962133992497775e+26
0.09925602472617263 6.606674786898035e+26
0.10253721562621142 6.000575269446777e+26
0.10514409398958967 5.361171686399349e+26
0.10883336044536475 4.8055534416671496e+26
0.11279093718883254 3.5656585020169045e+26
0.114879658247885 4.0826821426495614e+26
0.11704719896954321 3.702848162382701e+26
0.11929810664203443 2.0931564851431216e+26
0.12163728520364293 2.914743117063971e+26
0.1240700309077158 1.7485365425471963e+26
0.12660207235481205 7.190974793558174e+25
0.12923961552887062 7.2513750703769885e+25
0.1319893945826764 7.498882182885638e+25
0.1363406933051822 8.430081540141436e+25
