#"E (kev)" "Fv (kev/s/cm^2/kev)"
1.240700309077158e-07 1.4141021345977346e+21
1.2522207398840916e-07 1.4405973326515122e+21
1.2638283682155016e-07 1.4672987352919772e+21
1.2755220613520696e-07 1.494602012458066e+21
1.2873005904515024e-07 1.522273356746375e+21
1.2991626273059247e-07 1.5505296589046573e+21
1.3112453065706595e-07 1.5795377872122864e+21
1.3232725139474809e-07 1.6086467944681232e+21
1.335522399437199e-07 1.6384385232595415e+21
1.3480012049947392e-07 1.669284706213208e+21
1.360417005567059e-07 1.700208629786846e+21
1.373063644397032e-07 1.7318643740979665e+21
1.3856380490028567e-07 1.7638100278654458e+21
1.3984448930085188e-07 1.7966063542836996e+21
1.4114906815439796e-07 1.8303265052567758e+21
1.4244550046810078e-07 1.8639749953579647e+21
1.437659686068549e-07 1.8987210657409694e+21
1.4509417718128381e-07 1.933985421350998e+21
1.4644715640665228e-07 1.9702585310877193e+21
1.4779038821645716e-07 2.0065362383350213e+21
1.4915848870848257e-07 2.0438961179635865e+21
1.505521549662854e-07 2.082177922843225e+21
1.519348896739111e-07 2.1207839853732383e+21
1.5334325906280533e-07 2.160201366560323e+21
1.5475867644719446e-07 2.2002276516815737e+21
1.562004669617472e-07 2.2413101483252337e+21
1.5764934041641146e-07 2.2832071944008683e+21
1.591049383274119e-07 2.3254953128811254e+21
1.605668835352864e-07 2.368460206251945e+21
1.6205594423682836e-07 2.4126326119382175e+21
1.6355131941433667e-07 2.4573797064690825e+21
1.6507454883943029e-07 2.5032937522246163e+21
1.6660404311496683e-07 2.54993257165512e+21
1.6813935615627564e-07 2.5971055188625735e+21
1.697032292541592e-07 2.6457564149484015e+21
1.7127282013765298e-07 2.694831915145238e+21
1.728476329168512e-07 2.744367166370281e+21
1.7445167450466224e-07 2.795615656051363e+21
1.760607789239617e-07 2.8476186525191614e+21
1.776998437520994e-07 2.9007521216784027e+21
1.793437856428387e-07 2.9546684991401954e+21
1.8099202174721489e-07 3.009488136604082e+21
1.826708346697818e-07 3.0655720894476384e+21
1.8435368634133107e-07 3.1228689685621396e+21
1.8606783279501472e-07 3.181078604860444e+21
1.877857286328376e-07 3.2398859174071527e+21
1.895356414722209e-07 3.2997682307342145e+21
1.9128897765605273e-07 3.361192041713539e+21
1.9304501463780272e-07 3.423012055001331e+21
1.948335912495537e-07 3.4871794620881494e+21
1.9662445468734676e-07 3.5520000169838903e+21
1.9844854591765164e-07 3.6173668590764084e+21
2.0030679836570198e-07 3.685619304760292e+21
2.0213429603733432e-07 3.7527655974418923e+21
2.040289934348229e-07 3.8237522303045363e+21
2.058911896908659e-07 3.894181660721638e+21
2.078224973328573e-07 3.968179662916237e+21
2.0971945724766025e-07 4.0401817435193003e+21
2.1168747808857839e-07 4.116539298775065e+21
2.136191992212738e-07 4.192975226799471e+21
2.1562396751427842e-07 4.271263736641539e+21
2.1759037339129395e-07 4.3496616830372146e+21
2.196318479513468e-07 4.4309899647080884e+21
2.2163278118563024e-07 4.5135473266836426e+21
2.237108382757227e-07 4.5972135049619267e+21
2.2578713540985587e-07 4.683223082556402e+21
2.278604791693587e-07 4.769619365829187e+21
2.299722537677772e-07 4.858982374872194e+21
2.3208011767249495e-07 4.948446831096923e+21
2.3422697924809479e-07 5.040930733596119e+21
2.3641393084549503e-07 5.133965006001749e+21
2.3859621328406886e-07 5.229794263359861e+21
2.408191593705664e-07 5.32781000106906e+21
2.4303629952539824e-07 5.426258508297646e+21
2.4529464394566194e-07 5.527925184406564e+21
2.4754595153175537e-07 5.6299489221237e+21
2.4983896678960086e-07 5.734102336932543e+21
2.5217485956852805e-07 5.841747108594129e+21
2.5450262750300677e-07 5.950388510662494e+21
2.568205980288052e-07 6.05812931530297e+21
2.5923533411557833e-07 6.173883279702772e+21
2.616407231288819e-07 6.28934648219066e+21
2.640349668178672e-07 6.404122898152359e+21
2.664734340801456e-07 6.523178905722695e+21
2.689573616035461e-07 6.645328823681103e+21
2.7142863904553885e-07 6.768204759111652e+21
2.739457516178313e-07 6.894308537166117e+21
2.765099864223664e-07 7.023241027094162e+21
2.790598985778583e-07 7.153209376981114e+21
2.815933520374848e-07 7.284594789806578e+21
2.8423832968548866e-07 7.42197587155327e+21
2.868671234860481e-07 7.559473310924281e+21
2.895449962840509e-07 7.702130613214691e+21
2.9220450048920346e-07 7.843492625184853e+21
2.949133133057186e-07 7.989388598720559e+21
2.976014173847825e-07 8.136078220407608e+21
3.0041169711311335e-07 8.290843218763555e+21
3.031273660095671e-07 8.442053311695494e+21
3.0596801703505746e-07 8.599632288307374e+21
3.0878554232880985e-07 8.759757381083092e+21
3.116554406121974e-07 8.923319867484643e+21
3.144994446329932e-07 9.086276512120488e+21
3.1747704940561877e-07 9.25878648260271e+21
3.203460648275647e-07 9.427753706827388e+21
3.2335165730444563e-07 9.604824708769183e+21
3.263283295836818e-07 9.782616315302051e+21
3.2936031565626706e-07 9.965319180552013e+21
3.3236011494164423e-07 1.0147767851297817e+22
3.3550576232481283e-07 1.0341531724294463e+22
3.3861907998830734e-07 1.053277788247583e+22
3.41696587462726e-07 1.0726457882560036e+22
3.4492641342150627e-07 1.0930443051789382e+22
3.480225270903669e-07 1.112669366344393e+22
3.5127415319285333e-07 1.1335239865257706e+22
3.5458711319724434e-07 1.1550630855692574e+22
3.578599103193418e-07 1.1764542565834704e+22
3.610885649235035e-07 1.1978098634446013e+22
3.644830520203167e-07 1.2204384394513503e+22
3.6783288143408183e-07 1.242962346607155e+22
3.712448560972944e-07 1.2661633127226838e+22
3.7472072155758324e-07 1.2900747185261992e+22
3.781470006330869e-07 1.313592495729789e+22
3.816365146346226e-07 1.3379600047887597e+22
3.8519103044928846e-07 1.363102052422916e+22
3.886905730191598e-07 1.387857776002127e+22
3.923783393665902e-07 1.4143558141891496e+22
3.9601031250467857e-07 1.4406250508561722e+22
3.9958141999264346e-07 1.4667410962066314e+22
4.033486050315858e-07 1.4946020124580662e+22
4.070539071775453e-07 1.5222310294968315e+22
4.1082791691296625e-07 1.5505296589046575e+22
4.146725631942373e-07 1.5795672627601081e+22
4.1844867085232985e-07 1.608547672865459e+22
4.222941828036617e-07 1.6382594954391236e+22
4.262110302566671e-07 1.668790740098467e+22
4.302012167396526e-07 1.7002086297868459e+22
4.3411487371489084e-07 1.731233840564877e+22
4.382551427330124e-07 1.7645623954350545e+22
4.423174007405198e-07 1.7973176105237788e+22
4.462950752076108e-07 1.8297281543004708e+22
4.505084637171961e-07 1.8645037002946727e+22
4.546355108380938e-07 1.8988266665820377e+22
4.5883887170013237e-07 1.934139437965229e+22
4.631206827462329e-07 1.970266377016419e+22
4.6730708439817624e-07 2.006035793021114e+22
4.717491669494897e-07 2.0444292872566984e+22
4.760937486865533e-07 2.0821779228432253e+22
4.80519097241347e-07 2.121170442562515e+22
4.848379480567245e-07 2.1594606347707465e+22
4.894281298134746e-07 2.2005869320719724e+22
4.939093587090598e-07 2.241058767474821e+22
4.984734066199911e-07 2.2826772735619253e+22
5.031225908666497e-07 2.325472866730086e+22
5.078593160364953e-07 2.369414855460187e+22
5.124743118864758e-07 2.4127191481143427e+22
5.171739512618416e-07 2.45714441688702e+22
5.219605843824813e-07 2.5028569887034323e+22
5.268366492896637e-07 2.5499095841006254e+22
5.318046759867801e-07 2.597979045910656e+22
5.366350817807777e-07 2.645623903688077e+22
5.415540415002872e-07 2.6942802138357337e+22
5.465640128093207e-07 2.7443671663702807e+22
5.516675451654772e-07 2.7957535813667113e+22
5.568672841459416e-07 2.848709895596695e+22
5.61911371864655e-07 2.900435709908807e+22
5.670476732528144e-07 2.953869348769088e+22
5.722787403492427e-07 3.0086416796735913e+22
5.776072202407626e-07 3.064817582950899e+22
5.830358595287397e-07 3.1231150865415536e+22
5.882884348398094e-07 3.1791977081446817e+22
5.939206840962939e-07 3.240633678602321e+22
5.993721299889652e-07 3.2997682307342143e+22
6.049245778045626e-07 3.361319139080939e+22
6.105808607663179e-07 3.4253540345293757e+22
6.160378893133854e-07 3.4870536961945684e+22
6.219049168306556e-07 3.552535476253345e+22
6.275671770749408e-07 3.617476382898406e+22
6.333334911062573e-07 3.684398213521126e+22
6.392067537749397e-07 3.7527655974418925e+22
6.451899683188549e-07 3.823729242754203e+22
6.512862514840725e-07 3.897182202281616e+22
6.571505874349354e-07 3.967373679453682e+22
6.631214906879519e-07 4.039075590116765e+22
6.692018927061262e-07 4.113494114428605e+22
6.753948334660632e-07 4.190177490657851e+22
6.81703466525911e-07 4.2697681261553575e+22
6.881310643800101e-07 4.350175484979693e+22
6.946810241193494e-07 4.433841752959257e+22
7.009606265972645e-07 4.5138448333040515e+22
7.073547942287105e-07 4.596999871627679e+22
7.138666910685604e-07 4.6814044025222265e+22
7.20499598767223e-07 4.769431382365755e+22
7.272569220850868e-07 4.858987788978822e+22
7.341421947202118e-07 4.951562310398235e+22
7.407166024341242e-07 5.040930733596119e+22
7.474098247452758e-07 5.130992866053933e+22
7.546838862999744e-07 5.232121330680976e+22
7.616330933561436e-07 5.328798552725124e+22
7.687114678297137e-07 5.429131862923467e+22
7.754376931732238e-07 5.524060612731173e+22
7.827762202379546e-07 5.629948922123701e+22
7.902549739344955e-07 5.737593693833854e+22
7.97365237196117e-07 5.8403300455225944e+22
8.046046102964707e-07 5.947652991663875e+22
8.119766420662028e-07 6.056339037013775e+22
8.194850126005006e-07 6.16934931718358e+22
8.27133539384772e-07 6.284064847582367e+22
8.349261837665936e-07 6.4041228981523595e+22
8.428670577969822e-07 6.526716237794084e+22
8.503771823695394e-07 6.644209090099789e+22
8.586161308492443e-07 6.7738880993493665e+22
8.664108303611438e-07 6.8968546522927594e+22
8.743483503010276e-07 7.023241027094162e+22
8.82432652259714e-07 7.1532093769811134e+22
8.906678457122455e-07 7.288187593710485e+22
8.990581949834478e-07 7.42555110199747e+22
9.069446703780395e-07 7.556936514653086e+22
9.156459845587882e-07 7.702130613214692e+22
9.238274825593135e-07 7.840001268329768e+22
9.328573752459835e-07 7.994766266760028e+22
9.413507656124112e-07 8.140644666301838e+22
9.500002366593859e-07 8.290843218763556e+22
9.588101306624096e-07 8.445935456915044e+22
9.677849524782824e-07 8.605009956238612e+22
9.761607467168827e-07 8.75447574588749e+22
9.85464899981857e-07 8.920929161880089e+22
9.949481227563416e-07 9.093716314353786e+22
1.0038028390591892e-06 9.256299743823168e+22
1.0128165788384964e-06 9.423505091870828e+22
1.0228361987445655e-06 9.6101063448184e+22
1.032196596570015e-06 9.78718276101836e+22
1.0417298984694862e-06 9.968856512459966e+22
1.0514409398958968e-06 1.0155586282542124e+23
1.0613347383038135e-06 1.034780457521691e+23
1.0704920699544072e-06 1.052671591402802e+23
1.0807493981508345e-06 1.0730406327849505e+23
1.090246317291e-06 1.0919133263708285e+23
1.1008875856940178e-06 1.1134133465607299e+23
1.110743338475522e-06 1.1334248648970977e+23
1.1207771536379026e-06 1.1540341927916257e+23
1.1320258294499618e-06 1.177267882858544e+23
1.1424496400342154e-06 1.1990556557535717e+23
1.1530672017445707e-06 1.2214282533704295e+23
1.162793166895181e-06 1.2420471845327016e+23
1.1737940483227605e-06 1.2657072094608054e+23
1.1850050707518223e-06 1.2900747185261992e+23
1.195279681191867e-06 1.312493024949836e+23
1.2069069154447063e-06 1.338205838460358e+23
1.2175665447273387e-06 1.3618635646378458e+23
1.2296336066175994e-06 1.388993893750142e+23
1.240700309077158e-06 1.4141021345977347e+23
1.2522207398840917e-06 1.4405973326515121e+23
1.2638283682155018e-06 1.4672987352919772e+23
1.2755220613520694e-06 1.4946020124580662e+23
1.2873005904515026e-06 1.522273356746375e+23
1.2991626273059246e-06 1.5505296589046575e+23
1.3112453065706595e-06 1.5795377872122865e+23
1.323272513947481e-06 1.6086467944681233e+23
1.3355223994371992e-06 1.6384385232595415e+23
1.3480012049947394e-06 1.669284706213208e+23
1.3604170055670592e-06 1.700208629786846e+23
1.3730636443970317e-06 1.7318643740979666e+23
1.3856380490028568e-06 1.7638100278654455e+23
1.398444893008519e-06 1.7966063542836997e+23
1.4114906815439797e-06 1.8303265052567757e+23
1.4244550046810078e-06 1.8639749953579648e+23
1.4376596860685492e-06 1.8987210657409695e+23
1.4509417718128384e-06 1.933985421350998e+23
1.4644715640665227e-06 1.9702585310877194e+23
1.477903882164572e-06 2.0065362383350212e+23
1.4915848870848259e-06 2.0438961179635864e+23
1.5055215496628538e-06 2.082177922843225e+23
1.5193488967391111e-06 2.120783985373238e+23
1.5334325906280534e-06 2.1602013665603226e+23
1.5475867644719446e-06 2.2002276516815738e+23
1.562004669617472e-06 2.2413101483252336e+23
1.5764934041641144e-06 2.2832071944008683e+23
1.5910493832741191e-06 2.3254953128811254e+23
1.605668835352864e-06 2.368460206251945e+23
1.6205594423682838e-06 2.4126326119382173e+23
1.6355131941433667e-06 2.4573797064690824e+23
1.650745488394303e-06 2.5032937522246165e+23
1.6660404311496684e-06 2.5499325716551195e+23
1.6813935615627564e-06 2.5971055188625737e+23
1.697032292541592e-06 2.6457564149484017e+23
1.7127282013765295e-06 2.6948319151452383e+23
1.728476329168512e-06 2.744367166370281e+23
1.7445167450466227e-06 2.795615656051363e+23
1.7606077892396168e-06 2.8476186525191616e+23
1.7769984375209941e-06 2.9007521216784028e+23
1.7934378564283869e-06 2.9546684991401956e+23
1.8099202174721486e-06 3.009488136604082e+23
1.8267083466978182e-06 3.065572089447638e+23
1.8435368634133106e-06 3.1228689685621395e+23
1.8606783279501468e-06 3.181078604860444e+23
1.877857286328376e-06 3.239885917407153e+23
1.8953564147222088e-06 3.299768230734214e+23
1.912889776560527e-06 3.361192041713539e+23
1.930450146378027e-06 3.4230120550013315e+23
1.948335912495537e-06 3.48717946208815e+23
1.9662445468734675e-06 3.55200001698389e+23
1.9844854591765163e-06 3.6173668590764084e+23
2.0030679836570197e-06 3.6856193047602926e+23
2.0213429603733433e-06 3.752765597441892e+23
2.040289934348229e-06 3.823752230304536e+23
2.058911896908659e-06 3.894181660721638e+23
2.078224973328573e-06 3.9681796629162374e+23
2.0971945724766024e-06 4.0401817435193e+23
2.116874780885784e-06 4.1165392987750656e+23
2.1361919922127376e-06 4.192975226799471e+23
2.156239675142784e-06 4.2712637366415735e+23
2.1759037339129394e-06 4.349661683037215e+23
2.196318479513468e-06 4.430989964708088e+23
2.216327811856302e-06 4.513547326683642e+23
2.237108382757227e-06 4.5972135049619266e+23
2.2578713540985587e-06 4.6832230825564016e+23
2.2786047916935868e-06 4.769619365829188e+23
2.299722537677772e-06 4.858982374872194e+23
2.3208011767249496e-06 4.948446831096923e+23
2.3422697924809475e-06 5.040930733596119e+23
2.3641393084549505e-06 5.1339650060017495e+23
2.385962132840688e-06 5.229794263359861e+23
2.408191593705664e-06 5.32781000106906e+23
2.4303629952539826e-06 5.426258508297645e+23
2.4529464394566192e-06 5.527925184406563e+23
2.4754595153175536e-06 5.629948922123701e+23
2.498389667896009e-06 5.734102336932544e+23
2.5217485956852803e-06 5.841747108594128e+23
2.5450262750300675e-06 5.950388510662494e+23
2.568205980288052e-06 6.058129315302971e+23
2.5923533411557833e-06 6.173883279702772e+23
2.616407231288819e-06 6.289346482190659e+23
2.6403496681786724e-06 6.404122898152359e+23
2.6647343408014564e-06 6.523178905722695e+23
2.6895736160354607e-06 6.645328823681103e+23
2.714286390455388e-06 6.768204759111652e+23
2.739457516178313e-06 6.894308537166117e+23
2.765099864223664e-06 7.023241027094162e+23
2.790598985778583e-06 7.153209376981114e+23
2.8159335203748477e-06 7.284594789806578e+23
2.8423832968548867e-06 7.42197587155327e+23
2.868671234860481e-06 7.559473310924281e+23
2.8954499628405087e-06 7.702130613214692e+23
2.922045004892035e-06 7.843492625184852e+23
2.9491331330571854e-06 7.989388598720559e+23
2.976014173847824e-06 8.136078220407608e+23
3.004116971131133e-06 8.290843218763555e+23
3.0312736600956705e-06 8.442053311695493e+23
3.059680170350575e-06 8.599632288307374e+23
3.0878554232880982e-06 8.759757381083093e+23
3.116554406121974e-06 8.923319867484642e+23
3.1449944463299315e-06 9.086276512120489e+23
3.1747704940561875e-06 9.25878648260271e+23
3.203460648275647e-06 9.427753706827387e+23
3.233516573044457e-06 9.604824708769184e+23
3.2632832958368175e-06 9.782616315302052e+23
3.29360315656267e-06 9.965319180552012e+23
3.3236011494164426e-06 1.0147767851297817e+24
3.355057623248129e-06 1.0341531724294462e+24
3.386190799883073e-06 1.053277788247583e+24
3.4169658746272594e-06 1.0726457882560035e+24
3.449264134215063e-06 1.0930443051789382e+24
3.480225270903669e-06 1.1126693663443931e+24
3.5127415319285334e-06 1.1335239865257707e+24
3.5458711319724436e-06 1.1550630855692573e+24
3.5785991031934176e-06 1.1764542565834705e+24
3.610885649235035e-06 1.1978098634446012e+24
3.6448305202031668e-06 1.2204384394513502e+24
3.6783288143408182e-06 1.242962346607155e+24
3.7124485609729446e-06 1.266163312722684e+24
3.747207215575832e-06 1.290074718526199e+24
3.7814700063308684e-06 1.3135924957297892e+24
3.8163651463462256e-06 1.3379600047887595e+24
3.851910304492885e-06 1.3631020524229162e+24
3.886905730191597e-06 1.387857776002127e+24
3.9237833936659015e-06 1.4143558141891494e+24
3.960103125046786e-06 1.4406250508561722e+24
3.995814199926435e-06 1.4667410962066314e+24
4.033486050315858e-06 1.4946020124580662e+24
4.070539071775453e-06 1.5222310294968315e+24
4.108279169129662e-06 1.5505296589046574e+24
4.146725631942373e-06 1.5795672627601082e+24
4.184486708523299e-06 1.608547672865459e+24
4.222941828036617e-06 1.6382594954391237e+24
4.2621103025666715e-06 1.668790740098467e+24
4.302012167396526e-06 1.700208629786846e+24
4.341148737148908e-06 1.731233840564877e+24
4.382551427330124e-06 1.7645623954350544e+24
4.423174007405198e-06 1.7973176105237788e+24
4.462950752076108e-06 1.8297281543004708e+24
4.505084637171961e-06 1.8645037002946726e+24
4.546355108380938e-06 1.8988266665820375e+24
4.5883887170013235e-06 1.934139437965229e+24
4.631206827462329e-06 1.970266377016419e+24
4.6730708439817624e-06 2.006035793021114e+24
4.717491669494898e-06 2.0444292872566986e+24
4.760937486865534e-06 2.082177922843225e+24
4.80519097241347e-06 2.1211704425625148e+24
4.8483794805672445e-06 2.1594606347707466e+24
4.894281298134746e-06 2.2005869320719727e+24
4.939093587090597e-06 2.241058767474821e+24
4.984734066199912e-06 2.2826772735619253e+24
5.031225908666497e-06 2.3254728667300857e+24
5.078593160364953e-06 2.3694148554601873e+24
5.124743118864759e-06 2.4127191481143428e+24
5.171739512618416e-06 2.45714441688702e+24
5.219605843824813e-06 2.502856988703432e+24
5.268366492896637e-06 2.5499095841006254e+24
5.318046759867801e-06 2.597979045910656e+24
5.366350817807777e-06 2.6456239036880774e+24
5.415540415002873e-06 2.6942802138357337e+24
5.465640128093207e-06 2.744367166370281e+24
5.516675451654771e-06 2.8365301329628274e+24
5.568672841459417e-06 3.0872688031602817e+24
5.619113718646549e-06 3.3273238919341454e+24
5.6704767325281446e-06 3.569107623252324e+24
5.722787403492427e-06 3.8122229372666164e+24
5.776072202407626e-06 4.05674576248994e+24
5.8303585952873965e-06 4.3033835119715544e+24
5.882884348398094e-06 4.538384293643321e+24
5.939206840962939e-06 4.788164274994902e+24
5.9937212998896524e-06 5.026210274898192e+24
6.0492457780456266e-06 5.266677279027291e+24
6.105808607663179e-06 5.509657284030476e+24
6.160378893133853e-06 5.740845698713881e+24
6.219049168306557e-06 5.985260191006097e+24
6.275671770749409e-06 6.219707049816455e+24
6.333334911062572e-06 6.456128439340127e+24
6.392067537749398e-06 6.69400135928901e+24
6.451899683188549e-06 6.934470917138224e+24
6.512862514840725e-06 7.177410872109435e+24
6.571505874349353e-06 7.40769807102738e+24
6.631214906879519e-06 7.639478480356588e+24
6.692018927061262e-06 7.873976094004739e+24
6.7539483346606315e-06 8.110754689914413e+24
6.81703466525911e-06 8.350423438955239e+24
6.8813106438001e-06 8.590926258989383e+24
6.946810241193494e-06 8.834666627965534e+24
7.009606265972644e-06 9.065344592193682e+24
7.073547942287104e-06 9.299168656521311e+24
7.138666910685604e-06 9.534231180471446e+24
7.2049959876722295e-06 9.772944055228917e+24
7.272569220850868e-06 1.0013170300484778e+25
7.341421947202118e-06 1.0256414734301506e+25
7.407166024341242e-06 1.0487026103957114e+25
7.474098247452759e-06 1.071833168749381e+25
7.546838862999745e-06 1.0970134348145834e+25
7.616330933561437e-06 1.120807467997773e+25
7.687114678297138e-06 1.1449672195177014e+25
7.754376931732238e-06 1.1676418816825678e+25
7.827762202379545e-06 1.1923568596065618e+25
7.902549739344956e-06 1.2172479574903954e+25
7.97365237196117e-06 1.2407056837990738e+25
8.046046102964708e-06 1.2646196570468457e+25
8.119766420662029e-06 1.2886723799215313e+25
8.194850126005006e-06 1.3131568058909681e+25
8.27133539384772e-06 1.337810774583505e+25
8.349261837665935e-06 1.3630019089552349e+25
8.428670577969824e-06 1.3884457770525434e+25
8.503771823695394e-06 1.4124376243868855e+25
8.586161308492443e-06 1.4385897541298155e+25
8.664108303611439e-06 1.4631260193523225e+25
8.743483503010276e-06 1.4880073964180787e+25
8.82432652259714e-06 1.5132457709975372e+25
8.906678457122455e-06 1.542549723291065e+25
8.99058194983448e-06 1.5751490413206222e+25
9.069446703780395e-06 1.6056982967068375e+25
9.156459845587883e-06 1.6390794800129988e+25
9.238274825593134e-06 1.6702768668739088e+25
9.328573752459835e-06 1.7046146426877149e+25
9.413507656124113e-06 1.7366133888568645e+25
9.500002366593858e-06 1.769046234403056e+25
9.588101306624096e-06 1.8019645312145527e+25
9.677849524782825e-06 1.8352828598021968e+25
9.761607467168829e-06 1.8661898855077822e+25
9.85464899981857e-06 1.9002454931291146e+25
9.949481227563417e-06 1.9349368320288776e+25
1.0038028390591894e-05 1.967153790893486e+25
1.0128165788384964e-05 1.9998366095742027e+25
1.0228361987445657e-05 2.0359064615381507e+25
1.032196596570015e-05 2.0695741078716655e+25
1.0417298984694862e-05 2.112298746408448e+25
1.0514409398958966e-05 2.1574404475373296e+25
1.0613347383038135e-05 2.2031308088451127e+25
1.0704920699544073e-05 2.245084292754408e+25
1.0807493981508344e-05 2.291926113293066e+25
1.090246317291e-05 2.334849433517047e+25
1.1008875856940179e-05 2.3828188178961544e+25
1.1107433384755221e-05 2.426905288592491e+25
1.1207771536379025e-05 2.4715840041792604e+25
1.1320258294499616e-05 2.5212820673357808e+25
1.1424496400342155e-05 2.567133290437813e+25
1.1530672017445707e-05 2.6135712544684474e+25
1.162793166895181e-05 2.655834035095119e+25
1.1737940483227607e-05 2.7035659367533454e+25
1.1850050707518224e-05 2.751986573219693e+25
1.1952796811918672e-05 2.7960720685034044e+25
1.2069069154447062e-05 2.8458381256787092e+25
1.2175665447273385e-05 2.8911485872375104e+25
1.2296336066175995e-05 2.9423520263109584e+25
1.2407003090771581e-05 2.98911637948404e+25
1.2522207398840916e-05 3.0563603211608925e+25
1.2638283682155017e-05 3.1233743573218825e+25
1.2755220613520696e-05 3.190537340638192e+25
1.2873005904515024e-05 3.2576313517330917e+25
1.2991626273059245e-05 3.3248633037357345e+25
1.3112453065706594e-05 3.3928714224928105e+25
1.3232725139474808e-05 3.4600739049996794e+25
1.3355223994371992e-05 3.5279550892637165e+25
1.3480012049947392e-05 3.596893829938273e+25
1.3604170055670592e-05 3.6650334123058603e+25
1.3730636443970319e-05 3.733885695935582e+25
1.3856380490028569e-05 3.8021567436660542e+25
1.398444893008519e-05 3.8712674258222446e+25
1.4114906815439796e-05 3.941320712789964e+25
1.424455004681008e-05 4.010401927272502e+25
1.4376596860685493e-05 4.080598660247403e+25
1.4509417718128382e-05 4.1508588597879595e+25
1.4644715640665226e-05 4.2221131481385525e+25
1.4779038821645717e-05 4.292504810731833e+25
1.4915848870848256e-05 4.363977018230427e+25
1.5055215496628541e-05 4.4363578303084055e+25
1.519348896739111e-05 4.508197880430782e+25
1.5334325906280535e-05 4.5808315835951445e+25
1.5475867644719448e-05 4.653642726864557e+25
1.5620046696174718e-05 4.756796663596822e+25
1.5764934041641144e-05 4.868566819378698e+25
1.591049383274119e-05 4.979749251530006e+25
1.605668835352864e-05 5.090661299147207e+25
1.6205594423682837e-05 5.202780823078353e+25
1.6355131941433668e-05 5.314543506927379e+25
1.650745488394303e-05 5.427432716780238e+25
1.6660404311496683e-05 5.540115011324755e+25
1.6813935615627565e-05 5.652354011982648e+25
1.6970322925415922e-05 5.766099367267073e+25
1.7127282013765297e-05 5.879274498601056e+25
1.728476329168512e-05 5.991977842259961e+25
1.7445167450466226e-05 6.106388949776406e+25
1.760607789239617e-05 6.220622607762517e+25
1.776998437520994e-05 6.33596984811962e+25
1.7934378564283868e-05 6.451127659596702e+25
1.8099202174721487e-05 6.566239490215369e+25
1.826708346697818e-05 6.6826102875005705e+25
1.8435368634133105e-05 6.7992394844250505e+25
1.860678327950147e-05 6.916787327505207e+25
1.877857286328376e-05 7.033983838181355e+25
1.895356414722209e-05 7.152232399406923e+25
1.9128897765605272e-05 7.271097165271783e+25
1.930450146378027e-05 7.3893797222749775e+25
1.948335912495537e-05 7.5100037343989375e+25
1.9662445468734677e-05 7.630337932339272e+25
1.9844854591765163e-05 7.751224868508848e+25
2.0030679836570197e-05 7.874985593191627e+25
2.021342960373343e-05 7.995718069906023e+25
2.040289934348229e-05 8.121259069821206e+25
2.0589118969086592e-05 8.2443320269008e+25
2.0782249733285726e-05 8.425243934218078e+25
2.0971945724766023e-05 8.644900832450105e+25
2.116874780885784e-05 8.871634194572866e+25
2.1361919922127373e-05 9.093009803297668e+25
2.156239675142784e-05 9.31894849418043e+25
2.1759037339129394e-05 9.539542379510088e+25
2.196318479513468e-05 9.765788990718545e+25
2.216327811856302e-05 9.9877943391921e+25
2.2371083827572267e-05 1.02136575285974e+26
2.2578713540985585e-05 1.0439103992991866e+26
2.278604791693587e-05 1.0662228414355697e+26
2.2997225376777723e-05 1.0888307588016914e+26
2.3208011767249497e-05 1.1111762961609128e+26
2.3422697924809478e-05 1.1338232007811305e+26
2.3641393084549505e-05 1.1565257372984204e+26
2.3859621328406886e-05 1.1792334226306207e+26
2.4081915937056637e-05 1.2021597094294831e+26
2.4303629952539823e-05 1.224856162713268e+26
2.4529464394566193e-05 1.2478749623048689e+26
2.475459515317554e-05 1.2706563846739618e+26
2.498389667896009e-05 1.2936501580267478e+26
2.5217485956852804e-05 1.3169935788328626e+26
2.545026275030068e-05 1.3401601400246428e+26
2.5682059802880522e-05 1.3629668517387369e+26
2.5923533411557836e-05 1.3868469567761595e+26
2.616407231288819e-05 1.4104241378693328e+26
2.6403496681786724e-05 1.4336620394048688e+26
2.6647343408014564e-05 1.4573236380322505e+26
2.6895736160354605e-05 1.4812976182878261e+26
2.7142863904553883e-05 1.5050708645912945e+26
2.739457516178313e-05 1.5291642015713437e+26
2.7650998642236638e-05 1.5535437483325992e+26
2.790598985778583e-05 1.5777526829065224e+26
2.815933520374848e-05 1.6018277213939926e+26
2.8423832968548864e-05 1.6267761345518906e+26
2.8686712348604812e-05 1.6514654690115095e+26
2.8954499628405086e-05 1.6766699148241565e+26
2.922045004892035e-05 1.7014701511695112e+26
2.9491331330571855e-05 1.7267232962067908e+26
2.9760141738478244e-05 1.7517841625115647e+26
3.0041169711311335e-05 1.777925218382854e+26
3.0312736600956707e-05 1.8031656646288464e+26
3.059680170350574e-05 1.829313871510995e+26
3.087855423288099e-05 1.8554445275338785e+26
3.1165544061219745e-05 1.9047763792971265e+26
3.144994446329932e-05 1.974226325016212e+26
3.1747704940561877e-05 2.0461103312699452e+26
3.203460648275647e-05 2.1146856079288035e+26
3.233516573044457e-05 2.1855500207213e+26
3.2632832958368175e-05 2.25500755765063e+26
3.2936031565626704e-05 2.3249627717916344e+26
3.3236011494164424e-05 2.393401009058712e+26
3.355057623248129e-05 2.4644670172199075e+26
3.386190799883073e-05 2.5337783243168195e+26
3.4169658746272596e-05 2.6018766267539812e+26
3.4492641342150625e-05 2.6724818478955532e+26
3.480225270903669e-05 2.7393606873979757e+26
3.5127415319285335e-05 2.8089358906744768e+26
3.5458711319724434e-05 2.8792072593938342e+26
3.578599103193418e-05 2.9478508605321275e+26
3.610885649235035e-05 3.0149761346916902e+26
3.644830520203167e-05 3.0848557197182777e+26
3.6783288143408185e-05 3.153148006936766e+26
3.712448560972944e-05 3.222130018933214e+26
3.747207215575832e-05 3.2918137138225495e+26
3.781470006330868e-05 3.3596167477891446e+26
3.816365146346226e-05 3.42828791827366e+26
3.851910304492884e-05 3.4977177882312115e+26
3.8869057301915976e-05 3.565307463220198e+26
3.923783393665901e-05 3.636088279370996e+26
3.960103125046786e-05 3.7051788024976954e+26
3.995814199926435e-05 3.772647083765858e+26
4.033486050315858e-05 3.8433239799448184e+26
4.070539071775452e-05 3.9122931095436854e+26
4.1082791691296624e-05 3.981934492830008e+26
4.1467256319423736e-05 4.052323541526643e+26
4.184486708523298e-05 4.1211712770609504e+26
4.222941828036617e-05 4.190742764235307e+26
4.262110302566672e-05 4.2611603201585044e+26
4.3020121673965253e-05 4.332439572332588e+26
4.341148737148909e-05 4.4018556376120446e+26
4.382551427330124e-05 4.4750550883886724e+26
4.423174007405198e-05 4.546201908542481e+26
4.462950752076108e-05 4.615519564515434e+26
4.505084637171961e-05 4.688684061155544e+26
4.546355108380938e-05 4.759927428278358e+26
4.588388717001324e-05 4.832160327547297e+26
4.631206827462329e-05 4.905191458253638e+26
4.673070843981763e-05 4.9764118264234314e+26
4.717491669494897e-05 5.051719971350926e+26
4.7609374868655334e-05 5.1249120271614646e+26
4.8051909724134705e-05 5.1993400670105885e+26
4.8483794805672445e-05 5.2715885588865264e+26
4.894281298134746e-05 5.348143702849916e+26
4.9390935870905965e-05 5.422588269708118e+26
4.984734066199911e-05 5.498159376383285e+26
5.0312259086664966e-05 5.574914968185686e+26
5.078593160364953e-05 5.652826542326876e+26
5.1247431188647585e-05 5.7286330491828825e+26
5.1717395126184165e-05 5.805520110293712e+26
5.219605843824813e-05 5.883729598705863e+26
5.268366492896637e-05 5.963261514192887e+26
5.318046759867801e-05 6.043816029141813e+26
5.366350817807777e-05 6.122479795402744e+26
5.415540415002872e-05 6.202148678272004e+26
5.465640128093207e-05 6.28324296564541e+26
5.516675451654771e-05 6.365654166519341e+26
5.568672841459417e-05 6.449617695438234e+26
5.6191137186465493e-05 6.530878390290745e+26
5.6704767325281444e-05 6.613846837787002e+26
5.722787403492426e-05 6.698154228005618e+26
5.776072202407626e-05 6.783847502293981e+26
5.830358595287397e-05 6.871691818132167e+26
5.882884348398094e-05 6.955819784313332e+26
5.939206840962939e-05 7.046790769649612e+26
5.993721299889652e-05 7.13398289981992e+26
6.049245778045627e-05 7.223578964415531e+26
6.10580860766318e-05 7.315688414252835e+26
6.160378893133854e-05 7.403961040415066e+26
6.219049168306556e-05 7.51447516162223e+26
6.275671770749408e-05 7.749120440839879e+26
6.333334911062573e-05 7.985532162453195e+26
6.392067537749397e-05 8.221840665496972e+26
6.451899683188549e-05 8.458425778671865e+26
6.512862514840725e-05 8.695384037252371e+26
6.571505874349354e-05 8.91990764061476e+26
6.631214906879519e-05 9.14512260134731e+26
6.692018927061263e-05 9.370060693313614e+26
6.753948334660632e-05 9.595366498516521e+26
6.81703466525911e-05 9.821128319156782e+26
6.8813106438001e-05 1.0048525157286323e+27
6.946810241193494e-05 1.0273841664176839e+27
7.009606265972643e-05 1.0487841999829169e+27
7.073547942287104e-05 1.0702779293905067e+27
7.138666910685605e-05 1.0916888930934348e+27
7.20499598767223e-05 1.1132944413210822e+27
7.272569220850867e-05 1.134880948271888e+27
7.341421947202118e-05 1.1563466116437515e+27
7.407166024341242e-05 1.1766658434570971e+27
7.47409824745276e-05 1.1970946977145146e+27
7.546838862999744e-05 1.2187924705909847e+27
7.616330933561437e-05 1.2392412797282454e+27
7.687114678297137e-05 1.259703503890822e+27
7.754376931732237e-05 1.278763852115113e+27
7.827762202379545e-05 1.299406859372556e+27
7.902549739344956e-05 1.319946806265078e+27
7.97365237196117e-05 1.3392092697218195e+27
8.046046102964707e-05 1.3584849725858888e+27
8.119766420662029e-05 1.3778966147873514e+27
8.194850126005006e-05 1.397362210805684e+27
8.27133539384772e-05 1.4167682322086666e+27
8.349261837665935e-05 1.4363237838663524e+27
8.428670577969823e-05 1.4558227541788014e+27
8.503771823695394e-05 1.474006967424305e+27
8.586161308492443e-05 1.4936391129143837e+27
8.664108303611439e-05 1.5120144999099468e+27
8.743483503010275e-05 1.5304048735983514e+27
8.824326522597141e-05 1.548794693044445e+27
8.906678457122455e-05 1.567226535685552e+27
8.990581949834478e-05 1.5856675739657877e+27
9.069446703780395e-05 1.602881191694484e+27
9.156459845587883e-05 1.6214224959138272e+27
9.238274825593135e-05 1.6386281940630353e+27
9.328573752459834e-05 1.6573716129749094e+27
9.413507656124112e-05 1.6746329579566906e+27
9.50000236659386e-05 1.6920498805683977e+27
9.588101306624096e-05 1.7094575622931592e+27
9.677849524782824e-05 1.7269546991336525e+27
9.761607467168827e-05 1.7430008441868411e+27
9.85464899981857e-05 1.7606164303584066e+27
9.949481227563417e-05 1.7781773895079117e+27
0.00010038028390591894 1.794495943520329e+27
0.00010128165788384963 1.8107213383558016e+27
0.00010228361987445656 1.8285112772294343e+27
0.0001032196596570015 1.8448989760368323e+27
0.00010417298984694862 1.8615043731458595e+27
0.00010514409398958965 1.877940354455924e+27
0.00010613347383038135 1.8945762792309086e+27
0.00010704920699544072 1.909560800702744e+27
0.00010807493981508344 1.9262376417806804e+27
0.0001090246317291 1.9414273435204264e+27
0.00011008875856940179 1.9583989481595467e+27
0.0001110743338475522 1.9736394012597525e+27
0.00011207771536379025 1.988926222002819e+27
0.00011320258294499617 2.0059082153019506e+27
0.00011424496400342156 2.0214958442611693e+27
0.00011530672017445707 2.0369559565052488e+27
0.00011627931668951809 2.0509827878044687e+27
0.00011737940483227608 2.0668140450291868e+27
0.00011850050707518224 2.0825473299666208e+27
0.0001195279681191867 2.0968295849477797e+27
0.00012069069154447063 2.1125249364458173e+27
0.00012175665447273385 2.12708313223308e+27
0.00012296336066175997 2.142917795860461e+27
0.0001240700309077158 2.1589775293064677e+27
0.0001243186682442042 2.1637344809192237e+27
0.0001248189445751668 2.178797259973981e+27
0.00012532326354314729 2.200387497804346e+27
0.00012583167434859614 2.2198832635089234e+27
0.00012634422699360061 2.2386432391539414e+27
0.0001268609722982779 2.354183521167638e+27
0.0001273819619175727 2.8056043839627507e+27
0.0001279072483584699 3.3366658599293733e+27
0.0001284368849976354 2.4598666415852316e+27
0.00012897092609949666 2.308670375967064e+27
0.0001295094268347764 2.3385952453913214e+27
0.00013005244329949246 2.3432262524651606e+27
0.00013060003253443769 2.3520864410504963e+27
0.0001311522525451541 2.369621298239899e+27
0.00013170916232241593 2.3907235511930358e+27
0.00013227082186323646 2.4144964946175777e+27
0.0001328372921924152 2.4276533894920666e+27
0.00013340863538464063 2.473639120314952e+27
0.0001339849145871661 2.5197660044368694e+27
0.00013456619404307571 2.480023034011447e+27
0.00013515253911515883 2.502241094631902e+27
0.00013574401631041117 2.5745306244390643e+27
0.0001363406933051822 2.6465292116792744e+27
0.00013694263897098873 2.556317677103596e+27
0.00013754992340101529 2.575086946498408e+27
0.00013816261793732273 2.601476238152347e+27
0.00013878079519878727 2.6233111481049995e+27
0.00013940452910979302 2.6457480094071875e+27
0.00014003389492970182 2.65185887037199e+27
0.00014066896928312448 2.6746547380175147e+27
0.00014130983019102028 2.71203695855182e+27
0.00014195655710264968 2.7452868966603756e+27
0.00014260923092840897 2.739288278150935e+27
0.00014326793407357484 2.766740719897049e+27
0.00014393275047298816 2.7830279075242915e+27
0.0001446037656267084 2.80339049861438e+27
0.00014528106663666955 2.826319609650916e+27
0.00014596474224437152 2.849419910596639e+27
0.00014665488286964043 2.8754426886278595e+27
0.00014735158065049382 2.9127265310842635e+27
0.00014805492948414772 2.935182227493133e+27
0.0001487650250692036 2.9461992885284005e+27
0.0001494819649490552 2.970202647902633e+27
0.00015020584855655666 2.995362807871552e+27
0.00015093677725999487 3.020987518080398e+27
0.0001516748544104105 3.0498795818883484e+27
0.00015242018539031425 3.0801544773958465e+27
0.00015317287766384669 3.106875609243417e+27
0.00015393304082843152 3.1861593288463563e+27
0.0001547007866679748 3.215894230709332e+27
0.0001554762292076639 3.1884808055071754e+27
0.00015625948477042292 3.21001434091605e+27
0.00015705067203508329 3.2384576433449244e+27
0.00015784991209633054 3.2674123118483604e+27
0.00015865732852649077 3.296925157101954e+27
0.0001594730474392234 3.326938285664505e+27
0.00016029719755518835 3.357997965349387e+27
0.00016112991026976078 3.3961751538828375e+27
0.00016197131972286657 3.426682198674847e+27
0.00016282156287101808 3.4511080267200195e+27
0.00016368077956163034 3.484485187248128e+27
0.00016454911260970265 3.540985030398472e+27
0.0001654267078769544 3.714807312746669e+27
0.00016631371435350646 3.9219249266749383e+27
0.00016721028424220458 3.703593233453855e+27
0.00016811657304568537 3.654241101434009e+27
0.00016903273965628856 3.687393882113579e+27
0.00016995894644892577 3.725164176865274e+27
0.00017089535937701898 3.793504509206595e+27
0.00017184214807162854 3.9473294838293957e+27
0.00017279948594389389 3.9489389655244364e+27
0.0001737675502909185 3.8748960057168326e+27
0.00017474652240523353 3.9305095744801384e+27
0.0001757365876879827 3.9561998128606897e+27
0.0001767379357659769 4.010470844109736e+27
0.00017775076061277335 4.4027660516661315e+27
0.0001787752606739421 5.424370525221121e+27
0.00017981163899668956 4.125112999579902e+27
0.00018086010336401721 4.16226559577299e+27
0.00018192086643360088 4.210228774536012e+27
0.00018299414588158672 4.2623440770184217e+27
0.00018408016455150712 4.299103359507371e+27
0.00018517915060853107 4.347278193019929e+27
0.00018629133769927297 4.4230801044629187e+27
0.0001874169651173955 4.433542759154816e+27
0.00018855627797525196 4.490429347261387e+27
0.00018970952738182843 4.609333734777565e+27
0.0001908769706272551 4.599399596289502e+27
0.00019205887137417306 4.6325045966155776e+27
0.00019325549985625513 4.684404977043232e+27
0.00019416280267248168 4.724153414318672e+27
0.00019477241900740314 4.750957086836077e+27
0.00019538587544522173 4.7782563155451065e+27
0.00019600320838501707 4.8067907615334487e+27
0.00019662445468734675 4.839537671064397e+27
0.00019724965168158314 4.8763130943591984e+27
0.00019787883717339042 4.906704366251341e+27
0.0001985120494523453 4.9453334887165864e+27
0.00019914932729970432 4.972689786309942e+27
0.00019979070999632173 4.977735067683101e+27
0.0002004362373307202 5.003263082026833e+27
0.00020108594960731896 5.032677590922222e+27
0.00020173988765482244 5.063081579301532e+27
0.00020239809283477292 5.096978096424162e+27
0.00020306060705027138 5.134546342295312e+27
0.00020372747275486996 5.160863925465194e+27
0.00020439873296164052 5.183897534843019e+27
0.00020507443125242282 5.214950848626761e+27
0.00020575461178725673 5.247166490772877e+27
0.000206439319314003 5.284983583924386e+27
0.00020712859917815658 5.352963122043735e+27
0.0002078224973328573 5.471604792813049e+27
0.00020852106034910219 5.50305132193612e+27
0.0002092243354261649 5.456451450267275e+27
0.00020993237040222638 5.527094348364063e+27
0.00021064521376522205 5.52846656602829e+27
0.00021136291466391106 5.510827526645014e+27
0.0002120855229191723 5.545103821742026e+27
0.0002128130890355331 5.585747479167151e+27
0.000213545664212936 5.62040029488571e+27
0.00021428330035874922 5.648269442219895e+27
0.00021502605010002737 5.68345825100386e+27
0.00021577396679602745 5.719957614987376e+27
0.00021652710455098744 5.759391334552392e+27
0.00021728551822717304 5.802076565907599e+27
0.0002180492634582 5.838452984843628e+27
0.00021881839666263808 5.884773421887878e+27
0.00021959297505790405 5.931496619655049e+27
0.00022037305667445078 5.971646732306865e+27
0.00022115870037025991 6.157953955512448e+27
0.00022194996584564544 6.636894165567353e+27
0.00022274691365837667 6.765257367599247e+27
0.00022354960523912758 6.146489524638332e+27
0.00022435810290726186 6.143272814864417e+27
0.00022517246988696153 6.183368579142161e+27
0.0002259927703237082 6.231830401661292e+27
0.00022681906930112578 6.308907133924852e+27
0.00022765143285819413 6.378385974410864e+27
0.00022848992800684312 6.366449817729866e+27
0.00022933462274993678 6.39325023560966e+27
0.00023018558609965825 6.436564092669702e+27
0.00023104288809630503 6.480539179074894e+27
0.00023190659982750617 6.525083526012066e+27
0.00023277679344787204 6.570398518816804e+27
0.00023365354219908812 6.617801886001169e+27
0.00023453692043046465 6.673926622197276e+27
0.00023542700361995408 6.73020201924047e+27
0.00023632386839564913 6.791170127279961e+27
0.00023722759255777402 6.910415379267488e+27
0.00023813825510118195 6.909384364980311e+27
0.0002390559362383734 6.899910810296817e+27
0.00023998071742304796 6.950746374153303e+27
0.00024091268137420543 7.017770381970511e+27
0.00024185191210081053 7.107956130723776e+27
0.00024279849492703682 7.128419847069683e+27
0.0002437525165181057 7.150971964900788e+27
0.00024471406490673725 7.202732760923023e+27
0.00024568322952022933 7.255811285835689e+27
0.0002466601012081825 7.314423914108813e+27
0.0002476447722708898 7.377566154916656e+27
0.0002486373364884084 7.420552267010051e+27
0.0002496378891503336 7.47275446615854e+27
0.00025064652708629457 7.529460019499753e+27
0.0002516633486971923 7.590174190628334e+27
0.00025268845398720123 7.658662358560754e+27
0.0002537219445965558 7.722146645934996e+27
0.0002547639238351454 7.801721547985459e+27
0.0002558144967169398 7.83264764187788e+27
0.0002568737699952708 7.893355368380172e+27
0.0002579418521989933 7.992373273547077e+27
0.0002590188536695528 8.432817238714986e+27
0.0002601048865989849 9.97018983326191e+27
0.00026120006506887537 1.0245132932022687e+28
0.0002623045050903082 8.286824191193439e+27
0.00026341832464483187 8.264383307028065e+27
0.0002645416437264729 8.346006145770332e+27
0.0002656745843848304 8.503515277629682e+27
0.00026681727076928127 8.68326278221851e+27
0.0002679698291743322 8.577724600745965e+27
0.00026913238808615143 8.601200422041912e+27
0.00027030507823031766 8.67171431396178e+27
0.00027148803262082234 8.743078009480163e+27
0.0002726813866103644 8.815817359714818e+27
0.00027388527794197746 8.895141265187335e+27
0.00027509984680203057 8.991839870303907e+27
0.00027632523587464545 9.048611569348194e+27
0.00027756159039757453 9.117270867442066e+27
0.00027880905821958603 9.193028358162148e+27
0.00028006778985940363 9.276186166003332e+27
0.00028133793856624896 9.400726361369656e+27
0.00028261966038204057 9.499361827684216e+27
0.00028391311420529936 9.537388963861499e+27
0.00028521846185681793 9.594965049755788e+27
0.0002865358681471497 9.677699778643415e+27
0.0002878655009459763 9.764646326321296e+27
0.0002892075312534168 9.854531095667279e+27
0.0002905621332733391 9.95596742890458e+27
0.00029192948448874303 1.0060187595856215e+28
0.00029330976573928086 1.0347322923214142e+28
0.00029470316130098765 1.0572899598378084e+28
0.00029610985896829544 1.0306727774333143e+28
0.0002975300501384072 1.0422985610096319e+28
0.0002989639298981104 1.055398051013576e+28
0.0003004116971131133 1.0618019870561496e+28
0.00030187355451998974 1.0800495005342581e+28
0.000303349708820821 1.0926937685663544e+28
0.0003048403707806285 1.1112607256579869e+28
0.00030634575532769337 1.1903935241488652e+28
0.00030786608165686303 1.1255290912563529e+28
0.0003094015733359496 1.121088449701653e+28
0.0003109524584153278 1.1305925612333522e+28
0.00031251896954084585 1.1435654859959585e+28
0.00031410134407016657 1.1591882295713926e+28
0.0003156998241926611 1.1640269725840255e+28
0.00031731465705298154 1.1761973006537294e+28
0.0003189460948784468 1.1870573589198364e+28
0.0003205943951103767 1.1984094248018693e+28
0.00032225982053952156 1.2103693637626638e+28
0.00032394263944573315 1.2226815962005077e+28
0.00032564312574203617 1.237432125116947e+28
0.0003273615591232607 1.2508342485534027e+28
0.0003290982252194053 1.260568276158672e+28
0.0003308534157539088 1.2801522605344923e+28
0.0003326274287070129 1.296462058155911e+28
0.00033442056848440916 1.299842314087195e+28
0.00033623314609137074 1.3148098222065968e+28
0.0003380654793125771 1.3308550553543455e+28
0.00033991789289785154 1.3411633435891583e+28
0.00034179071875403797 1.355376980657267e+28
0.0003436842961432571 1.3700693411815607e+28
0.00034559897188778777 1.3859063988786813e+28
0.000347535100581837 1.405333986943595e+28
0.00034949304481046706 1.44103394903611e+28
0.0003514731753759654 1.442610581717169e+28
0.0003534758715319538 1.4477066768491603e+28
0.0003555015212255467 1.474679318518815e+28
0.0003575505213478842 1.4831850464202645e+28
0.0003596232779933791 1.496148848531313e+28
0.00036172020672803443 1.5143826184250977e+28
0.00036384173286720177 1.5324008152584288e+28
0.00036598829176317344 1.548224028914271e+28
0.00036816032910301423 1.5671241007741532e+28
0.00037035830121706214 1.5863101966780124e+28
0.00037258267539854595 1.6039347871373605e+28
0.000374833930234791 1.6465853523854183e+28
0.0003771125559505039 1.7124085765488224e+28
0.00037941905476365686 1.6622128545565445e+28
0.0003817539412545102 1.6821676280423113e+28
0.0003841177427483461 1.7023230234323308e+28
0.00038651099971251027 1.7232516917583907e+28
0.00038832560534496336 1.7389341178250072e+28
0.0003895448380148063 1.750616049295079e+28
0.00039077175089044345 1.7612877094553594e+28
0.00039200641677003415 1.7754156819470178e+28
0.0003932489093746935 1.8010262325115284e+28
0.00039449930336316627 1.8248302973305408e+28
0.00039575767434678083 1.8185323997874325e+28
0.0003970240989046906 1.8201685710648024e+28
0.00039829865459940864 1.858197926255075e+28
0.00039958141999264346 1.994819754916467e+28
0.0004008724746614404 2.2324430681700226e+28
0.0004021718992146379 2.2447647585370083e+28
0.00040347977530964487 1.9226762820989487e+28
0.00040479618566954584 1.8866311076152521e+28
0.00040612121410054275 1.898982656602442e+28
0.0004074549455097399 1.9147813496639726e+28
0.00040879746592328105 1.9295567382783607e+28
0.00041014886250484564 1.9368880220837667e+28
0.00041150922357451346 1.947805555783062e+28
0.000412878638628006 1.9605794707339644e+28
0.00041425719835631316 1.9735113277394532e+28
0.0004156449946657146 1.986570576712239e+28
0.00041704212069820437 1.9998143813548616e+28
0.0004184486708523298 2.0136067429465757e+28
0.00041986474080445276 2.0296386770546892e+28
0.0004212904275304441 2.0462427059945565e+28
0.0004227258293278221 2.0557130141373705e+28
0.0004241710458383446 2.067787184138055e+28
0.0004256261780710662 2.0818828535546847e+28
0.000427091328425872 2.096979347490869e+28
0.00042856660071749844 2.1172618469827e+28
0.00043005210020005474 2.146043922682167e+28
0.0004315479335920549 2.15577631679561e+28
0.0004330542091019749 2.1582748180835807e+28
0.0004345710364543461 2.170835780240972e+28
0.0004360985269164 2.1974550525657237e+28
0.00043763679332527617 2.2730509151078645e+28
0.0004391859501158081 2.368170669268628e+28
0.00044074611334890155 2.301726081020146e+28
0.00044231740074051983 2.2506665126173206e+28
0.0004438999316912909 2.2621725700353275e+28
0.00044549382731675334 2.2778860374328157e+28
0.00044709921047825517 2.294420949030883e+28
0.0004487162058145237 2.313218541679031e+28
0.00045034493977392305 2.331743166789648e+28
0.0004519855406474164 2.3444344259987982e+28
0.00045363813860225155 2.36061530665268e+28
0.00045530286571638826 2.3786080591785797e+28
0.00045697985601368625 2.4002434406619625e+28
0.00045866924549987356 2.4265814759990825e+28
0.0004603711721993165 2.444813375658449e+28
0.00046208577619261007 2.449782564115999e+28
0.00046381319965501234 2.4688690915736633e+28
0.0004655535868957441 2.485409592232041e+28
0.00046730708439817625 2.503003381024325e+28
0.0004690738408609293 2.52527431099858e+28
0.00047085400723990815 2.559583534635726e+28
0.00047264773679129825 2.609810837976745e+28
0.00047445518511554804 2.6010151648994352e+28
0.0004762765102023639 2.599611069834455e+28
0.0004781118724767468 2.618110723500384e+28
0.0004799614348460959 2.6399204800587474e+28
0.00048182536274841086 2.662234610025802e+28
0.00048370382420162106 2.693398758945201e+28
0.00048559698985407363 2.70474255694717e+28
0.0004875050330362114 2.71907999812818e+28
0.0004894281298134745 2.7400810421567595e+28
0.0004913664590404587 2.761387661533873e+28
0.000493320202416365 2.7829471195995975e+28
0.0004952895445417796 2.8047242513888567e+28
0.0004972746729768168 2.826823180345312e+28
0.0004992757783006672 2.8493128683869405e+28
0.0005012930541725891 2.873458997134088e+28
0.0005033266973943845 2.903609056933768e+28
0.0005053769079744025 2.9262326011291993e+28
0.0005074438891931116 2.9411225405070187e+28
0.0005095278476702908 2.9646803175850552e+28
0.0005116289934338796 2.9886464397924e+28
0.0005137475399905416 3.012854602438395e+28
0.0005158837043979866 3.0374359342735737e+28
0.0005180377073391056 3.0629313356790017e+28
0.0005202097731979698 3.093577500763925e+28
0.0005224001301377507 3.1212554947670846e+28
0.0005246090101806164 3.140238135039155e+28
0.0005268366492896637 3.1810343711619126e+28
0.0005290832874529458 3.2295242929694513e+28
0.0005313491687696608 3.2215459169596545e+28
0.0005336345415385625 3.2461134324943187e+28
0.0005359396583486644 3.2801131406448354e+28
0.0005382647761723029 3.3015457645164985e+28
0.0005406101564606353 3.3269040937573316e+28
0.0005429760652416447 3.355260422632076e+28
0.0005453627732207288 3.3800980079152633e+28
0.0005477705558839549 3.409816047133564e+28
0.0005501996936040611 3.4384360240606184e+28
0.0005526504717492909 3.463020620768208e+28
0.0005551231807951491 3.493083333110935e+28
0.0005576181164391721 3.5255679512553525e+28
0.0005601355797188073 3.5611332546292247e+28
0.0005626758771324979 3.5919554961026674e+28
0.0005652393207640811 3.6793077419475014e+28
0.0005678262284105987 3.745039672111078e+28
0.0005704369237136359 3.694412503706614e+28
0.0005730717362942994 3.745604450610819e+28
0.0005757310018919526 3.7534322934346303e+28
0.0005784150625068336 3.7847009003368447e+28
0.0005811242665466782 3.814273281485718e+28
0.0005838589689774861 3.8511267324498043e+28
0.0005866195314785617 3.886178846731425e+28
0.0005894063226019753 3.921203492077993e+28
0.0005922197179365909 3.9585978427799407e+28
0.0005950601002768144 3.991191200392468e+28
0.0005979278597962208 4.0302865607652125e+28
0.0006008233942262266 4.065242150817604e+28
0.0006037471090399795 4.104970379871345e+28
0.000606699417641642 4.151832048305658e+28
0.000609680741561257 4.203249367202901e+28
0.0006126915106553867 4.219669774798769e+28
0.0006157321633137261 4.2567982726298e+28
0.0006188031466718993 4.296965552163233e+28
0.0006219049168306556 4.337735846207848e+28
0.0006250379390816917 4.379207985424387e+28
0.0006282026881403331 4.421260152167059e+28
0.0006313996483853221 4.46334906943043e+28
0.0006346293141059631 4.509158005079774e+28
0.0006378921897568936 4.570688952969396e+28
0.0006411887902207534 4.597075776049709e+28
0.0006445196410790431 4.638672000267061e+28
0.0006478852788914663 4.684203544428361e+28
0.0006512862514840723 4.73056797302225e+28
0.0006547231182465214 4.780257819315463e+28
0.0006581964504388106 4.894804654405497e+28
0.0006617068315078176 5.314958042662929e+28
0.0006652548574140258 5.633690643550798e+28
0.0006688411369688183 5.104024115853294e+28
0.0006724662921827415 5.019443322895831e+28
0.0006761309586251542 5.070293222301134e+28
0.0006798357857957031 5.125083838537374e+28
0.0006835814375080759 5.187268578467082e+28
0.0006873685922865142 5.22617907357694e+28
0.0006911979437755755 5.279198166612008e+28
0.000695070201163674 5.334165775972078e+28
0.0006989860896209341 5.3983879265008265e+28
0.0007029463507519308 5.447031837117468e+28
0.0007069517430639076 5.50069838342605e+28
0.0007110030424510934 5.5598932814495365e+28
0.0007151010426957684 5.627074614784309e+28
0.0007192465559867583 5.6756679427410645e+28
0.0007234404134560689 5.736952353322869e+28
0.0007276834657344035 5.808543313503397e+28
0.0007319765835263469 5.906768961258807e+28
0.0007363206582060285 5.9393996244869485e+28
0.0007407166024341243 5.988261939205765e+28
0.0007451653507970919 6.051822031189364e+28
0.000749667860469582 6.1197871593039895e+28
0.0007542251119010079 6.184832190328082e+28
0.0007588381095273137 6.252272434700793e+28
0.0007635078825090204 6.323681714195436e+28
0.0007682354854966923 6.3909809631721585e+28
0.0007730219994250205 6.462200955464743e+28
0.0007766512106899267 6.51807492922888e+28
0.0007790896760296126 6.553041680633454e+28
0.0007815435017808869 6.5912326678912085e+28
0.0007840128335400683 6.6305661032622485e+28
0.000786497818749387 6.685181679981307e+28
0.0007889986067263325 6.748511826918725e+28
0.0007915153486935617 6.763087396172201e+28
0.0007940481978093812 6.775778132876977e+28
0.0007965973091988173 6.816105343257543e+28
0.0007991628399852869 6.8591572477436625e+28
0.0008017449493228808 6.892343919869455e+28
0.0008043437984292758 6.930875782597561e+28
0.0008069595506192897 6.970717885730323e+28
0.0008095923713390917 7.011256459939523e+28
0.0008122424282010855 7.052169685597577e+28
0.0008149098910194798 7.094763941900569e+28
0.0008175949318465621 7.138211688912295e+28
0.0008202977250096913 7.176910630392802e+28
0.0008230184471490269 7.219986060483866e+28
0.000825757277256012 7.262659949652949e+28
0.0008285143967126263 7.307641767152332e+28
0.0008312899893314292 7.36920633831322e+28
0.0008340842413964087 7.435957679080654e+28
0.0008368973417046597 7.501774045687514e+28
0.0008397294816089055 7.642560180022754e+28
0.0008425808550608882 7.6356600189099485e+28
0.0008454516586556442 7.571674820776971e+28
0.0008486322223509972 7.61805538591394e+28
0.0008515444811785574 7.663796468691542e+28
0.000854182656851744 7.705259378549995e+28
0.0008571332014349969 7.752108249972856e+28
0.0008601042004001095 7.79968121473466e+28
0.0008630958671841098 7.8488417376786865e+28
0.0008661084182039498 7.90649624158122e+28
0.0008691420729086922 7.973071156091976e+28
0.0008721970538328 8.00504213670968e+28
0.0008752735866505523 8.042017934008284e+28
0.0008783719002316162 8.091920770596445e+28
0.0008814922266978031 8.142249574941118e+28
0.0008846348014810397 8.192970596356265e+28
0.0008877998633825818 8.244365053951112e+28
0.0008909876546335067 8.296691182498264e+28
0.0008941984209565103 8.352934824138245e+28
0.0008974324116290475 8.421512975281445e+28
0.0009006898795478461 8.470655983103174e+28
0.0009039710812948328 8.50870141261477e+28
0.0009072762772045031 8.562483832281635e+28
0.0009106057314327765 8.617439997667253e+28
0.0009139597120273725 8.672661192688046e+28
0.0009173384909997471 8.730436786747951e+28
0.000920742344398633 8.797517414775098e+28
0.0009241715523852201 8.859291874395128e+28
0.0009276263993100247 8.901273831013943e+28
0.0009311071737914882 8.957790320538545e+28
0.0009346141687963525 9.016769232624405e+28
0.0009381476817218586 9.078182174417492e+28
0.0009417080144798163 9.148560586321692e+28
0.0009452954735825965 9.20822236323774e+28
0.0009489103702310961 9.257952870609749e+28
0.0009525530204047278 9.319630609947051e+28
0.0009562237449534936 9.385513759254492e+28
0.0009599228696921918 9.461450841535067e+28
0.0009636507254968217 9.546641016697337e+28
0.0009674076484032421 9.690104968324586e+28
0.0009711939797081473 9.701542808024896e+28
0.0009750100660724228 9.716294402666687e+28
0.000978856259626949 9.773845978483997e+28
0.0009827329180809173 9.83903355289315e+28
0.00098664040483273 9.914073377985292e+28
0.0009905790890835592 9.979563726721874e+28
0.0009945493459536335 1.0045586734969528e+29
0.0009985515566013343 1.0122110946451295e+29
0.0010025861083451783 1.018784710958662e+29
0.001006653394788769 1.026193846696897e+29
0.001010753815948805 1.0334177184129974e+29
0.0010148877783862232 1.0406829562432884e+29
0.0010190556953405816 1.0481531741490316e+29
0.0010232579868677592 1.0556716529220848e+29
0.0010274950799810832 1.063182681470625e+29
0.0010317674087959733 1.071013623111044e+29
0.0010360754146782113 1.0788145342896415e+29
0.0010404195463959397 1.0868054099366961e+29
0.0010448002602755015 1.0944790414234424e+29
0.0010492180203612329 1.1025090977359085e+29
0.0010536732985793275 1.1106689544202963e+29
0.0010581665749058917 1.122747375696682e+29
0.0010626983375393215 1.1522354585226123e+29
0.001067269083077125 1.1801506775275735e+29
0.0010718793166973287 1.1520806804414785e+29
0.0010765295523446057 1.1525935913907731e+29
0.0010812203129212706 1.1612883707276616e+29
0.0010859521304832894 1.1702288132444233e+29
0.0010907255464414577 1.179392598612068e+29
0.0010955411117679098 1.1886323484856663e+29
0.0011003993872081223 1.1975778712188885e+29
0.0011053009434985818 1.2068928961679131e+29
0.0011102463615902981 1.216361376300735e+29
0.0011152362328783441 1.2271970357212674e+29
0.0011202711594376145 1.2358725080969218e+29
0.0011253517542649959 1.245517163269572e+29
0.0011304786415281623 1.2579278403907422e+29
0.0011356524568211974 1.2711925617909172e+29
0.0011408738474272717 1.2765283870780371e+29
0.0011461434725885988 1.2871523404341732e+29
0.0011514620037839053 1.2941041966221812e+29
0.0011568301250136671 1.3067510618154926e+29
0.0011622485330933564 1.3174666628124255e+29
0.0011677179379549721 1.3283449084806381e+29
0.0011732390629571234 1.3393406037467672e+29
0.0011788126452039506 1.3505589484827099e+29
0.0011844394358731818 1.3628160738227017e+29
0.0011901202005536288 1.3779370094465123e+29
0.0011958557195924416 1.3857963006383875e+29
0.0012016467884524533 1.3967493780471268e+29
0.001207494218079959 1.4088712885419943e+29
0.001213398835283284 1.4243461697380309e+29
0.001219361483122514 1.4899334995744151e+29
0.0012253830213107735 1.6353608553549793e+29
0.0012314643266274521 1.499255296999749e+29
0.0012376062933437985 1.4734475312406507e+29
0.0012419422513284865 1.4802603523909144e+29
0.0012444336099068786 1.4853693443592782e+29
0.0012469349839971436 1.4906202051061747e+29
0.0012494464341159697 1.4958818974785862e+29
0.001251968021268575 1.5012145230854638e+29
0.001254499806953648 1.5066155626780168e+29
0.0012570418531683465 1.5120494376378209e+29
0.0012595942224133585 1.517514834685396e+29
0.0012621569776980245 1.5231189263268335e+29
0.001264730182545523 1.5290669723670465e+29
0.0012673139009981185 1.5356069250454795e+29
0.001269908197622475 1.5420944252118132e+29
0.001272513137515034 1.5472535903296276e+29
0.0012751287863074594 1.5516799579680498e+29
0.0012777552101721503 1.5564235760184226e+29
0.0012803924758278205 1.5620117453221863e+29
0.0012830406505451477 1.5677222997048006e+29
0.0012856998021524954 1.5734954671933236e+29
0.0012883699990417009 1.5793198596426743e+29
0.0012910513101739417 1.585260501498627e+29
0.0012937438050856704 1.5915041556078557e+29
0.001296447553894627 1.5982110735563227e+29
0.0012991626273059246 1.6048979454564503e+29
0.001301889096618214 1.610539692827193e+29
0.0013046270337299243 1.6155776150467542e+29
0.0013073765111455827 1.620919100830308e+29
0.0013101376019822154 1.6269656566067836e+29
0.0013129103799758284 1.6332456025876163e+29
0.0013156949194879724 1.639963651380276e+29
0.0013184912955123888 1.6482616771697835e+29
0.0013212995836817444 1.6605373384667046e+29
0.0013241198602744484 1.6775118442260647e+29
0.0013269522022215595 1.6912876159241808e+29
0.0013297966871137813 1.691341655390534e+29
0.0013326533932085478 1.6850363779645112e+29
0.001335522399437199 1.6839109543188837e+29
0.0013384037854122525 1.6901361714561932e+29
0.0013412976314347653 1.6971103027886495e+29
0.0013442040185017963 1.7039442889256666e+29
0.001347123028313961 1.710162831106635e+29
0.0013500547432830881 1.7163071480984643e+29
0.0013529992465399758 1.7227704705008487e+29
0.0013559566219422492 1.7296939383824712e+29
0.0013589269540823198 1.7369443577165144e+29
0.0013619103282954534 1.7439602194075065e+29
0.0013649068306679408 1.7504380033501493e+29
0.0013679165480453782 1.756902292857068e+29
0.0013709395680410585 1.7638419666660805e+29
0.0013739759790444717 1.771219490240921e+29
0.00137702587022992 1.7784179371587983e+29
0.001380089331565248 1.7851493194817658e+29
0.001383166453820689 1.7920905172578317e+29
0.0013862573285778302 1.79979116972581e+29
0.0013893620482386987 1.8074520506586066e+29
0.0013924807060349696 1.8141394289564853e+29
0.001395613396037298 1.8209868539717693e+29
0.001398760213164778 1.82845342677844e+29
0.001401921253194529 1.8358658202862373e+29
0.0014050966127714132 1.8431405513549523e+29
0.0014082863894178865 1.850691520085129e+29
0.0014114906815439795 1.858279171666637e+29
0.001414709588457421 1.8657437894766485e+29
0.001417943210373895 1.873403818395201e+29
0.0014211916484274433 1.881073491588009e+29
0.001424455004681008 1.8888060512974774e+29
0.0014277333821371208 1.8966004239461405e+29
0.0014310268847487406 1.9044019420670457e+29
0.0014343356174302405 1.9122752872734582e+29
0.0014376596860685494 1.9202208202112306e+29
0.0014409991975344461 1.9281740579569472e+29
0.001444354259694014 1.936256137443812e+29
0.0014477249814202544 1.944285974031258e+29
0.0014511114726048632 1.9522550146293166e+29
0.0014545138441701736 1.9601868004422938e+29
0.001457932208081267 1.968149111318121e+29
0.0014613666773582543 1.9763660632358873e+29
0.0014648173660887344 1.9847706137231302e+29
0.0014682843894404237 1.9932142361577256e+29
0.0014717678636739714 2.0018124481879788e+29
0.0014752679061559547 2.010410916577221e+29
0.0014787846353720598 2.019112202359349e+29
0.0014823181709404517 2.0278898020940983e+29
0.0014858686336253388 2.0366342039017304e+29
0.00148943614535073 2.0455480767257803e+29
0.00149302082921439 2.054718159088697e+29
0.001496622809502 2.065161005100664e+29
0.001500242211701521 2.0790889156106724e+29
0.0015038791625177673 2.0957498669503857e+29
0.0015075337898871907 2.1043065351266964e+29
0.0015112062229928843 2.1053883817910518e+29
0.0015148965922798022 2.0847864944138133e+29
0.0015186050294702057 2.0938249001700145e+29
0.001522331667579335 2.103055486430717e+29
0.0015260766409313138 2.1122607744269835e+29
0.0015298400851752872 2.121566298840139e+29
0.0015336221373018022 2.130977207625776e+29
0.0015374229356594274 2.1403372457141202e+29
0.0015412426199716248 2.1498449675718867e+29
0.0015450813313538706 2.159420278662643e+29
0.0015489392123310337 2.168999626668408e+29
0.0015528164068550163 2.178705048269253e+29
0.0015567130603226576 2.188422137365294e+29
0.0015606293195939095 2.1983065003506535e+29
0.0015645653330102875 2.2082210193613257e+29
0.0015685212504136005 2.2181934646113256e+29
0.0015724972231649656 2.2282015844533163e+29
0.0015764934041641143 2.2382782993391798e+29
0.0015805099478689909 2.2483148162593165e+29
0.001584547010315655 2.258546657737172e+29
0.0015886047491384865 2.269017588353175e+29
0.0015926833235907036 2.2794616634481018e+29
0.001596782894565197 2.2899750630102977e+29
0.0016009036246156876 2.3005086818364344e+29
0.001605045677978212 2.3111195510082235e+29
0.0016092092205929416 2.3218464733858514e+29
0.0016133944201263434 2.3326717671295654e+29
0.001617601445993687 2.3437106037940144e+29
0.001621830469381906 2.3559076205427636e+29
0.0016260816632728153 2.371694151348681e+29
0.001630355202466699 2.388327352043231e+29
0.0016346512636062687 2.397085652402852e+29
0.0016389700252010012 2.403315173036902e+29
0.001643311667651865 2.4105030655087856e+29
0.0016476763732764384 2.421760140746931e+29
0.0016520643263344314 2.433339088123761e+29
0.0016564757130536156 2.4449180266106065e+29
0.0016609107216561687 2.4566983481640357e+29
0.001665369542385447 2.4684612021573874e+29
0.001669852367533187 2.480132081340995e+29
0.0016743593914671498 2.492217656405368e+29
0.0016788908106592127 2.5042968337400572e+29
0.0016834468237139186 2.5164394424572488e+29
0.001688027631397494 2.5286454811373092e+29
0.001692633436667337 2.5409260225563128e+29
0.0016972644447019944 2.553292985383238e+29
0.0017019208629316296 2.565953295335399e+29
0.001706602901068993 2.578590603869402e+29
0.0017113107711409076 2.5913254103054492e+29
0.0017160446875202737 2.604566864053604e+29
0.0017208048669586102 2.619395584531177e+29
0.001725591528619135 2.635473057290114e+29
0.0017304048941104017 2.647715551479157e+29
0.0017352451875205007 2.659784353544232e+29
0.0017401126354518344 2.675166609079145e+29
0.001745007467056481 2.6904702151179557e+29
0.001749929914072155 2.699451415270832e+29
0.0017548802108587806 2.7103006392567035e+29
0.0017598585944356851 2.7239273261807737e+29
0.0017648653045194281 2.737720495110679e+29
0.0017699005835622797 2.751565186914559e+29
0.0017749646767913562 2.7655541765966332e+29
0.0017800578322484332 2.7797730800955033e+29
0.0017851803008304432 2.7942163500982335e+29
0.0017903323363306753 2.809395368218428e+29
0.0017955141954806918 2.8259269730180446e+29
0.0018007261379929724 2.8402615925940695e+29
0.0018059684266043055 2.8539111852730548e+29
0.0018112413271199387 2.8671968649201943e+29
0.0018165451084585036 2.882065836699135e+29
0.0018218800426977359 2.8971012991134502e+29
0.0018272464051209986 2.9123436869767074e+29
0.0018326444742646352 2.9278278797929357e+29
0.00183807453196616 2.943645846056661e+29
0.0018435368634133107 2.95917045127275e+29
0.0018490317571939763 2.9758391291184972e+29
0.0018545595053470225 2.9921002550284502e+29
0.00186012040341403 3.0072172843458826e+29
0.001865714750491967 3.022671339578361e+29
0.0018713428492868145 3.0389776568144666e+29
0.0018770050061681666 3.06006877369454e+29
0.0018827015312248225 3.1001745447385452e+29
0.0018884327383213973 3.1616855883119126e+29
0.0018941989451559664 3.168555369034975e+29
0.0019000004733187718 3.135001512570225e+29
0.0019058376483520093 3.1396773713830888e+29
0.0019117107998107212 3.1568217553598253e+29
0.001917620261324819 3.174405250698316e+29
0.0019235663706622605 3.1908446430061746e+29
0.001929549469793403 3.209072670368025e+29
0.0019355699049565646 3.226742546239204e+29
0.001941628026724817 3.245748232591457e+29
0.0019477241900740315 3.263952494419499e+29
0.0019538587544522174 3.2806369913713335e+29
0.0019600320838501703 3.299037052633338e+29
0.0019662445468734673 3.316649036613595e+29
0.0019724965168158317 3.3359528460774265e+29
0.0019787883717339045 3.354616942257911e+29
0.001985120494523453 3.37393743206754e+29
0.0019914932729970434 3.3921764986888635e+29
0.001997907099963217 3.412083664203707e+29
0.002004362373307202 3.431622205813502e+29
0.0020108594960731897 3.450476504687581e+29
0.0020173988765482243 3.4710456023355064e+29
0.0020239809283477293 3.4908886083975715e+29
0.002030606070502714 3.510692615141424e+29
0.0020372747275486996 3.5315020504603775e+29
0.0020439873296164055 3.551495558897686e+29
0.002050744312524228 3.572685434416232e+29
0.002057546117872567 3.593172937151046e+29
0.00206439319314003 3.61437951402359e+29
0.002071285991781566 3.6357421659289954e+29
0.002078224973328573 3.65706926997004e+29
0.002085210603491022 3.678678564402562e+29
0.0020922433542616492 3.700581889912549e+29
0.0020993237040222643 3.722628051216156e+29
0.0021064521376522208 3.74494524691949e+29
0.0021136291466391107 3.767296579532192e+29
0.002120855229191723 3.789509940445943e+29
0.0021281308903553313 3.812874360348709e+29
0.0021354566421293597 3.837832295412202e+29
0.002142833003587492 3.860954231366149e+29
0.002150260501000274 3.882233921992201e+29
0.002157739667960275 3.9058331448363426e+29
0.0021652710455098744 3.929875503800941e+29
0.0021728551822717303 3.95373948135858e+29
0.0021804926345820002 3.978230545817244e+29
0.002188183966626381 3.9886277594479195e+29
0.002195929750579041 4.012934913283273e+29
0.0022037305667445078 4.037834324212587e+29
0.002211587003702599 4.063159454926193e+29
0.0022194996584564545 4.088633700532545e+29
0.0022274691365837666 4.114384540944481e+29
0.002235496052391276 4.140106125402492e+29
0.002243581029072618 4.1662820051993865e+29
0.0022517246988696155 4.1927804641330374e+29
0.002259927703237082 4.219503273480239e+29
0.0022681906930112575 4.246743112746994e+29
0.002276514328581941 4.277284283735907e+29
0.002284899280068431 4.3233446964281084e+29
0.002293346227499368 4.360184963237086e+29
0.002301855860996583 4.366057754205902e+29
0.0023104288809630506 4.3850553820266674e+29
0.002319065998275062 4.41351453395184e+29
0.0023277679344787207 4.442250263580492e+29
0.0023365354219908813 4.4712904988557434e+29
0.0023453692043046465 4.500750862096747e+29
0.0023542700361995406 4.5305045581985834e+29
0.0023632386839564914 4.559803941050139e+29
0.00237227592557774 4.590822964628006e+29
0.0023813825510118195 4.622326145551128e+29
0.002390559362383734 4.652936194904601e+29
0.0023998071742304798 4.6831087025886335e+29
0.002409126813742055 4.714472612219721e+29
0.002418519121008105 4.745894317413653e+29
0.0024279849492703683 4.778230213488453e+29
0.002437525165181057 4.8109744168079735e+29
0.002447140649067373 4.844156142332617e+29
0.0024568322952022927 4.8770557011748506e+29
0.0024666010120818252 4.910656908394295e+29
0.0024764477227088985 4.944333308656897e+29
0.0024863733648840844 4.978590165667016e+29
0.002496378891503336 5.014163941165097e+29
0.002506465270862945 5.057575876544794e+29
0.0025166334869719227 5.085909341185687e+29
0.0025268845398720126 5.118798888579395e+29
0.002537219445965558 5.157737347574184e+29
0.0025476392383514536 5.203976949733321e+29
0.002558144967169398 5.233451365933683e+29
0.002568737699952708 5.2653509741170174e+29
0.002579418521989934 5.302277022795175e+29
0.002590188536695528 5.340168859301926e+29
0.002601048865989849 5.3786125731501056e+29
0.0026120006506887535 5.418178051149745e+29
0.002623045050903082 5.471122957662797e+29
0.0026341832464483184 5.6617225047025126e+29
0.0026454164372647295 6.057746679575617e+29
0.002656745843848304 5.842644565952871e+29
0.0026681727076928127 5.620903090675344e+29
0.0026796982917433217 5.663981095520445e+29
0.002691323880861514 5.711479242739785e+29
0.002703050782303177 5.7459080064956596e+29
0.0027148803262082234 5.787847012344081e+29
0.002726813866103644 5.8321535962514844e+29
0.002738852779419775 5.874768528966997e+29
0.0027509984680203063 5.919506152566105e+29
0.0027632523587464543 5.962201268252681e+29
0.002775615903975745 6.007460668135315e+29
0.0027880905821958605 6.053122193083912e+29
0.002800677898594036 6.099209421572607e+29
0.0028133793856624898 6.144997701984064e+29
0.0028261966038204056 6.193127081351562e+29
0.002839131142052993 6.2421072928214896e+29
0.0028521846185681795 6.2902378085038574e+29
0.0028653586814714966 6.33362329940853e+29
0.002878655009459763 6.388305854793018e+29
0.002892075312534168 6.438867716513971e+29
0.0029056213327333913 6.490005037130781e+29
0.0029192948448874306 6.541515320744532e+29
0.0029330976573928086 6.59381420143838e+29
0.0029470316130098765 6.643490988808724e+29
0.0029610985896829545 6.694566037494556e+29
0.0029753005013840716 6.753688488468341e+29
0.002989639298981104 6.80818430060271e+29
0.0030041169711311332 6.863513566734634e+29
0.003018735545199898 6.915766428945877e+29
0.0030334970882082103 6.971160190306474e+29
0.0030484037078062852 7.034546983364013e+29
0.0030634575532769333 7.092787736501453e+29
0.0030786608165686304 7.141235051323082e+29
0.0030940157333594967 7.20934384965548e+29
0.003109524584153278 7.269767534026039e+29
0.0031251896954084587 7.320415150975907e+29
0.003141013440701666 7.39299804933727e+29
0.003156998241926611 7.44923535209294e+29
0.0031731465705298156 7.517245989092435e+29
0.003189460948784468 7.57497802833816e+29
0.0032059439511037675 7.645116069494594e+29
0.0032225982053952157 7.70845685031023e+29
0.0032394263944573315 7.77318189118216e+29
0.003256431257420362 7.840932292813776e+29
0.003273615591232607 7.90940284373234e+29
0.003290982252194053 7.979264929226619e+29
0.003308534157539088 8.051698617230707e+29
0.0033262742870701287 8.120804677692478e+29
0.003344205684844092 8.191976982277837e+29
0.0033623314609137075 8.260119493330605e+29
0.003380654793125771 8.335076026997639e+29
0.0033991789289785153 8.408767225917144e+29
0.0034085173326295548 7.743149163071013e+29
0.00341790718754038 7.780355623955521e+29
0.003436842961432571 7.852610725152816e+29
0.0034559897188778774 7.92569985323161e+29
0.00347535100581837 7.999565206349936e+29
0.0034949304481046704 8.073999832094519e+29
0.003514731753759654 8.150557449633023e+29
0.0035347587153195387 8.22944375817744e+29
0.003555015212255467 8.321182979300324e+29
0.0035755052134788415 8.397700791114978e+29
0.0035962327799337916 8.465396016138068e+29
0.003617202067280344 8.53824022024346e+29
0.0036384173286720177 8.621601822532514e+29
0.0036598829176317346 8.704271083830946e+29
0.003681603291030142 8.78887999305518e+29
0.003703583012170621 8.874707629065331e+29
0.0037258267539854594 8.961599241850275e+29
0.003748339302347909 9.049871166980846e+29
0.0037711255595050393 9.139563799756178e+29
0.003794190547636569 9.23065912403021e+29
0.003817539412545102 9.323025996421108e+29
0.0038411774274834613 9.42497060718757e+29
0.0038651099971251032 9.664698939755381e+29
0.003889342661683881 9.647109835232244e+29
0.003913881101189773 9.704948031955584e+29
0.003938731139927485 9.804348232471404e+29
0.003963898751045233 9.903212114706215e+29
0.003989390061341344 1.0005751447829443e+30
0.004015211356236757 1.0109032829480383e+30
0.004041369084941883 1.0214517363458099e+30
0.004067869865826747 1.0322416992723631e+30
0.004094720492003822 1.0429383796605839e+30
0.004121927937133415 1.0542060815633567e+30
0.004149499361462067 1.066887534188109e+30
0.0041774421181049095 1.0767785209013948e+30
0.0042057637595835865 1.0876230513794639e+30
0.004234472044631938 1.0994387797514829e+30
0.00426357494528233 1.1114374106821392e+30
0.004285666007174984 1.1204512363996287e+30
0.004300521002000548 1.1265250670333091e+30
0.00431547933592055 1.1325603656043108e+30
0.004330542091019749 1.1387468116237623e+30
0.0043457103645434605 1.1451080814764587e+30
0.0043609852691640005 1.1513159044115359e+30
0.004376367933252762 1.1576341039921075e+30
0.004391859501158082 1.1639879155871742e+30
0.0044074611334890155 1.170393496635107e+30
0.004423174007405198 1.176846746858189e+30
0.004438999316912909 1.183399557547479e+30
0.004454938273167533 1.1900207939270153e+30
0.004470992104782552 1.1966017583393248e+30
0.004487162058145236 1.2032424489823595e+30
0.004503449397739231 1.2103121507728022e+30
0.004519855406474164 1.2192190798434362e+30
0.004536381386022515 1.2248203194930988e+30
0.004553028657163882 1.229983391573498e+30
0.004569798560136862 1.2375433164024569e+30
0.004586692454998736 1.2445169365872651e+30
0.004603711721993166 1.251467622799837e+30
0.004620857761926101 1.2586000312001007e+30
0.004638131996550124 1.2658169616395485e+30
0.004655535868957441 1.2729831799881104e+30
0.004673070843981763 1.280229942131698e+30
0.004690738408609293 1.2875951591672358e+30
0.004708540072399081 1.2950489991352574e+30
0.004726477367912983 1.3027828802032524e+30
0.00474455185115548 1.3105085584536103e+30
0.004762765102023639 1.3171332151854433e+30
0.004781118724767468 1.32531325926002e+30
0.0047996143484609595 1.333589198164578e+30
0.00481825362748411 1.3403443631590348e+30
0.00483703824201621 1.3480936549314216e+30
0.0048559698985407365 1.3559825936930344e+30
0.004875050330362114 1.363953878766076e+30
0.004894281298134746 1.3720540595898515e+30
0.004913664590404585 1.38033123829141e+30
0.004927324499909285 1.3849733571042852e+30
0.004937128169825539 1.384991193744307e+30
0.004952895445417797 1.3931571252314903e+30
0.004972746729768169 1.4048962764083538e+30
0.004992757783006672 1.413223978392369e+30
0.00501293054172589 1.4215275036030852e+30
0.0050332669739438455 1.4300661970468037e+30
0.005053769079744025 1.4387349047335e+30
0.005074438891931116 1.4475410211222823e+30
0.005095278476702907 1.4563109040195537e+30
0.005116289934338796 1.465145171248614e+30
0.005137475399905416 1.4740156700538205e+30
0.005158837043979868 1.4831751649589694e+30
0.005180377073391056 1.491673148275243e+30
0.005202097731979698 1.4939324228919136e+30
0.005224001301377507 1.5103359707162286e+30
0.005246090101806164 1.5202717388143763e+30
0.005268366492896637 1.52941232141528e+30
0.005290832874529459 1.5385668279584595e+30
0.005313491687696608 1.5479312072100136e+30
0.005336345415385625 1.5577119158441214e+30
0.005359396583486643 1.5663525879714637e+30
0.005382647761723028 1.56934662981262e+30
0.005406101564606354 1.587170551902872e+30
0.005429760652416447 1.5972045570962466e+30
0.005453627732207288 1.6072289992817267e+30
0.00547770555883955 1.6170643923987303e+30
0.0055019969360406125 1.6213738052854716e+30
0.005526504717492909 1.6368672293135673e+30
0.00555123180795149 1.648404629524761e+30
0.005576181164391721 1.6584257788031593e+30
0.005601355797188072 1.6629201273114987e+30
0.0056267587713249795 1.6800469606153274e+30
0.005652393207640811 1.6900275671044655e+30
0.005678262284105986 1.696105631554675e+30
0.005704369237136359 1.712487999163082e+30
0.005730717362942993 1.718729877383057e+30
0.005757310018919526 1.7336461475487428e+30
0.005784150625068336 1.7426813480044358e+30
0.005811242665466783 1.753470019473784e+30
0.005838589689774861 1.7653780595323672e+30
0.005866195314785617 1.7764739260317648e+30
0.005894063226019753 1.7883897609249234e+30
0.005922197179365909 1.8000953096940704e+30
0.005950601002768143 1.8109840668419814e+30
0.00597064633819614 1.8197318841563575e+30
0.005982161567392276 1.825507355232609e+30
0.0060082339422622665 1.8349843950462876e+30
0.006037471090399796 1.8483500692062224e+30
0.006066994176416421 1.8024105174212876e+30
0.0060968074156125705 1.814540335396404e+30
0.0061269151065538666 1.8276697143009695e+30
0.006157321633137261 1.8401327509772883e+30
0.006188031466718993 1.8517985529459057e+30
0.006219049168306556 1.8664773316032427e+30
0.0062535297836550305 1.8796179122118495e+30
0.006278847718001812 1.8906293294998195e+30
0.006307576558602736 1.901753764270952e+30
0.006346293141059631 1.915980363622141e+30
0.006378921897568936 1.9306091027056905e+30
0.006411887902207535 1.9442205656376285e+30
0.0064451964107904314 1.957558681385449e+30
0.006478852788914663 1.970841525223643e+30
0.006512862514840724 1.98501893772425e+30
0.006547231182465214 1.989707008234925e+30
0.006581964504388106 2.0041673978137025e+30
0.006617068315078176 2.0353536681810342e+30
0.006652548574140257 2.0424514744484716e+30
0.006688411369688184 2.0576763290550202e+30
0.006724662921827415 2.0697920937011594e+30
0.006761309586251542 2.0858887583591216e+30
0.006798357857957031 2.100372309756532e+30
0.00683581437508076 2.1158242262649523e+30
0.006873685922865142 2.1291802241689028e+30
0.006911979437755755 2.146573183398541e+30
0.00695070201163674 2.1604294822349366e+30
0.006989860896209341 2.1761459146365032e+30
0.007029463507519308 2.1932256881170517e+30
0.007069517430639077 2.2095975134581983e+30
0.007110030424510934 2.2223392652689048e+30
0.007151010426957683 2.242210491248156e+30
0.007192465559867583 2.2635740098170647e+30
0.007234404134560688 2.2755854183921733e+30
0.007276834657344035 2.2921357873770984e+30
0.007319765835263469 2.308140295666447e+30
0.007363206582060284 2.3261648020094244e+30
0.007398332194854848 2.2942289128202761e+30
0.007420456394002141 2.3428911539342748e+30
0.007451653507970919 2.3566233531848698e+30
0.007496678604695818 2.386993816863986e+30
0.0075422511190100785 2.580850637531892e+30
0.007588381095273138 2.4407721575923737e+30
0.007635078825090204 2.435103334421184e+30
0.0076823548549669225 2.4432798207845387e+30
0.0077302199942502065 2.4689654345856072e+30
0.007778685323367762 2.4873498286060136e+30
0.007827762202379546 2.5018755758846467e+30
0.00787746227985497 2.507626779557608e+30
0.007927797502090467 2.538447343515824e+30
0.007978780122682688 2.6048504403873514e+30
0.008030422712473515 2.5203128628656683e+30
0.008082738169883766 2.603799719331667e+30
0.008135739731653494 2.624163581159122e+30
0.008178644094114423 2.6124572772901435e+30
0.00820568987484893 2.650089153118746e+30
0.00824385587426683 2.665015778016883e+30
0.008298998722924134 2.6891255002119877e+30
0.008354884236209819 2.709396654308679e+30
0.008411527519167173 2.7294974862117686e+30
0.008468944089263877 2.746046575491967e+30
0.00852714989056466 2.759709416946279e+30
0.008574293773857346 2.787614214520996e+30
0.008604024334793051 2.7986386966524554e+30
0.008645995185206676 2.803958023526788e+30
0.00870666883562918 2.8169733271837563e+30
0.008768200064149526 2.8593261795223715e+30
0.00883060718204383 2.860354080716109e+30
0.00889390902564271 2.8917354022080327e+30
0.00895812497528634 2.9285554744854935e+30
0.009023274975106603 2.9386850894296846e+30
0.009089379553678813 2.806079676495e+30
0.009156459845587881 2.9788742147191143e+30
0.009224537613956566 3.0226870411316676e+30
0.009293635273986202 3.001672365070329e+30
0.009363775917563457 3.05468868979738e+30
0.009434983338989794 3.094302197141267e+30
0.00950728206189393 3.1159665411516886e+30
0.00958069736739118 2.999904490573507e+30
0.00965525532355765 3.161883546901051e+30
0.009730982816291435 3.183856403376667e+30
0.009807907581637612 3.212436868306878e+30
0.00988605823965863 3.228079181105101e+30
0.009965464329937012 3.6105347516718305e+30
0.010046156348802899 2.5884263226615084e+30
0.010128165788384963 3.283470459925612e+30
0.010211525177589779 2.89921423660653e+30
0.010296268125121643 3.3715838411596376e+30
0.01038242936466241 3.4079501455758177e+30
0.010470044802338886 3.275234267618843e+30
0.01055915156661411 2.8401142508260774e+30
0.010649788060748138 3.3500841073960406e+30
0.010741994017984053 3.4932475077341924e+30
0.010835810559625835 3.498707829277761e+30
0.010931280256186414 3.5696638640455086e+30
0.011028447191796959 3.5481343221694814e+30
0.011127357032082135 3.5728926313082684e+30
0.011228057095720887 3.6551513971463906e+30
0.011330596429928385 3.677434889320045e+30
0.011435025890112055 3.2045198397248986e+30
0.011541398223973562 3.73863924240798e+30
0.0116497681603489 3.776704061021793e+30
0.011760192503101024 3.7994673477080375e+30
0.011872730230403425 3.855415827751503e+30
0.011987442599779304 3.4421399030447434e+30
0.012104393259289347 2.8299701001506495e+30
0.012223648365292198 3.8126561013561604e+30
0.012345276707235403 3.941633026946287e+30
0.012469349839971437 3.742255509210706e+30
0.012595942224133586 4.0044330493088224e+30
0.012725131375150339 4.032547763785263e+30
0.012856998021524953 4.0622757129651264e+30
0.012991626273059246 4.0662141804415036e+30
0.013129103799758285 4.1569892254605456e+30
0.013269522022215595 4.212995757334482e+30
0.013412976314347654 4.1973725831788433e+30
0.013559566219422493 4.1761314605013697e+30
0.013709395680410585 2.076329569114007e+30
0.013862573285778302 2.0744550432407024e+30
0.01401921253194529 2.0732834674466133e+30
0.014179432103738948 2.05034826845865e+30
0.014343356174302404 2.048281533269008e+30
0.014511114726048631 2.0648511460299055e+30
0.014682843894404236 2.0611831064143875e+30
0.01485868633625339 2.010671011173423e+30
0.015038791625177673 2.052857439685355e+30
0.015223316675793349 2.0484118546467742e+30
0.015412426199716249 2.0398639780246896e+30
0.015606293195939095 2.062667149701835e+30
0.01580509947868991 1.948012075717466e+30
0.016009036246156877 1.8619347195672166e+30
0.01621830469381906 2.003462130486529e+30
0.016433116676518648 1.4694876521525833e+30
0.01665369542385447 1.9691054731615986e+30
0.01688027631397494 1.9968864111293237e+30
0.0170895359377019 1.9874901983225084e+30
0.017328216607222877 1.978089094019063e+30
0.01759858594435685 1.939815876111704e+30
0.017851803008304433 1.9618824211182068e+30
0.018112413271199387 1.9573655026985074e+30
0.0183807453196616 1.933674324964377e+30
0.01865714750491967 1.9306657340416416e+30
0.018855627797525195 1.9176481909878803e+30
0.019087697062725506 1.9283577506666156e+30
0.019385942329330594 1.8696237448162805e+30
0.01969365569963743 1.7653830714527486e+30
0.020011295307696096 1.5370740356540485e+30
0.020339349329133737 1.892604639662098e+30
0.0206783384846193 1.7894104826322484e+30
0.02102881879791793 1.8359323361135883e+30
0.021391384639261345 1.810093788943882e+30
0.021766672089072948 1.7278525912264296e+30
0.022155362662092108 1.7801264249672448e+30
0.02255818743776651 1.6990079474996244e+30
0.022975931649577 1.4830253334102107e+30
0.02340943979390864 1.7186094897727273e+30
0.023859621328406883 1.584561679434674e+30
0.024232427911663242 1.5213442465020167e+30
0.02451976895409403 1.664759916238449e+30
0.02481400618154316 1.6334858168789647e+30
0.02532041447096241 1.4590635484119053e+30
0.025847923105774124 1.426867706318592e+30
0.026397878916535274 1.5603931188884856e+30
0.026971745849503438 1.3575178496895667e+30
0.02750998468020306 1.4748475835456738e+30
0.028133793856624897 1.2143505123964283e+30
0.028853495559933908 1.3269226501758505e+30
0.02940048125775256 1.3343061452130012e+30
0.029968606499448262 1.2782193060623275e+30
0.030634575532769333 1.1145411587161686e+30
0.031410134407016656 1.0741760663592089e+30
0.032225982053952155 1.1767498832208208e+30
0.03308534157539088 5.833325235725704e+29
0.03389891554855623 9.606270257180403e+29
0.034753510058183695 7.167162722852514e+29
0.03565230773210224 1.0790056685594467e+30
0.036707109736010594 7.911406741170383e+29
0.037826228935279205 1.0172436691133981e+30
0.039015732989847736 6.790720524257685e+29
0.040282477567440196 9.006023358497705e+29
0.041219279371334155 7.57535363662581e+29
0.04191555098233642 6.272193657414784e+29
0.04278276927852269 3.743838410721807e+29
0.043686630601308375 8.30960746522471e+29
0.04446954512821354 6.537466884320841e+29
0.04528103317799847 8.032019216570658e+29
0.04612268806978283 6.147714017325284e+29
0.04699622382868023 4.720544132894426e+29
0.047719242656813765 5.422645525464223e+29
0.048276276617788244 7.17792177603419e+29
0.04923413924909357 5.9921104483197034e+29
0.050434971913705606 4.459074070505005e+29
0.05169584621154825 1.3105229132764881e+29
0.05302138072979307 1.0890691686828938e+29
0.053943491699006876 1.090563036790932e+29
0.05465640128093207 8.015414532104312e+28
0.05563678516041067 7.7578179695502e+28
0.05639546859441627 7.446758522190041e+28
0.0574398291239425 6.994489460810813e+28
0.059080967098912286 6.514945606206291e+28
0.06052196629644673 6.093813605926248e+28
0.06142080738005733 5.79768176247394e+28
0.06266163177157363 5.481522895123902e+28
0.06395362417923495 5.044124687326759e+28
0.06495813136529624 4.934948195348362e+28
0.06670431769232033 3.805246999101576e+28
0.0681703466525911 4.240049189381815e+28
0.068927794948731 3.877624387978085e+28
0.07009606265972644 3.409717772236827e+28
0.07171678087151202 3.125858638284713e+28
0.07298237112218577 3.4242016482865215e+28
0.0747409824745276 2.8034652354647135e+28
0.07658643883192334 2.7744017799008873e+28
0.07803146597969547 2.7735363702480705e+28
0.08004518123078438 2.5649186841271023e+28
0.08216558338259325 2.3385585210515302e+28
0.0844013815698747 2.042511287709224e+28
0.08676225937602504 1.9395284096278579e+28
0.08862145064836843 1.7471523056006877e+28
0.09056206635599694 1.6281258553617079e+28
0.09258957530426552 1.5084634785137038e+28
0.09399244765736046 1.4406963783811082e+28
0.09470994725779831 1.4025135833521416e+28
0.09692971164665297 1.2905188429894937e+28
0.09769293772261087 1.27638565629973e+28
0.09925602472617263 1.184227787331749e+28
0.10253721562621142 1.061121183701715e+28
0.10514409398958967 9.504015934656466e+27
0.10883336044536475 8.41094841151758e+27
0.11279093718883254 7.089212355939369e+27
0.114879658247885 6.66885519690195e+27
0.11704719896954321 6.16176118227973e+27
0.11929810664203443 5.678911061263532e+27
0.12163728520364293 5.178613605465428e+27
0.1240700309077158 4.6880025549359154e+27
0.12660207235481205 4.2463304884107217e+27
0.12923961552887062 3.8544032053959795e+27
0.1319893945826764 3.467181813962401e+27
0.1363406933051822 3.007513629269831e+27
