#"E (kev)" "Fv (kev/s/cm^2/kev)"
1.240700309077158e-07 6.605572392354078e+21
1.2522207398840916e-07 6.728724547491244e+21
1.2638283682155016e-07 6.854185481106421e+21
1.2755220613520696e-07 6.981840028823352e+21
1.2873005904515024e-07 7.111020227655388e+21
1.2991626273059247e-07 7.242917525630774e+21
1.3112453065706595e-07 7.37832945659144e+21
1.3232725139474809e-07 7.514237077831589e+21
1.335522399437199e-07 7.653754155787745e+21
1.3480012049947392e-07 7.797737434176229e+21
1.360417005567059e-07 7.941641162857558e+21
1.373063644397032e-07 8.090417603353089e+21
1.3856380490028567e-07 8.239107906694672e+21
1.3984448930085188e-07 8.392025107827359e+21
1.4114906815439796e-07 8.549316074362935e+21
1.4244550046810078e-07 8.707305841727957e+21
1.437659686068549e-07 8.869459676521323e+21
1.4509417718128381e-07 9.034068289992309e+21
1.4644715640665228e-07 9.203594492765011e+21
1.4779038821645716e-07 9.37305461088193e+21
1.4915848870848257e-07 9.547332429088817e+21
1.505521549662854e-07 9.726604130835354e+21
1.519348896739111e-07 9.905981442603161e+21
1.5334325906280533e-07 1.0090343373279158e+22
1.5475867644719446e-07 1.0277877702000218e+22
1.562004669617472e-07 1.0470112179326368e+22
1.5764934041641146e-07 1.0665324631018034e+22
1.591049383274119e-07 1.0862707679193712e+22
1.605668835352864e-07 1.1063446186344898e+22
1.6205594423682836e-07 1.1269391605981518e+22
1.6355131941433667e-07 1.147864731717457e+22
1.6507454883943029e-07 1.1693313341192004e+22
1.6660404311496683e-07 1.1911122158447833e+22
1.6813935615627564e-07 1.2131963093399712e+22
1.697032292541592e-07 1.23583719964222e+22
1.7127282013765298e-07 1.2587984712377339e+22
1.728476329168512e-07 1.2820449163682345e+22
1.7445167450466224e-07 1.3059860288697824e+22
1.760607789239617e-07 1.3301718739381924e+22
1.776998437520994e-07 1.3550430561347868e+22
1.793437856428387e-07 1.3802432333745939e+22
1.8099202174721489e-07 1.4057052836380986e+22
1.826708346697818e-07 1.4319059750456132e+22
1.8435368634133107e-07 1.4584247170780973e+22
1.8606783279501472e-07 1.4856975977962923e+22
1.877857286328376e-07 1.5132148199651214e+22
1.895356414722209e-07 1.541559890040644e+22
1.9128897765605273e-07 1.5702433507714374e+22
1.9304501463780272e-07 1.5992110585939503e+22
1.948335912495537e-07 1.6289671285612015e+22
1.9662445468734676e-07 1.6590582955636345e+22
1.9844854591765164e-07 1.6900013639646044e+22
2.0030679836570198e-07 1.7217629501403953e+22
2.0213429603733432e-07 1.7533058623938106e+22
2.040289934348229e-07 1.7863668021581771e+22
2.058911896908659e-07 1.8190894166823085e+22
2.078224973328573e-07 1.853403348020582e+22
2.0971945724766025e-07 1.8873435362236171e+22
2.1168747808857839e-07 1.9229503648825814e+22
2.136191992212738e-07 1.9583335451150707e+22
2.1562396751427842e-07 1.995221133343721e+22
2.1759037339129395e-07 2.0317027227329037e+22
2.196318479513468e-07 2.0700394703612352e+22
2.2163278118563024e-07 2.1079218241475413e+22
2.237108382757227e-07 2.147723295005028e+22
2.2578713540985587e-07 2.1877907071254418e+22
2.278604791693587e-07 2.2279877180920527e+22
2.299722537677772e-07 2.269461287772975e+22
2.3208011767249495e-07 2.3112280150252687e+22
2.3422697924809479e-07 2.3542989387380654e+22
2.3641393084549503e-07 2.3983810969732708e+22
2.3859621328406886e-07 2.442734458064931e+22
2.408191593705664e-07 2.4884930716994535e+22
2.4303629952539824e-07 2.534623815016264e+22
2.4529464394566194e-07 2.582084066938246e+22
2.4754595153175537e-07 2.6299612589066277e+22
2.4983896678960086e-07 2.6786319869660797e+22
2.5217485956852805e-07 2.7292398723525446e+22
2.5450262750300677e-07 2.7793228595617686e+22
2.568205980288052e-07 2.8302729172980706e+22
2.5923533411557833e-07 2.8840148187850815e+22
2.616407231288819e-07 2.9376708727135304e+22
2.640349668178672e-07 2.9915362699090082e+22
2.664734340801456e-07 3.0470561034450095e+22
2.689573616035461e-07 3.1043622283929174e+22
2.7142863904553885e-07 3.1613314192465474e+22
2.739457516178313e-07 3.220550690821113e+22
2.765099864223664e-07 3.281115808624799e+22
2.790598985778583e-07 3.341840680549606e+22
2.815933520374848e-07 3.402789002753618e+22
2.8423832968548866e-07 3.466866365731493e+22
2.868671234860481e-07 3.531374488862363e+22
2.895449962840509e-07 3.59735650725106e+22
2.9220450048920346e-07 3.664060634266369e+22
2.949133133057186e-07 3.732227581021903e+22
2.976014173847825e-07 3.800328730076042e+22
3.0041169711311335e-07 3.872675597374313e+22
3.031273660095671e-07 3.942975138688256e+22
3.0596801703505746e-07 4.017461475825077e+22
3.0878554232880985e-07 4.0919047445444e+22
3.116554406121974e-07 4.1679574130103234e+22
3.144994446329932e-07 4.244650827827268e+22
3.1747704940561877e-07 4.32521457591883e+22
3.203460648275647e-07 4.403977466226777e+22
3.2335165730444563e-07 4.486723464408869e+22
3.263283295836818e-07 4.569774272655202e+22
3.2936031565626706e-07 4.654776714391737e+22
3.3236011494164423e-07 4.740470138646268e+22
3.3550576232481283e-07 4.83040095813854e+22
3.3861907998830734e-07 4.9203883088370385e+22
3.41696587462726e-07 5.010292489422619e+22
3.4492641342150627e-07 5.105282410809022e+22
3.480225270903669e-07 5.1976506348680855e+22
3.5127415319285333e-07 5.295170107639499e+22
3.5458711319724434e-07 5.395322641959445e+22
3.578599103193418e-07 5.495748282790289e+22
3.610885649235035e-07 5.595249283700621e+22
3.644830520203167e-07 5.700717886099731e+22
3.6783288143408183e-07 5.806069225544878e+22
3.712448560972944e-07 5.914511602798197e+22
3.7472072155758324e-07 6.025670212806517e+22
3.781470006330869e-07 6.135913157471704e+22
3.816365146346226e-07 6.2498337456692964e+22
3.8519103044928846e-07 6.367047904248378e+22
3.886905730191598e-07 6.483313172737307e+22
3.923783393665902e-07 6.607038178750987e+22
3.9601031250467857e-07 6.72985439767828e+22
3.9958141999264346e-07 6.8517058741825e+22
4.033486050315858e-07 6.981671010538974e+22
4.070539071775453e-07 7.110409662961303e+22
4.1082791691296625e-07 7.242883722011833e+22
4.146725631942373e-07 7.378870314582874e+22
4.1844867085232985e-07 7.514113227466918e+22
4.222941828036617e-07 7.652739758108475e+22
4.262110302566671e-07 7.795293441740272e+22
4.302012167396526e-07 7.941616334898718e+22
4.3411487371489084e-07 8.086823709520819e+22
4.382551427330124e-07 8.24177897041689e+22
4.423174007405198e-07 8.395499061023162e+22
4.462950752076108e-07 8.547530780539965e+22
4.505084637171961e-07 8.70969359094599e+22
4.546355108380938e-07 8.869644257457174e+22
4.5883887170013237e-07 9.034453882558578e+22
4.631206827462329e-07 9.203893949190137e+22
4.6730708439817624e-07 9.37105933033431e+22
4.717491669494897e-07 9.55003099852337e+22
4.760937486865533e-07 9.726748321196302e+22
4.80519097241347e-07 9.908316858830367e+22
4.848379480567245e-07 1.0087266087668245e+23
4.894281298134746e-07 1.0279191844582095e+23
4.939093587090598e-07 1.0468247625428157e+23
4.984734066199911e-07 1.0662810931796584e+23
5.031225908666497e-07 1.0862475831289622e+23
5.078593160364953e-07 1.1068047601321725e+23
5.124743118864758e-07 1.1270131376475479e+23
5.171739512618416e-07 1.1477580875265741e+23
5.219605843824813e-07 1.1691519359694e+23
5.268366492896637e-07 1.1910495163860833e+23
5.318046759867801e-07 1.2136070050905432e+23
5.366350817807777e-07 1.2357611886180852e+23
5.415540415002872e-07 1.2585335798652364e+23
5.465640128093207e-07 1.2819416814610306e+23
5.516675451654772e-07 1.3059905168023753e+23
5.568672841459416e-07 1.3306980085472518e+23
5.61911371864655e-07 1.35492902141143e+23
5.670476732528144e-07 1.3798144416071256e+23
5.722787403492427e-07 1.4053998568795114e+23
5.776072202407626e-07 1.431653917478373e+23
5.830358595287397e-07 1.4587146462586061e+23
5.882884348398094e-07 1.4851177394465236e+23
5.939206840962939e-07 1.5136713133353075e+23
5.993721299889652e-07 1.5416392813307667e+23
6.049245778045626e-07 1.5703146060973993e+23
6.105808607663179e-07 1.5998080286957904e+23
6.160378893133854e-07 1.6285501208934828e+23
6.219049168306556e-07 1.6597289749145193e+23
6.275671770749408e-07 1.6900486312576805e+23
6.333334911062573e-07 1.7212771409977874e+23
6.392067537749397e-07 1.7533058623938106e+23
6.451899683188549e-07 1.786355792293504e+23
6.512862514840725e-07 1.820203965443606e+23
6.571505874349354e-07 1.8531700163270292e+23
6.631214906879519e-07 1.8869627861362693e+23
6.692018927061262e-07 1.9216367724046664e+23
6.753948334660632e-07 1.957453299608743e+23
6.81703466525911e-07 1.9941380645779168e+23
6.881310643800101e-07 2.0319540056783182e+23
6.946810241193494e-07 2.070773754032429e+23
7.009606265972645e-07 2.108440242606481e+23
7.073547942287105e-07 2.147119868932198e+23
7.138666910685604e-07 2.186803722820059e+23
7.20499598767223e-07 2.2274869603934035e+23
7.272569220850868e-07 2.269589980186145e+23
7.341421947202118e-07 2.3128482280964273e+23
7.407166024341242e-07 2.3544524592139333e+23
7.474098247452758e-07 2.39723800664707e+23
7.546838862999744e-07 2.444236082094339e+23
7.616330933561436e-07 2.4895040453479706e+23
7.687114678297137e-07 2.5359316586797892e+23
7.754376931732238e-07 2.58030907428981e+23
7.827762202379546e-07 2.6292101271262574e+23
7.902549739344955e-07 2.679744921526277e+23
7.97365237196117e-07 2.7281215186493547e+23
8.046046102964707e-07 2.778003100402121e+23
8.119766420662028e-07 2.829165310192631e+23
8.194850126005006e-07 2.8818908455926853e+23
8.27133539384772e-07 2.9357761630395767e+23
8.349261837665936e-07 2.9914164878608915e+23
8.428670577969822e-07 3.048879006060347e+23
8.503771823695394e-07 3.10315208211509e+23
8.586161308492443e-07 3.1635408858888025e+23
8.664108303611438e-07 3.221350902615324e+23
8.743483503010276e-07 3.2802901901398216e+23
8.82432652259714e-07 3.341558887370884e+23
8.906678457122455e-07 3.404315231638152e+23
8.990581949834478e-07 3.468518833317688e+23
9.069446703780395e-07 3.5296182220953206e+23
9.156459845587882e-07 3.5979835027644464e+23
9.238274825593135e-07 3.6622885152542876e+23
9.328573752459835e-07 3.7343467120516376e+23
9.413507656124112e-07 3.8024299098972425e+23
9.500002366593859e-07 3.872747692420852e+23
9.588101306624096e-07 3.945011099377182e+23
9.677849524782824e-07 4.019271597583865e+23
9.761607467168827e-07 4.089239978873372e+23
9.85464899981857e-07 4.167452458125034e+23
9.949481227563416e-07 4.2477906543126564e+23
1.0038028390591892e-06 4.324170862422782e+23
1.0128165788384964e-06 4.4020204774151724e+23
1.0228361987445655e-06 4.489489641098116e+23
1.032196596570015e-06 4.5720217419693064e+23
1.0417298984694862e-06 4.6567202409277086e+23
1.0514409398958968e-06 4.7439348278545076e+23
1.0613347383038135e-06 4.83367418883179e+23
1.0704920699544072e-06 4.9177758753329424e+23
1.0807493981508345e-06 5.0122853816873273e+23
1.090246317291e-06 5.101071652685659e+23
1.1008875856940178e-06 5.200865523328954e+23
1.110743338475522e-06 5.294507498532607e+23
1.1207771536379026e-06 5.390250075328186e+23
1.1320258294499618e-06 5.499050829590365e+23
1.1424496400342154e-06 5.600770272791553e+23
1.1530672017445707e-06 5.705278331814178e+23
1.162793166895181e-06 5.8020903171435615e+23
1.1737940483227605e-06 5.912534274064735e+23
1.1850050707518223e-06 6.026010637455042e+23
1.195279681191867e-06 6.130870485709904e+23
1.2069069154447063e-06 6.25088462440707e+23
1.2175665447273387e-06 6.36131243950731e+23
1.2296336066175994e-06 6.488559244954572e+23
1.240700309077158e-06 6.605572392354079e+23
1.2522207398840917e-06 6.728724547491244e+23
1.2638283682155018e-06 6.854185481106422e+23
1.2755220613520694e-06 6.981840028823352e+23
1.2873005904515026e-06 7.111020227655387e+23
1.2991626273059246e-06 7.242917525630773e+23
1.3112453065706595e-06 7.37832945659144e+23
1.323272513947481e-06 7.514237077831589e+23
1.3355223994371992e-06 7.653754155787745e+23
1.3480012049947394e-06 7.797737434176229e+23
1.3604170055670592e-06 7.941641162857558e+23
1.3730636443970317e-06 8.090437943237543e+23
1.3856380490028568e-06 8.239107906694672e+23
1.398444893008519e-06 8.39202510782736e+23
1.4114906815439797e-06 8.549316074362936e+23
1.4244550046810078e-06 8.707305841727957e+23
1.4376596860685492e-06 8.869459676521324e+23
1.4509417718128384e-06 9.034068289992308e+23
1.4644715640665227e-06 9.20359449276501e+23
1.477903882164572e-06 9.373050122957905e+23
1.4915848870848259e-06 9.547332429088817e+23
1.5055215496628538e-06 9.726604130835355e+23
1.5193488967391111e-06 9.90598144260316e+23
1.5334325906280534e-06 1.0090343373279159e+24
1.5475867644719446e-06 1.0277403873367386e+24
1.562004669617472e-06 1.0470112179326367e+24
1.5764934041641144e-06 1.0665324631018034e+24
1.5910493832741191e-06 1.0862707679193711e+24
1.605668835352864e-06 1.10634461863449e+24
1.6205594423682838e-06 1.1269391605981518e+24
1.6355131941433667e-06 1.1478647317174569e+24
1.650745488394303e-06 1.1693313341192003e+24
1.6660404311496684e-06 1.1911126646360695e+24
1.6813935615627564e-06 1.2131963093399712e+24
1.697032292541592e-06 1.23583719964222e+24
1.7127282013765295e-06 1.258798471237734e+24
1.728476329168512e-06 1.2820449163682345e+24
1.7445167450466227e-06 1.3059860288697822e+24
1.7606077892396168e-06 1.3301718739381923e+24
1.7769984375209941e-06 1.3550430561347868e+24
1.7934378564283869e-06 1.3802432333745938e+24
1.8099202174721486e-06 1.4057052836380986e+24
1.8267083466978182e-06 1.431905975045613e+24
1.8435368634133106e-06 1.4584247170780974e+24
1.8606783279501468e-06 1.4856975977962922e+24
1.877857286328376e-06 1.5132148199651215e+24
1.8953564147222088e-06 1.541559890040644e+24
1.912889776560527e-06 1.5702433507714374e+24
1.930450146378027e-06 1.5992110585939504e+24
1.948335912495537e-06 1.6289671285612014e+24
1.9662445468734675e-06 1.6590582955636347e+24
1.9844854591765163e-06 1.6900013639646044e+24
2.0030679836570197e-06 1.7217629501403953e+24
2.0213429603733433e-06 1.7533058623938105e+24
2.040289934348229e-06 1.7863668021581772e+24
2.058911896908659e-06 1.8190894166823085e+24
2.078224973328573e-06 1.853403348020582e+24
2.0971945724766024e-06 1.8873435362236171e+24
2.116874780885784e-06 1.9229503648825813e+24
2.1361919922127376e-06 1.9583335451150707e+24
2.156239675142784e-06 1.995221133343721e+24
2.1759037339129394e-06 2.0317027227329036e+24
2.196318479513468e-06 2.0700394703612354e+24
2.216327811856302e-06 2.1079218241475412e+24
2.237108382757227e-06 2.147723295005028e+24
2.2578713540985587e-06 2.1877907071254418e+24
2.2786047916935868e-06 2.2279877180920527e+24
2.299722537677772e-06 2.2694612877729748e+24
2.3208011767249496e-06 2.3112280150252686e+24
2.3422697924809475e-06 2.3542989387380654e+24
2.3641393084549505e-06 2.3983810969732706e+24
2.385962132840688e-06 2.442734458064931e+24
2.408191593705664e-06 2.4884930716994534e+24
2.4303629952539826e-06 2.534623815016264e+24
2.4529464394566192e-06 2.582084066938246e+24
2.4754595153175536e-06 2.6299612589066276e+24
2.498389667896009e-06 2.6786319869660794e+24
2.5217485956852803e-06 2.729239872352545e+24
2.5450262750300675e-06 2.779322859561768e+24
2.568205980288052e-06 2.8302708832961715e+24
2.5923533411557833e-06 2.8840148187850817e+24
2.616407231288819e-06 2.9376708727135306e+24
2.6403496681786724e-06 2.991536269909008e+24
2.6647343408014564e-06 3.0470561034450094e+24
2.6895736160354607e-06 3.1043622283929174e+24
2.714286390455388e-06 3.161326931396088e+24
2.739457516178313e-06 3.220550690821113e+24
2.765099864223664e-06 3.281115808624799e+24
2.790598985778583e-06 3.341840680549606e+24
2.8159335203748477e-06 3.402789002753618e+24
2.8423832968548867e-06 3.4668460257124034e+24
2.868671234860481e-06 3.5313744888623626e+24
2.8954499628405087e-06 3.5973565072510595e+24
2.922045004892035e-06 3.664060634266369e+24
2.9491331330571854e-06 3.732227581021903e+24
2.976014173847824e-06 3.8003287300760416e+24
3.004116971131133e-06 3.872675597374313e+24
3.0312736600956705e-06 3.942975138688256e+24
3.059680170350575e-06 4.0174614758250773e+24
3.0878554232880982e-06 4.0919047445444e+24
3.116554406121974e-06 4.1679574130103237e+24
3.1449944463299315e-06 4.244650827827268e+24
3.1747704940561875e-06 4.32521457591883e+24
3.203460648275647e-06 4.403977466226777e+24
3.233516573044457e-06 4.4867031243539214e+24
3.2632832958368175e-06 4.569774272655202e+24
3.29360315656267e-06 4.654776714391737e+24
3.3236011494164426e-06 4.7404701386462683e+24
3.355057623248129e-06 4.83040095813854e+24
3.386190799883073e-06 4.920388308837039e+24
3.4169658746272594e-06 5.010292489422577e+24
3.449264134215063e-06 5.105282410809023e+24
3.480225270903669e-06 5.197650634868086e+24
3.5127415319285334e-06 5.295170107639499e+24
3.5458711319724436e-06 5.395322641959445e+24
3.5785991031934176e-06 5.495748282790289e+24
3.610885649235035e-06 5.595249283700621e+24
3.6448305202031668e-06 5.70071788609973e+24
3.6783288143408182e-06 5.806069225544878e+24
3.7124485609729446e-06 5.914511602798198e+24
3.747207215575832e-06 6.025670212806517e+24
3.7814700063308684e-06 6.135913157471704e+24
3.8163651463462256e-06 6.249833745669297e+24
3.851910304492885e-06 6.367047904248378e+24
3.886905730191597e-06 6.483313172737307e+24
3.9237833936659015e-06 6.607038178750987e+24
3.960103125046786e-06 6.72985439767828e+24
3.995814199926435e-06 6.8517058741825e+24
4.033486050315858e-06 6.981671010538974e+24
4.070539071775453e-06 7.110418638820533e+24
4.108279169129662e-06 7.242883722011833e+24
4.146725631942373e-06 7.378870314582875e+24
4.184486708523299e-06 7.514113227466918e+24
4.222941828036617e-06 7.652739758108475e+24
4.2621103025666715e-06 7.795297929609978e+24
4.302012167396526e-06 7.941616334898717e+24
4.341148737148908e-06 8.086823709520819e+24
4.382551427330124e-06 8.241778970416889e+24
4.423174007405198e-06 8.395499061023162e+24
4.462950752076108e-06 8.547530780539966e+24
4.505084637171961e-06 8.709693590945989e+24
4.546355108380938e-06 8.869644257457173e+24
4.5883887170013235e-06 9.034458370430072e+24
4.631206827462329e-06 9.203893949190137e+24
4.6730708439817624e-06 9.37105933033431e+24
4.717491669494898e-06 9.550030998523371e+24
4.760937486865534e-06 9.726748321196303e+24
4.80519097241347e-06 9.908316858830367e+24
4.8483794805672445e-06 1.0087266087668244e+25
4.894281298134746e-06 1.0279191844582095e+25
4.939093587090597e-06 1.0468247625428156e+25
4.984734066199912e-06 1.0662810931796584e+25
5.031225908666497e-06 1.086247583128962e+25
5.078593160364953e-06 1.1068047601321727e+25
5.124743118864759e-06 1.127013137647548e+25
5.171739512618416e-06 1.1477580875265742e+25
5.219605843824813e-06 1.1691528335621694e+25
5.268366492896637e-06 1.1910495163860832e+25
5.318046759867801e-06 1.2136070050905432e+25
5.366350817807777e-06 1.2357611886180851e+25
5.415540415002873e-06 1.2585335798652365e+25
5.465640128093207e-06 1.2819416814610305e+25
5.516675451654771e-06 1.3139738538389346e+25
5.568672841459417e-06 1.3772656706200281e+25
5.619113718646549e-06 1.438138137399545e+25
5.6704767325281446e-06 1.4995649895049418e+25
5.722787403492427e-06 1.5616005402679742e+25
5.776072202407626e-06 1.624232682936884e+25
5.8303585952873965e-06 1.6876047544260268e+25
5.882884348398094e-06 1.7484402857665606e+25
5.939206840962939e-06 1.8131917417149352e+25
5.9937212998896524e-06 1.8755029610545991e+25
6.0492457780456266e-06 1.938479442842918e+25
6.105808607663179e-06 2.002240559091803e+25
6.160378893133853e-06 2.063423673994145e+25
6.219049168306557e-06 2.1288142967771707e+25
6.275671770749409e-06 2.1915286423373928e+25
6.333334911062572e-06 2.255123145987827e+25
6.392067537749398e-06 2.3195165636143747e+25
6.451899683188549e-06 2.3849061287315446e+25
6.512862514840725e-06 2.4510895432368526e+25
6.571505874349353e-06 2.5145803585953674e+25
6.631214906879519e-06 2.578896673141943e+25
6.692018927061262e-06 2.6440827663844766e+25
6.7539483346606315e-06 2.7104104437347146e+25
6.81703466525911e-06 2.777611490776193e+25
6.8813106438001e-06 2.845928371023221e+25
6.946810241193494e-06 2.915254625785303e+25
7.009606265972644e-06 2.981644054884138e+25
7.073547942287104e-06 3.049031873887576e+25
7.138666910685604e-06 3.1174261120154045e+25
7.2049959876722295e-06 3.186856740485787e+25
7.272569220850868e-06 3.2576736807609925e+25
7.341421947202118e-06 3.3296509803349126e+25
7.407166024341242e-06 3.3982111456028318e+25
7.474098247452759e-06 3.4679350604259285e+25
7.546838862999745e-06 3.5436900109882445e+25
7.616330933561437e-06 3.6159200594305694e+25
7.687114678297138e-06 3.689320645952405e+25
7.754376931732238e-06 3.758868077942647e+25
7.827762202379545e-06 3.835314091815477e+25
7.902549739344956e-06 3.9134219320678776e+25
7.97365237196117e-06 3.987545098957127e+25
8.046046102964708e-06 4.063251205907061e+25
8.119766420662029e-06 4.140250443617863e+25
8.194850126005006e-06 4.2188403510583915e+25
8.27133539384772e-06 4.298635265448009e+25
8.349261837665935e-06 4.380225370378179e+25
8.428670577969824e-06 4.463653241962989e+25
8.503771823695394e-06 4.542105103981891e+25
8.586161308492443e-06 4.628612230461326e+25
8.664108303611439e-06 4.710669639329143e+25
8.743483503010276e-06 4.793902205876618e+25
8.82432652259714e-06 4.879554067702931e+25
8.906678457122455e-06 4.973439020822462e+25
8.99058194983448e-06 5.0745962716574674e+25
9.069446703780395e-06 5.169862448035177e+25
9.156459845587883e-06 5.2752463397505904e+25
9.238274825593134e-06 5.373803760065858e+25
9.328573752459835e-06 5.483031967016348e+25
9.413507656124113e-06 5.585499925465527e+25
9.500002366593858e-06 5.690236329283533e+25
9.588101306624096e-06 5.796950764288783e+25
9.677849524782825e-06 5.9057753288768475e+25
9.761607467168829e-06 6.007445331910049e+25
9.85464899981857e-06 6.120315545513806e+25
9.949481227563417e-06 6.2354041525878155e+25
1.0038028390591894e-05 6.343697856438264e+25
1.0128165788384964e-05 6.453531605833649e+25
1.0228361987445657e-05 6.575914156853361e+25
1.032196596570015e-05 6.690559672000878e+25
1.0417298984694862e-05 6.823631267124722e+25
1.0514409398958966e-05 6.962806664020301e+25
1.0613347383038135e-05 7.104622385091157e+25
1.0704920699544073e-05 7.236125119439796e+25
1.0807493981508344e-05 7.382858250783402e+25
1.090246317291e-05 7.519191716833318e+25
1.1008875856940179e-05 7.67137777027992e+25
1.1107433384755221e-05 7.812695571728046e+25
1.1207771536379025e-05 7.956255426560535e+25
1.1320258294499616e-05 8.117667955690531e+25
1.1424496400342155e-05 8.267358183332428e+25
1.1530672017445707e-05 8.419936614565814e+25
1.162793166895181e-05 8.56006725431352e+25
1.1737940483227607e-05 8.718749988379802e+25
1.1850050707518224e-05 8.880559972186891e+25
1.1952796811918672e-05 9.029009121529222e+25
1.2069069154447062e-05 9.197561662476234e+25
1.2175665447273385e-05 9.35179366041961e+25
1.2296336066175995e-05 9.52780798558813e+25
1.2407003090771581e-05 9.688805034986866e+25
1.2522207398840916e-05 9.89214068719009e+25
1.2638283682155017e-05 1.009702108248204e+26
1.2755220613520696e-05 1.0303335357964516e+26
1.2873005904515024e-05 1.0510442201371748e+26
1.2991626273059245e-05 1.0719505640068635e+26
1.3112453065706594e-05 1.0932173037163065e+26
1.3232725139474808e-05 1.1143710995953268e+26
1.3355223994371992e-05 1.1359007200612688e+26
1.3480012049947392e-05 1.1578873104570234e+26
1.3604170055670592e-05 1.1797064122095383e+26
1.3730636443970319e-05 1.2020243481787908e+26
1.3856380490028569e-05 1.2241719286768228e+26
1.398444893008519e-05 1.2467614348429635e+26
1.4114906815439796e-05 1.2697923836245196e+26
1.424455004681008e-05 1.2927412344131306e+26
1.4376596860685493e-05 1.3161152166987214e+26
1.4509417718128382e-05 1.3396663574768427e+26
1.4644715640665226e-05 1.3637154516092147e+26
1.4779038821645717e-05 1.387605118367585e+26
1.4915848870848256e-05 1.4119871701821537e+26
1.5055215496628541e-05 1.436893468833676e+26
1.519348896739111e-05 1.4616394948509861e+26
1.5334325906280535e-05 1.486907160663359e+26
1.5475867644719448e-05 1.5123686026599806e+26
1.5620046696174718e-05 1.5439247698240574e+26
1.5764934041641144e-05 1.5772111053989812e+26
1.591049383274119e-05 1.6105446189051173e+26
1.605668835352864e-05 1.6440345430742718e+26
1.6205594423682837e-05 1.6780695221495862e+26
1.6355131941433668e-05 1.71226419411558e+26
1.650745488394303e-05 1.747022901488e+26
1.6660404311496683e-05 1.7819212845057187e+26
1.6813935615627565e-05 1.8169609398437653e+26
1.6970322925415922e-05 1.8525825103122393e+26
1.7127282013765297e-05 1.8883514325189694e+26
1.728476329168512e-05 1.9242362885726773e+26
1.7445167450466226e-05 1.9608357124415447e+26
1.760607789239617e-05 1.9975230333779845e+26
1.776998437520994e-05 2.0349111190745705e+26
1.7934378564283868e-05 2.0724667960882274e+26
1.8099202174721487e-05 2.1101106561180063e+26
1.826708346697818e-05 2.148523341688049e+26
1.8435368634133105e-05 2.1870915580633763e+26
1.860678327950147e-05 2.226435617000615e+26
1.877857286328376e-05 2.26586726208377e+26
1.895356414722209e-05 2.3061405385902962e+26
1.9128897765605272e-05 2.346581774847472e+26
1.930450146378027e-05 2.387151161555868e+26
1.948335912495537e-05 2.4285577950853528e+26
1.9662445468734677e-05 2.4701216085796986e+26
1.9844854591765163e-05 2.5125490220236828e+26
2.0030679836570197e-05 2.5558361394571675e+26
2.021342960373343e-05 2.5985773250230026e+26
2.040289934348229e-05 2.6430317801597386e+26
2.0589118969086592e-05 2.6867664608673732e+26
2.0782249733285726e-05 2.742419292662763e+26
2.0971945724766023e-05 2.8053202659476136e+26
2.116874780885784e-05 2.870507328207774e+26
2.1361919922127373e-05 2.934395826365636e+26
2.156239675142784e-05 3.000357891405629e+26
2.1759037339129394e-05 3.0648913791625497e+26
2.196318479513468e-05 3.1318275991512774e+26
2.216327811856302e-05 3.1972778129580685e+26
2.2371083827572267e-05 3.265240139339916e+26
2.2578713540985585e-05 3.332961000058497e+26
2.278604791693587e-05 3.400363642427108e+26
2.2997225376777723e-05 3.469032636488423e+26
2.3208011767249497e-05 3.5374878064813584e+26
2.3422697924809478e-05 3.607294864764256e+26
2.3641393084549505e-05 3.6781715321154066e+26
2.3859621328406886e-05 3.748829491345247e+26
2.4081915937056637e-05 3.820903022952603e+26
2.4303629952539823e-05 3.89290159755664e+26
2.4529464394566193e-05 3.966222828637789e+26
2.475459515317554e-05 4.0394902486523594e+26
2.498389667896009e-05 4.113630329919801e+26
2.5217485956852804e-05 4.1897397557469915e+26
2.545026275030068e-05 4.26481350400238e+26
2.5682059802880522e-05 4.3402905719505265e+26
2.5923533411557836e-05 4.4191491101449356e+26
2.616407231288819e-05 4.497424420707178e+26
2.6403496681786724e-05 4.575405756125441e+26
2.6647343408014564e-05 4.655139133395946e+26
2.6895736160354605e-05 4.7366411667226045e+26
2.7142863904553883e-05 4.8173537244172094e+26
2.739457516178313e-05 4.900384046402091e+26
2.7650998642236638e-05 4.984847072838442e+26
2.790598985778583e-05 5.068916053366449e+26
2.815933520374848e-05 5.15270889156127e+26
2.8423832968548864e-05 5.2403000566372153e+26
2.8686712348604812e-05 5.327837900769412e+26
2.8954499628405086e-05 5.4169143015578386e+26
2.922045004892035e-05 5.506171501815179e+26
2.9491331330571855e-05 5.5969779364867414e+26
2.9760141738478244e-05 5.687215827597799e+26
3.0041169711311335e-05 5.782382149819804e+26
3.0312736600956707e-05 5.874412141518975e+26
3.059680170350574e-05 5.971244753094957e+26
3.087855423288099e-05 6.067550309435752e+26
3.1165544061219745e-05 6.208595809688883e+26
3.144994446329932e-05 6.388181609272757e+26
3.1747704940561877e-05 6.574541003315902e+26
3.203460648275647e-05 6.753399649774517e+26
3.233516573044457e-05 6.939141967444335e+26
3.2632832958368175e-05 7.122388718301008e+26
3.2936031565626704e-05 7.30762095033785e+26
3.3236011494164424e-05 7.490793580268469e+26
3.355057623248129e-05 7.68105380165329e+26
3.386190799883073e-05 7.868619040241439e+26
3.4169658746272596e-05 8.05323345700714e+26
3.4492641342150625e-05 8.246006240668125e+26
3.480225270903669e-05 8.430452096519545e+26
3.5127415319285335e-05 8.622989559304637e+26
3.5458711319724434e-05 8.81824920035191e+26
3.578599103193418e-05 9.011005342994815e+26
3.610885649235035e-05 9.200055012850152e+26
3.644830520203167e-05 9.39801995913597e+26
3.6783288143408185e-05 9.593115343054113e+26
3.712448560972944e-05 9.791396009597467e+26
3.747207215575832e-05 9.992542108025842e+26
3.781470006330868e-05 1.0189975645931041e+27
3.816365146346226e-05 1.0391150224292389e+27
3.851910304492884e-05 1.0595769512389679e+27
3.8869057301915976e-05 1.0796665752845984e+27
3.923783393665901e-05 1.100803375537153e+27
3.960103125046786e-05 1.121568585058633e+27
3.995814199926435e-05 1.1419633897100966e+27
4.033486050315858e-05 1.1634702999182851e+27
4.070539071775452e-05 1.1845797201993793e+27
4.1082791691296624e-05 1.2060734657395845e+27
4.1467256319423736e-05 1.2279326657339016e+27
4.184486708523298e-05 1.2494361155951843e+27
4.222941828036617e-05 1.271292505973765e+27
4.262110302566672e-05 1.2935586672678497e+27
4.3020121673965253e-05 1.316217867101435e+27
4.341148737148909e-05 1.3384778333579897e+27
4.382551427330124e-05 1.3620274794223675e+27
4.423174007405198e-05 1.3851773471421251e+27
4.462950752076108e-05 1.407865874119914e+27
4.505084637171961e-05 1.431887609944108e+27
4.546355108380938e-05 1.455405042855056e+27
4.588388717001324e-05 1.4794265406041813e+27
4.631206827462329e-05 1.5039247954293343e+27
4.673070843981763e-05 1.5279132938869412e+27
4.717491669494897e-05 1.5534002621891318e+27
4.7609374868655334e-05 1.578376460591236e+27
4.8051909724134705e-05 1.6038546554964067e+27
4.8483794805672445e-05 1.6287868120964357e+27
4.894281298134746e-05 1.6553312253014658e+27
4.9390935870905965e-05 1.6813144338672973e+27
4.984734066199911e-05 1.7078587116896036e+27
5.0312259086664966e-05 1.7349381925285588e+27
5.078593160364953e-05 1.7626223397685993e+27
5.1247431188647585e-05 1.7896720536884507e+27
5.1717395126184165e-05 1.8172786818371086e+27
5.219605843824813e-05 1.8455520965317512e+27
5.268366492896637e-05 1.874344735140333e+27
5.318046759867801e-05 1.903830712085356e+27
5.366350817807777e-05 1.9326130007199224e+27
5.415540415002872e-05 1.9620337172272805e+27
5.465640128093207e-05 1.9921107622328174e+27
5.516675451654771e-05 2.022853299499103e+27
5.568672841459417e-05 2.054274835615988e+27
5.6191137186465493e-05 2.0849289370448518e+27
5.6704767325281444e-05 2.116256867162035e+27
5.722787403492426e-05 2.1483007607343448e+27
5.776072202407626e-05 2.1810469987456743e+27
5.830358595287397e-05 2.2146219943819245e+27
5.882884348398094e-05 2.2472318812142318e+27
5.939206840962939e-05 2.2823421707771644e+27
5.993721299889652e-05 2.3165797687337755e+27
6.049245778045627e-05 2.3515440200658852e+27
6.10580860766318e-05 2.387350104381114e+27
6.160378893133854e-05 2.4220917354752877e+27
6.219049168306556e-05 2.4612624607134404e+27
6.275671770749408e-05 2.523770651052095e+27
6.333334911062573e-05 2.5870565308179387e+27
6.392067537749397e-05 2.6506612038764936e+27
6.451899683188549e-05 2.7148693154528614e+27
6.512862514840725e-05 2.779822945976333e+27
6.571505874349354e-05 2.8416673830967873e+27
6.631214906879519e-05 2.9040966122371314e+27
6.692018927061263e-05 2.9671235443060547e+27
6.753948334660632e-05 3.030971249798379e+27
6.81703466525911e-05 3.0953079550235335e+27
6.8813106438001e-05 3.160277630206183e+27
6.946810241193494e-05 3.2259420116672366e+27
7.009606265972643e-05 3.2885412519700333e+27
7.073547942287104e-05 3.351835910656326e+27
7.138666910685605e-05 3.4155922502083443e+27
7.20499598767223e-05 3.480283632596745e+27
7.272569220850867e-05 3.545716012496419e+27
7.341421947202118e-05 3.611604896610625e+27
7.407166024341242e-05 3.6744854742183e+27
7.47409824745276e-05 3.737957927833298e+27
7.546838862999744e-05 3.8062605275047213e+27
7.616330933561437e-05 3.871283150514034e+27
7.687114678297137e-05 3.9372480303896524e+27
7.754376931732237e-05 3.9993157263019237e+27
7.827762202379545e-05 4.0667834852800656e+27
7.902549739344956e-05 4.134984694757407e+27
7.97365237196117e-05 4.199569832960036e+27
8.046046102964707e-05 4.264924494301424e+27
8.119766420662029e-05 4.3314959947761625e+27
8.194850126005006e-05 4.3987079430010636e+27
8.27133539384772e-05 4.466697954213671e+27
8.349261837665935e-05 4.5356996255201235e+27
8.428670577969823e-05 4.6057092256989755e+27
8.503771823695394e-05 4.6716305000965254e+27
8.586161308492443e-05 4.743781077512268e+27
8.664108303611439e-05 4.8118140130416115e+27
8.743483503010275e-05 4.88050462134663e+27
8.824326522597141e-05 4.9504309558225965e+27
8.906678457122455e-05 5.021341609632346e+27
8.990581949834478e-05 5.093303034838629e+27
9.069446703780395e-05 5.160848875065274e+27
9.156459845587883e-05 5.235081686741448e+27
9.238274825593135e-05 5.304349952335415e+27
9.328573752459834e-05 5.381220749405663e+27
9.413507656124112e-05 5.4529091356877e+27
9.50000236659386e-05 5.52572751610815e+27
9.588101306624096e-05 5.600232291338749e+27
9.677849524782824e-05 5.675155283148303e+27
9.761607467168827e-05 5.745481180190095e+27
9.85464899981857e-05 5.823393624469494e+27
9.949481227563417e-05 5.901873305932359e+27
0.00010038028390591894 5.976039762300904e+27
0.00010128165788384963 6.050893187721652e+27
0.00010228361987445656 6.134408983844702e+27
0.0001032196596570015 6.211699773758976e+27
0.00010417298984694862 6.290712649651125e+27
0.00010514409398958965 6.371102459391058e+27
0.00010613347383038135 6.453136076627557e+27
0.00010704920699544072 6.528680757345153e+27
0.00010807493981508344 6.613490403527962e+27
0.0001090246317291 6.691266803583882e+27
0.00011008875856940179 6.779346720668915e+27
0.0001110743338475522 6.86063437112718e+27
0.00011207771536379025 6.943814407527529e+27
0.00011320258294499617 7.036363361439147e+27
0.00011424496400342156 7.122486341356132e+27
0.00011530672017445707 7.209562555634885e+27
0.00011627931668951809 7.290558190905199e+27
0.00011737940483227608 7.381463185515119e+27
0.00011850050707518224 7.473907637090089e+27
0.0001195279681191867 7.559339039017234e+27
0.00012069069154447063 7.655095994782437e+27
0.00012175665447273385 7.743744305837523e+27
0.00012296336066175997 7.843586284336557e+27
0.0001240700309077158 7.928344662023457e+27
0.0001243186682442042 7.967377375580972e+27
0.0001248189445751668 8.021342019200784e+27
0.00012532326354314729 8.101247929165873e+27
0.00012583167434859614 8.201224653356372e+27
0.00012634422699360061 8.340309433805367e+27
0.0001268609722982779 8.701744356334075e+27
0.0001273819619175727 9.650714056597565e+27
0.0001279072483584699 1.0748043489124645e+28
0.0001284368849976354 1.0548124260602337e+28
0.00012897092609949666 8.674210486067e+27
0.0001295094268347764 8.620743322886183e+27
0.00013005244329949246 8.633099377071268e+27
0.00013060003253443769 8.669820119468032e+27
0.0001311522525451541 8.734539215116477e+27
0.00013170916232241593 8.830832310316916e+27
0.00013227082186323646 8.936139845916532e+27
0.0001328372921924152 8.977589446374562e+27
0.00013340863538464063 9.0644461293404e+27
0.0001339849145871661 9.188973549268928e+27
0.00013456619404307571 9.189567042333043e+27
0.00013515253911515883 9.226565910931693e+27
0.00013574401631041117 9.396704698900041e+27
0.0001363406933051822 9.575719533051737e+27
0.00013694263897098873 9.529856819642514e+27
0.00013754992340101529 9.485588513853362e+27
0.00013816261793732273 9.550960501405052e+27
0.00013878079519878727 9.635692753421989e+27
0.00013940452910979302 9.71001901202215e+27
0.00014003389492970182 9.762747267136306e+27
0.00014066896928312448 9.870437574182746e+27
0.00014130983019102028 1.0070986500209723e+28
0.00014195655710264968 1.023491336449982e+28
0.00014260923092840897 1.01634123451204e+28
0.00014326793407357484 1.0211404446837754e+28
0.00014393275047298816 1.0259153272160292e+28
0.0001446037656267084 1.0306647438634002e+28
0.00014528106663666955 1.038732182977767e+28
0.00014596474224437152 1.0467674266453237e+28
0.00014665488286964043 1.056022226374472e+28
0.00014735158065049382 1.0672786760701569e+28
0.00014805492948414772 1.076293975463026e+28
0.0001487650250692036 1.0818798844127389e+28
0.0001494819649490552 1.0902079815521657e+28
0.00015020584855655666 1.0991897571819891e+28
0.00015093677725999487 1.1091815547532808e+28
0.0001516748544104105 1.1210295711918172e+28
0.00015242018539031425 1.133304663146907e+28
0.00015317287766384669 1.1423507761237292e+28
0.00015393304082843152 1.1604697611008205e+28
0.0001547007866679748 1.1739585951947402e+28
0.0001554762292076639 1.170114538634261e+28
0.00015625948477042292 1.1767420820747395e+28
0.00015705067203508329 1.1864155074877363e+28
0.00015784991209633054 1.1972529905989708e+28
0.00015865732852649077 1.2086349736295208e+28
0.0001594730474392234 1.2206899880069536e+28
0.00016029719755518835 1.230859069655838e+28
0.00016112991026976078 1.241810342721329e+28
0.00016197131972286657 1.2536405402312463e+28
0.00016282156287101808 1.263566330482529e+28
0.00016368077956163034 1.2806420700886293e+28
0.00016454911260970265 1.3253398796793651e+28
0.0001654267078769544 1.448581064219669e+28
0.00016631371435350646 1.5797264392248573e+28
0.00016721028424220458 1.4874044159738317e+28
0.00016811657304568537 1.3418646680188375e+28
0.00016903273965628856 1.347232826207649e+28
0.00016995894644892577 1.362434950954842e+28
0.00017089535937701898 1.3864471060541635e+28
0.00017184214807162854 1.4250894843536065e+28
0.00017279948594389389 1.4410495818589805e+28
0.0001737675502909185 1.417263751753522e+28
0.00017474652240523353 1.431836340003927e+28
0.0001757365876879827 1.4472951428364792e+28
0.0001767379357659769 1.475384329897284e+28
0.00017775076061277335 1.5930612587186625e+28
0.0001787752606739421 1.7932402203269162e+28
0.00017981163899668956 1.5866030666130316e+28
0.00018086010336401721 1.5224872599527084e+28
0.00018192086643360088 1.5297991148715584e+28
0.00018299414588158672 1.553437072773085e+28
0.00018408016455150712 1.5660019945169988e+28
0.00018517915060853107 1.5769939990572442e+28
0.00018629133769927297 1.5977759614078768e+28
0.0001874169651173955 1.6062234901072209e+28
0.00018855627797525196 1.6265787378502206e+28
0.00018970952738182843 1.6566675401406653e+28
0.0001908769706272551 1.6653471632674297e+28
0.00019205887137417306 1.6725006272637404e+28
0.00019325549985625513 1.6898128748723458e+28
0.00019416280267248168 1.702683440053225e+28
0.00019477241900740314 1.7140066659267635e+28
0.00019538587544522173 1.7209966500855744e+28
0.00019600320838501707 1.7327950618351624e+28
0.00019662445468734675 1.7442020058980592e+28
0.00019724965168158314 1.759036266022282e+28
0.00019787883717339042 1.7681609321038598e+28
0.0001985120494523453 1.7749934763049875e+28
0.00019914932729970432 1.7835071720565538e+28
0.00019979070999632173 1.7909230095882864e+28
0.0002004362373307202 1.7962990222599773e+28
0.00020108594960731896 1.8066282138118868e+28
0.00020173988765482244 1.8143897473420595e+28
0.00020239809283477292 1.8248813771745013e+28
0.00020306060705027138 1.8344995000783165e+28
0.00020372747275486996 1.8449553838542049e+28
0.00020439873296164052 1.8541784915144427e+28
0.00020507443125242282 1.8634271516369019e+28
0.00020575461178725673 1.8770374656431149e+28
0.000206439319314003 1.8916654502932832e+28
0.00020712859917815658 1.9142727911869553e+28
0.0002078224973328573 1.9457679471107593e+28
0.00020852106034910219 1.9648720205504207e+28
0.0002092243354261649 1.9758625409374662e+28
0.00020993237040222638 1.979337138498931e+28
0.00021064521376522205 1.9944250890622288e+28
0.00021136291466391106 1.9731236672373118e+28
0.0002120855229191723 1.9727206619428083e+28
0.0002128130890355331 1.9826616108661186e+28
0.000213545664212936 1.99305482141006e+28
0.00021428330035874922 2.0049775776275955e+28
0.00021502605010002737 2.011999806528323e+28
0.00021577396679602745 2.0256055556846274e+28
0.00021652710455098744 2.0410938007482625e+28
0.00021728551822717304 2.0554705750178e+28
0.0002180492634582 2.0610574046869466e+28
0.00021881839666263808 2.07962558588571e+28
0.00021959297505790405 2.097968084201517e+28
0.00022037305667445078 2.116484414684164e+28
0.00022115870037025991 2.1823022319147025e+28
0.00022194996584564544 2.276011153706184e+28
0.00022274691365837667 2.3310172132564214e+28
0.00022354960523912758 2.2551753967610607e+28
0.00022435810290726186 2.1794562651942377e+28
0.00022517246988696153 2.172981664360499e+28
0.0002259927703237082 2.1870693147907987e+28
0.00022681906930112578 2.2030976536809456e+28
0.00022765143285819413 2.2245072036959225e+28
0.00022848992800684312 2.2242655969015577e+28
0.00022933462274993678 2.2330298488486377e+28
0.00023018558609965825 2.2463929097638354e+28
0.00023104288809630503 2.2581709757402194e+28
0.00023190659982750617 2.270962308463562e+28
0.00023277679344787204 2.284294644598951e+28
0.00023365354219908812 2.29500270397697e+28
0.00023453692043046465 2.314308085584908e+28
0.00023542700361995408 2.3467646073173044e+28
0.00023632386839564913 2.359758660715e+28
0.00023722759255777402 2.381859151285371e+28
0.00023813825510118195 2.3887212462480877e+28
0.0002390559362383734 2.389713897242694e+28
0.00023998071742304796 2.412687206739301e+28
0.00024091268137420543 2.429639502097283e+28
0.00024185191210081053 2.4483420877525223e+28
0.00024279849492703682 2.4711982873480758e+28
0.0002437525165181057 2.4668156546034096e+28
0.00024471406490673725 2.4766542387512184e+28
0.00024568322952022933 2.4901289344582737e+28
0.0002466601012081825 2.516486673232957e+28
0.0002476447722708898 2.53550983826783e+28
0.0002486373364884084 2.541036876167154e+28
0.0002496378891503336 2.5635181986261556e+28
0.00025064652708629457 2.576016079431858e+28
0.0002516633486971923 2.594419017595864e+28
0.00025268845398720123 2.611093778060497e+28
0.0002537219445965558 2.6421399983454516e+28
0.0002547639238351454 2.6558435479082295e+28
0.0002558144967169398 2.677406192250162e+28
0.0002568737699952708 2.7096409936712055e+28
0.0002579418521989933 2.7409536288975893e+28
0.0002590188536695528 2.872189014782948e+28
0.0002601048865989849 3.1012333304512964e+28
0.00026120006506887537 3.1586058521100955e+28
0.0002623045050903082 2.90531373517926e+28
0.00026341832464483187 2.835470052887367e+28
0.0002645416437264729 2.8478128372989905e+28
0.0002656745843848304 2.9176673954192466e+28
0.00026681727076928127 2.9985321100653123e+28
0.0002679698291743322 2.9597707811979667e+28
0.00026913238808615143 2.913087027466094e+28
0.00027030507823031766 2.9014964935923454e+28
0.00027148803262082234 2.954445559646505e+28
0.0002726813866103644 2.9795120055084422e+28
0.00027388527794197746 2.9820209401789663e+28
0.00027509984680203057 3.0382278610767694e+28
0.00027632523587464545 3.07102419426594e+28
0.00027756159039757453 3.0578462589716545e+28
0.00027880905821958603 3.113445259560751e+28
0.00028006778985940363 3.1534636389686045e+28
0.00028133793856624896 3.1694833353244107e+28
0.00028261966038204057 3.2546684462155247e+28
0.00028391311420529936 3.255698765873656e+28
0.00028521846185681793 3.288577326255469e+28
0.0002865358681471497 3.3632849699137773e+28
0.0002878655009459763 3.417183371895764e+28
0.0002892075312534168 3.5222518010101903e+28
0.0002905621332733391 3.543250726571758e+28
0.00029192948448874303 3.5199630737247886e+28
0.00029330976573928086 3.605989442781909e+28
0.00029470316130098765 3.663396398877502e+28
0.00029610985896829544 3.6139853172063694e+28
0.0002975300501384072 3.6161836020948964e+28
0.0002989639298981104 3.671099985861365e+28
0.0003004116971131133 3.7050262869827533e+28
0.00030187355451998974 3.7614032059920996e+28
0.000303349708820821 3.818337472117944e+28
0.0003048403707806285 3.9408586243761056e+28
0.00030634575532769337 4.265982918149759e+28
0.00030786608165686303 4.203404488885923e+28
0.0003094015733359496 3.9510777467771776e+28
0.0003109524584153278 3.9006912815830253e+28
0.00031251896954084585 3.9482765746728835e+28
0.00031410134407016657 3.991482383826512e+28
0.0003156998241926611 4.020874984071326e+28
0.00031731465705298154 4.034165619252678e+28
0.0003189460948784468 4.088748698061581e+28
0.0003205943951103767 4.121564204082426e+28
0.00032225982053952156 4.164447111706863e+28
0.00032394263944573315 4.1976402676909684e+28
0.00032564312574203617 4.233599493192633e+28
0.0003273615591232607 4.286190429922822e+28
0.0003290982252194053 4.3281935846638105e+28
0.0003308534157539088 4.370319162274698e+28
0.0003326274287070129 4.476233548608959e+28
0.00033442056848440916 4.455897394155216e+28
0.00033623314609137074 4.480791722874705e+28
0.0003380654793125771 4.520819368328312e+28
0.00033991789289785154 4.551375320377639e+28
0.00034179071875403797 4.625474715091348e+28
0.0003436842961432571 4.647051495057606e+28
0.00034559897188778777 4.720566235005547e+28
0.000347535100581837 4.765201284120641e+28
0.00034949304481046706 4.872243038124704e+28
0.0003514731753759654 4.9092447689883305e+28
0.0003534758715319538 4.904223283509195e+28
0.0003555015212255467 4.972960183004618e+28
0.0003575505213478842 5.010631887316578e+28
0.0003596232779933791 5.040744287264533e+28
0.00036172020672803443 5.093064656308548e+28
0.00036384173286720177 5.142878699710988e+28
0.00036598829176317344 5.194424319410951e+28
0.00036816032910301423 5.25731457630573e+28
0.00037035830121706214 5.325038305620431e+28
0.00037258267539854595 5.39025957105131e+28
0.000374833930234791 5.5586421674205555e+28
0.0003771125559505039 5.704234710214218e+28
0.00037941905476365686 5.573838152657246e+28
0.0003817539412545102 5.619988393933403e+28
0.0003841177427483461 5.678431384957308e+28
0.00038651099971251027 5.740736077348364e+28
0.00038832560534496336 5.791803152419047e+28
0.0003895448380148063 5.826331930068844e+28
0.00039077175089044345 5.865514823104629e+28
0.00039200641677003415 5.914826105261461e+28
0.0003932489093746935 5.9920028231513364e+28
0.00039449930336316627 6.06189926426041e+28
0.00039575767434678083 6.086600932163081e+28
0.0003970240989046906 6.121700346520983e+28
0.00039829865459940864 6.295120439672175e+28
0.00039958141999264346 6.709380823168676e+28
0.0004008724746614404 7.169837338415816e+28
0.0004021718992146379 7.321659979392011e+28
0.00040347977530964487 6.936443634919791e+28
0.00040479618566954584 6.315975091632902e+28
0.00040612121410054275 6.326127944897304e+28
0.0004074549455097399 6.321650137186851e+28
0.00040879746592328105 6.320158698977663e+28
0.00041014886250484564 6.395852307592013e+28
0.00041150922357451346 6.4099881803048596e+28
0.000412878638628006 6.441206266204258e+28
0.00041425719835631316 6.478524283683765e+28
0.0004156449946657146 6.518656486102115e+28
0.00041704212069820437 6.558929207175103e+28
0.0004184486708523298 6.601780371691054e+28
0.00041986474080445276 6.6428189951059165e+28
0.0004212904275304441 6.685447401046417e+28
0.0004227258293278221 6.72630670505077e+28
0.0004241710458383446 6.745457534512981e+28
0.0004256261780710662 6.793604337398005e+28
0.000427091328425872 6.841563961824046e+28
0.00042856660071749844 6.906289666646397e+28
0.00043005210020005474 6.9904274601473255e+28
0.0004315479335920549 6.961111534812063e+28
0.0004330542091019749 7.044476480047752e+28
0.0004345710364543461 7.078142495992904e+28
0.0004360985269164 7.179920970200161e+28
0.00043763679332527617 7.39590219212716e+28
0.0004391859501158081 7.561025338814478e+28
0.00044074611334890155 7.495625548332475e+28
0.00044231740074051983 7.306801529251739e+28
0.0004438999316912909 7.320456081575579e+28
0.00044549382731675334 7.326471972523735e+28
0.00044709921047825517 7.360227207403447e+28
0.0004487162058145237 7.4195930549436055e+28
0.00045034493977392305 7.420133315673136e+28
0.0004519855406474164 7.518395218903777e+28
0.00045363813860225155 7.5269723456303706e+28
0.00045530286571638826 7.604529102126574e+28
0.00045697985601368625 7.658180688220191e+28
0.00045866924549987356 7.728206043758694e+28
0.0004603711721993165 7.752695850873459e+28
0.00046208577619261007 7.805562866965524e+28
0.00046381319965501234 7.767742863187071e+28
0.0004655535868957441 7.8441878786802854e+28
0.00046730708439817625 7.906803294144226e+28
0.0004690738408609293 8.008079730572813e+28
0.00047085400723990815 8.156334943788014e+28
0.00047264773679129825 8.234822614789967e+28
0.00047445518511554804 8.229251677432436e+28
0.0004762765102023639 8.24142513775688e+28
0.0004781118724767468 8.197807036249451e+28
0.0004799614348460959 8.197712148037454e+28
0.00048182536274841086 8.35148728649096e+28
0.00048370382420162106 8.310364629194142e+28
0.00048559698985407363 8.412336715294485e+28
0.0004875050330362114 8.444745108025153e+28
0.0004894281298134745 8.533674332476647e+28
0.0004913664590404587 8.468286106381565e+28
0.000493320202416365 8.528889250655356e+28
0.0004952895445417796 8.727354298166077e+28
0.0004972746729768168 8.622061037242967e+28
0.0004992757783006672 8.712151698688309e+28
0.0005012930541725891 8.807961358645855e+28
0.0005033266973943845 8.935313734379066e+28
0.0005053769079744025 8.927422354972178e+28
0.0005074438891931116 8.889360669927287e+28
0.0005095278476702908 9.042742493802283e+28
0.0005116289934338796 9.134142179544254e+28
0.0005137475399905416 9.020616402810188e+28
0.0005158837043979866 9.249782633829114e+28
0.0005180377073391056 9.29531747114984e+28
0.0005202097731979698 9.22976351119541e+28
0.0005224001301377507 9.506500715952515e+28
0.0005246090101806164 9.541584676369748e+28
0.0005268366492896637 9.497492263769468e+28
0.0005290832874529458 9.852210204770362e+28
0.0005313491687696608 9.838887713644457e+28
0.0005336345415385625 9.729238187546062e+28
0.0005359396583486644 1.0062875786677864e+29
0.0005382647761723029 1.0131991885680336e+29
0.0005406101564606353 1.0051921159341231e+29
0.0005429760652416447 1.0371266438529826e+29
0.0005453627732207288 1.0451422245725672e+29
0.0005477705558839549 1.0521935376533392e+29
0.0005501996936040611 1.0602169116046883e+29
0.0005526504717492909 1.068017108002229e+29
0.0005551231807951491 1.0754180568608727e+29
0.0005576181164391721 1.084850641930241e+29
0.0005601355797188073 1.0959703770492775e+29
0.0005626758771324979 1.1069429493659035e+29
0.0005652393207640811 1.1359987452661817e+29
0.0005678262284105987 1.1507512676810278e+29
0.0005704369237136359 1.1414652998053175e+29
0.0005730717362942994 1.1430642988247039e+29
0.0005757310018919526 1.1559682179989576e+29
0.0005784150625068336 1.1571696365333758e+29
0.0005811242665466782 1.1638506689826172e+29
0.0005838589689774861 1.1743695630580342e+29
0.0005866195314785617 1.1878940023000243e+29
0.0005894063226019753 1.1968415563792924e+29
0.0005922197179365909 1.2019224416265572e+29
0.0005950601002768144 1.2126364969795693e+29
0.0005979278597962208 1.2228838575667875e+29
0.0006008233942262266 1.2325487252987039e+29
0.0006037471090399795 1.2409947382157423e+29
0.000606699417641642 1.244061088931031e+29
0.000609680741561257 1.2666654202623545e+29
0.0006126915106553867 1.2714373557097206e+29
0.0006157321633137261 1.2838892531555286e+29
0.0006188031466718993 1.2930230010904025e+29
0.0006219049168306556 1.3018685187843564e+29
0.0006250379390816917 1.3128295873708462e+29
0.0006282026881403331 1.3229431370020152e+29
0.0006313996483853221 1.3368956243196134e+29
0.0006346293141059631 1.3536528351887161e+29
0.0006378921897568936 1.3553240039082733e+29
0.0006411887902207534 1.3741281243433663e+29
0.0006445196410790431 1.3844607182747685e+29
0.0006478852788914663 1.3979129972947795e+29
0.0006512862514840723 1.4148182530034974e+29
0.0006547231182465214 1.4211034602243087e+29
0.0006581964504388106 1.4898463022475533e+29
0.0006617068315078176 1.614538140375092e+29
0.0006652548574140258 1.675946087803349e+29
0.0006688411369688183 1.561231121825655e+29
0.0006724662921827415 1.4904754682273383e+29
0.0006761309586251542 1.4985489354508764e+29
0.0006798357857957031 1.5130638215285547e+29
0.0006835814375080759 1.518840444578166e+29
0.0006873685922865142 1.538960034390566e+29
0.0006911979437755755 1.5555031717690488e+29
0.000695070201163674 1.5683125397212911e+29
0.0006989860896209341 1.5846039350744227e+29
0.0007029463507519308 1.59913091594628e+29
0.0007069517430639076 1.611505732508528e+29
0.0007110030424510934 1.6289162800650505e+29
0.0007151010426957684 1.6288709613871527e+29
0.0007192465559867583 1.65928802025048e+29
0.0007234404134560689 1.6821624023216423e+29
0.0007276834657344035 1.7057062298594783e+29
0.0007319765835263469 1.7333255418897013e+29
0.0007363206582060285 1.7158209892505964e+29
0.0007407166024341243 1.7451694196963014e+29
0.0007451653507970919 1.7593668441294776e+29
0.000749667860469582 1.7788574945407032e+29
0.0007542251119010079 1.772342755140079e+29
0.0007588381095273137 1.8123409748824978e+29
0.0007635078825090204 1.8275856487197337e+29
0.0007682354854966923 1.825348241305978e+29
0.0007730219994250205 1.8599631236712605e+29
0.0007766512106899267 1.8705912346268543e+29
0.0007790896760296126 1.8781490020735285e+29
0.0007815435017808869 1.8399194248011538e+29
0.0007840128335400683 1.9012569613907487e+29
0.000786497818749387 1.9083864390258608e+29
0.0007889986067263325 1.9074076561084314e+29
0.0007915153486935617 1.926865878400204e+29
0.0007940481978093812 1.9427460229544415e+29
0.0007965973091988173 1.9008935191071245e+29
0.0007991628399852869 1.9536643490744422e+29
0.0008017449493228808 1.9624723087154007e+29
0.0008043437984292758 1.940838386916672e+29
0.0008069595506192897 1.9785816785090424e+29
0.0008095923713390917 1.9620836932085303e+29
0.0008122424282010855 1.964759359228757e+29
0.0008149098910194798 1.99884961515862e+29
0.0008175949318465621 1.9883708872491215e+29
0.0008202977250096913 1.989201453363967e+29
0.0008230184471490269 1.990919269763341e+29
0.000825757277256012 1.994963179465099e+29
0.0008285143967126263 2.020188877983195e+29
0.0008312899893314292 2.0384033696330115e+29
0.0008340842413964087 2.052027983338426e+29
0.0008368973417046597 2.0848825728839812e+29
0.0008397294816089055 2.1198804558693236e+29
0.0008425808550608882 2.1211738380656402e+29
0.0008454516586556442 2.1038048822793294e+29
0.0008486322223509972 2.0994041460001203e+29
0.0008515444811785574 2.1062799557193653e+29
0.000854182656851744 2.1028073044954577e+29
0.0008571332014349969 2.1211446813306874e+29
0.0008601042004001095 2.1150492273945524e+29
0.0008630958671841098 2.1476253174382683e+29
0.0008661084182039498 2.1597310041957146e+29
0.0008691420729086922 2.1693300898070906e+29
0.0008721970538328 2.178041750833976e+29
0.0008752735866505523 2.189027495516498e+29
0.0008783719002316162 2.1942003463391465e+29
0.0008814922266978031 2.2106075314351227e+29
0.0008846348014810397 2.2179536971069185e+29
0.0008877998633825818 2.2349579280845734e+29
0.0008909876546335067 2.245457912828608e+29
0.0008941984209565103 2.2600332215841537e+29
0.0008974324116290475 2.277243058599718e+29
0.0009006898795478461 2.284527831788365e+29
0.0009039710812948328 2.286938765478202e+29
0.0009072762772045031 2.299162497430795e+29
0.0009106057314327765 2.3116801974862613e+29
0.0009139597120273725 2.322021948387604e+29
0.0009173384909997471 2.3421690501870375e+29
0.000920742344398633 2.359854504000342e+29
0.0009241715523852201 2.3747895653405147e+29
0.0009276263993100247 2.379002901040803e+29
0.0009311071737914882 2.39228121310843e+29
0.0009346141687963525 2.401021293598731e+29
0.0009381476817218586 2.4210668600910762e+29
0.0009417080144798163 2.4337921925396748e+29
0.0009452954735825965 2.4485302166497118e+29
0.0009489103702310961 2.462256705994205e+29
0.0009525530204047278 2.473747739043483e+29
0.0009562237449534936 2.4969716908104434e+29
0.0009599228696921918 2.5135815613226556e+29
0.0009636507254968217 2.5484363601095866e+29
0.0009674076484032421 2.5461718384090913e+29
0.0009711939797081473 2.6041287116166215e+29
0.0009750100660724228 2.5806322224599436e+29
0.000978856259626949 2.5759553435460572e+29
0.0009827329180809173 2.590931272923093e+29
0.00098664040483273 2.607110401330841e+29
0.0009905790890835592 2.6254499586963545e+29
0.0009945493459536335 2.6403025527177838e+29
0.0009985515566013343 2.656982102174808e+29
0.0010025861083451783 2.6706482831642463e+29
0.001006653394788769 2.6863984879989696e+29
0.001010753815948805 2.702728377516529e+29
0.0010148877783862232 2.720524793640519e+29
0.0010190556953405816 2.73927779429392e+29
0.0010232579868677592 2.7498816303960834e+29
0.0010274950799810832 2.766315180352964e+29
0.0010317674087959733 2.7924452669709762e+29
0.0010360754146782113 2.802140399530446e+29
0.0010404195463959397 2.8342963399637185e+29
0.0010448002602755015 2.8278895199512946e+29
0.0010492180203612329 2.8573550629743078e+29
0.0010536732985793275 2.874290991478129e+29
0.0010581665749058917 2.938742673263658e+29
0.0010626983375393215 3.0162843137108868e+29
0.001067269083077125 3.0751749988094392e+29
0.0010718793166973287 3.0167329823341797e+29
0.0010765295523446057 2.9789788937284755e+29
0.0010812203129212706 2.994357889501951e+29
0.0010859521304832894 2.9997782756852024e+29
0.0010907255464414577 3.0260600302431643e+29
0.0010955411117679098 3.036517654693675e+29
0.0011003993872081223 3.0530180836087064e+29
0.0011053009434985818 3.0926998184675722e+29
0.0011102463615902981 3.110814320635116e+29
0.0011152362328783441 3.1359777638513572e+29
0.0011202711594376145 3.1604457195651334e+29
0.0011253517542649959 3.1856818302876225e+29
0.0011304786415281623 3.214836970511086e+29
0.0011356524568211974 3.241543133401098e+29
0.0011408738474272717 3.450633635607688e+29
0.0011461434725885988 3.5612616379829636e+29
0.0011514620037839053 3.237419897826698e+29
0.0011568301250136671 3.302504076319149e+29
0.0011622485330933564 3.3128250082110495e+29
0.0011677179379549721 3.3576885011428684e+29
0.0011732390629571234 3.381171467720698e+29
0.0011788126452039506 3.404332734649413e+29
0.0011844394358731818 3.4341191114135724e+29
0.0011901202005536288 3.4823096995599346e+29
0.0011958557195924416 3.488479801424039e+29
0.0012016467884524533 3.509755637294767e+29
0.001207494218079959 3.5505177847688454e+29
0.001213398835283284 3.6014702457757376e+29
0.001219361483122514 3.759774513988013e+29
0.0012253830213107735 3.941064147064919e+29
0.0012314643266274521 3.7429177681865054e+29
0.0012376062933437985 3.693560482758137e+29
0.0012419422513284865 3.696721278374411e+29
0.0012444336099068786 3.703527705838009e+29
0.0012469349839971436 3.709211308751948e+29
0.0012494464341159697 3.717860818474812e+29
0.001251968021268575 3.726751999363291e+29
0.001254499806953648 3.732520009340221e+29
0.0012570418531683465 3.749647852682569e+29
0.0012595942224133585 3.7614672418355464e+29
0.0012621569776980245 3.775824572403821e+29
0.001264730182545523 3.794700840206552e+29
0.0012673139009981185 3.799838102176455e+29
0.001269908197622475 3.8229603659305314e+29
0.001272513137515034 3.826086559973483e+29
0.0012751287863074594 3.839616517570963e+29
0.0012777552101721503 3.8485094162365185e+29
0.0012803924758278205 3.854813486971138e+29
0.0012830406505451477 3.851052594572351e+29
0.0012856998021524954 3.8741054473575185e+29
0.0012883699990417009 3.869862397487106e+29
0.0012910513101739417 3.899863092725871e+29
0.0012937438050856704 3.9316832058335124e+29
0.001296447553894627 3.939529083940594e+29
0.0012991626273059246 3.8025077567931064e+29
0.001301889096618214 3.976684104101608e+29
0.0013046270337299243 3.978961508559895e+29
0.0013073765111455827 3.993990961203152e+29
0.0013101376019822154 3.998113408765694e+29
0.0013129103799758284 4.003469480161232e+29
0.0013156949194879724 4.034193809920372e+29
0.0013184912955123888 4.026052617459785e+29
0.0013212995836817444 4.09798600673697e+29
0.0013241198602744484 4.145627539266387e+29
0.0013269522022215595 4.1825761220251835e+29
0.0013297966871137813 4.171629413194579e+29
0.0013326533932085478 4.148103948605184e+29
0.001335522399437199 4.120248954000817e+29
0.0013384037854122525 4.0919146284901885e+29
0.0013412976314347653 4.1194049171475085e+29
0.0013442040185017963 3.987471162223048e+29
0.001347123028313961 4.153992390465362e+29
0.0013500547432830881 4.1773627317021865e+29
0.0013529992465399758 4.186869887673698e+29
0.0013559566219422492 4.203897129769867e+29
0.0013589269540823198 4.215170947027823e+29
0.0013619103282954534 4.205837027261832e+29
0.0013649068306679408 4.196542288088179e+29
0.0013679165480453782 4.228004740284095e+29
0.0013709395680410585 4.279390735062089e+29
0.0013739759790444717 4.25499107529534e+29
0.00137702587022992 4.154714007249599e+29
0.001380089331565248 4.3072118873186e+29
0.001383166453820689 4.320856504396191e+29
0.0013862573285778302 4.332365470809784e+29
0.0013893620482386987 4.337722620838111e+29
0.0013924807060349696 4.3669306347347225e+29
0.001395613396037298 4.3811719443044786e+29
0.001398760213164778 4.227186534304611e+29
0.001401921253194529 4.395308203203161e+29
0.0014050966127714132 4.400327831098363e+29
0.0014082863894178865 4.416134454235533e+29
0.0014114906815439795 4.4450246990723766e+29
0.001414709588457421 4.464824760973008e+29
0.001417943210373895 4.300109657179928e+29
0.0014211916484274433 4.480369234959961e+29
0.001424455004681008 4.490549015274648e+29
0.0014277333821371208 4.4741195514122664e+29
0.0014310268847487406 4.249088544663832e+29
0.0014343356174302405 4.5219919163684034e+29
0.0014376596860685494 4.555269306163708e+29
0.0014409991975344461 4.4667457051406264e+29
0.001444354259694014 4.513545673310179e+29
0.0014477249814202544 4.599185961073792e+29
0.0014511114726048632 4.3213388598563886e+29
0.0014545138441701736 4.600365991461145e+29
0.001457932208081267 4.41586572403811e+29
0.0014613666773582543 4.631142171570141e+29
0.0014648173660887344 4.492108139754598e+29
0.0014682843894404237 4.5630511227187616e+29
0.0014717678636739714 4.594361937009962e+29
0.0014752679061559547 4.543110519424607e+29
0.0014787846353720598 4.523962574130857e+29
0.0014823181709404517 4.4833160151214004e+29
0.0014858686336253388 4.526690107051456e+29
0.00148943614535073 4.48766394233569e+29
0.00149302082921439 4.504932706988836e+29
0.001496622809502 4.573160881239231e+29
0.001500242211701521 4.6484464560079796e+29
0.0015038791625177673 4.69657592152257e+29
0.0015075337898871907 4.699795289867348e+29
0.0015112062229928843 4.675878704118199e+29
0.0015148965922798022 4.590586854652717e+29
0.0015186050294702057 4.611595781516277e+29
0.001522331667579335 4.622043631948191e+29
0.0015260766409313138 4.638109784231741e+29
0.0015298400851752872 4.6429933265547475e+29
0.0015336221373018022 4.661378836728538e+29
0.0015374229356594274 4.6916021342521176e+29
0.0015412426199716248 4.7110759548804236e+29
0.0015450813313538706 4.7305233609995116e+29
0.0015489392123310337 4.7470597286249145e+29
0.0015528164068550163 4.7484116726279495e+29
0.0015567130603226576 4.781165828214802e+29
0.0015606293195939095 4.7689032304538576e+29
0.0015645653330102875 4.800417074255308e+29
0.0015685212504136005 4.813333798363148e+29
0.0015724972231649656 4.838410323819557e+29
0.0015764934041641143 4.87500635647901e+29
0.0015805099478689909 4.8921531895641e+29
0.001584547010315655 4.9213768353337066e+29
0.0015886047491384865 4.94478729377168e+29
0.0015926833235907036 4.964981670974046e+29
0.001596782894565197 4.9529734017053344e+29
0.0016009036246156876 4.988898153045603e+29
0.001605045677978212 5.009018007947039e+29
0.0016092092205929416 5.020762643450054e+29
0.0016133944201263434 5.0547374512923134e+29
0.001617601445993687 5.0613099440758456e+29
0.001621830469381906 5.101153124860206e+29
0.0016260816632728153 5.146445651176681e+29
0.001630355202466699 5.1884122132620354e+29
0.0016346512636062687 5.201645252114641e+29
0.0016389700252010012 5.186407704023832e+29
0.001643311667651865 5.184718273449222e+29
0.0016476763732764384 5.1903933465900014e+29
0.0016520643263344314 5.19718454669268e+29
0.0016564757130536156 5.211614328209897e+29
0.0016609107216561687 5.2323389936938074e+29
0.001665369542385447 5.252180807681509e+29
0.001669852367533187 5.266111389364122e+29
0.0016743593914671498 5.2839809109049875e+29
0.0016788908106592127 5.313543840601011e+29
0.0016834468237139186 5.345262384227568e+29
0.001688027631397494 5.353343209927399e+29
0.001692633436667337 5.373503925161535e+29
0.0016972644447019944 5.386902423774118e+29
0.0017019208629316296 5.405456774170528e+29
0.001706602901068993 5.448275807744519e+29
0.0017113107711409076 5.474034454686737e+29
0.0017160446875202737 5.4931389925850555e+29
0.0017208048669586102 5.5401873243349404e+29
0.001725591528619135 5.574108975885893e+29
0.0017304048941104017 5.6344094115834255e+29
0.0017352451875205007 5.6977445841016625e+29
0.0017401126354518344 5.827946409118384e+29
0.001745007467056481 5.913168373015637e+29
0.001749929914072155 5.857744540089962e+29
0.0017548802108587806 5.7421264319594474e+29
0.0017598585944356851 5.726812987411055e+29
0.0017648653045194281 5.71070926188553e+29
0.0017699005835622797 5.710847442536379e+29
0.0017749646767913562 5.756159393153933e+29
0.0017800578322484332 5.779899265384131e+29
0.0017851803008304432 5.799243366245916e+29
0.0017903323363306753 5.8407385727327506e+29
0.0017955141954806918 5.887034905506009e+29
0.0018007261379929724 5.9233060771373406e+29
0.0018059684266043055 5.9180914561977466e+29
0.0018112413271199387 5.9179592047296284e+29
0.0018165451084585036 5.9496067994696565e+29
0.0018218800426977359 5.9727844940683404e+29
0.0018272464051209986 5.993036536955475e+29
0.0018326444742646352 6.0292659488915186e+29
0.00183807453196616 6.050821538798545e+29
0.0018435368634133107 6.088586799342799e+29
0.0018490317571939763 6.125102588788633e+29
0.0018545595053470225 6.1887614041436175e+29
0.00186012040341403 6.192547397788618e+29
0.001865714750491967 6.2034424996231405e+29
0.0018713428492868145 6.223860644626224e+29
0.0018770050061681666 6.294397391280798e+29
0.0018827015312248225 6.432864636860075e+29
0.0018884327383213973 6.3218497969404075e+29
0.0018941989451559664 6.547361350677197e+29
0.0019000004733187718 6.421303693496313e+29
0.0019058376483520093 6.368895636434482e+29
0.0019117107998107212 6.365788453792382e+29
0.001917620261324819 6.412957185849603e+29
0.0019235663706622605 6.41860274376368e+29
0.001929549469793403 6.469348105079166e+29
0.0019355699049565646 6.502233876857295e+29
0.001941628026724817 6.533637348722844e+29
0.0019477241900740315 6.503776665946333e+29
0.0019538587544522174 6.529662627564428e+29
0.0019600320838501703 6.609528556573064e+29
0.0019662445468734673 6.625043380124116e+29
0.0019724965168158317 6.67060842395414e+29
0.0019787883717339045 6.697680594133515e+29
0.001985120494523453 6.686447570945998e+29
0.0019914932729970434 6.749861135696924e+29
0.001997907099963217 6.788178531767116e+29
0.002004362373307202 6.81715484303647e+29
0.0020108594960731897 6.828391034611024e+29
0.0020173988765482243 6.83439921038898e+29
0.0020239809283477293 6.885000911695359e+29
0.002030606070502714 6.930406397765011e+29
0.0020372747275486996 6.962425065560885e+29
0.0020439873296164055 7.019031757386965e+29
0.002050744312524228 7.043566867953878e+29
0.002057546117872567 7.075722897519629e+29
0.00206439319314003 7.098223172654822e+29
0.002071285991781566 7.129354204688089e+29
0.002078224973328573 7.181382037715298e+29
0.002085210603491022 7.202574242797968e+29
0.0020922433542616492 7.263162922800878e+29
0.0020993237040222643 7.343701782449502e+29
0.0021064521376522208 7.424946714161817e+29
0.0021136291466391107 7.501541751444571e+29
0.002120855229191723 7.434531012808102e+29
0.0021281308903553313 7.519063177000661e+29
0.0021354566421293597 7.599555110539607e+29
0.002142833003587492 7.60985614240613e+29
0.002150260501000274 7.605523456859712e+29
0.002157739667960275 7.603348126714854e+29
0.0021652710455098744 7.636365187328788e+29
0.0021728551822717303 7.611451769188374e+29
0.0021804926345820002 7.658726704136176e+29
0.002188183966626381 7.658856087874149e+29
0.002195929750579041 7.701712905114818e+29
0.0022037305667445078 7.741354178115853e+29
0.002211587003702599 7.79527297701669e+29
0.0022194996584564545 7.811833355845357e+29
0.0022274691365837666 7.85567127617739e+29
0.002235496052391276 7.90261315403929e+29
0.002243581029072618 7.925912412160226e+29
0.0022517246988696155 7.958882362354437e+29
0.002259927703237082 8.01156854800567e+29
0.0022681906930112575 8.062906861114152e+29
0.002276514328581941 8.1667986681823e+29
0.002284899280068431 8.283841587805199e+29
0.002293346227499368 8.367323418698285e+29
0.002301855860996583 8.282135360490802e+29
0.0023104288809630506 8.275984248426019e+29
0.002319065998275062 8.319315138875336e+29
0.0023277679344787207 8.323470587879504e+29
0.0023365354219908813 8.367979874310016e+29
0.0023453692043046465 8.43483422261871e+29
0.0023542700361995406 8.413393329447712e+29
0.0023632386839564914 8.513203760525803e+29
0.00237227592557774 8.528163033699035e+29
0.0023813825510118195 8.598221029080792e+29
0.002390559362383734 8.610564533029777e+29
0.0023998071742304798 8.643590401166063e+29
0.002409126813742055 8.70968216630436e+29
0.002418519121008105 8.772567259279772e+29
0.0024279849492703683 8.8423884069096e+29
0.002437525165181057 8.894045613940372e+29
0.002447140649067373 8.962682589016862e+29
0.0024568322952022927 8.995357535240793e+29
0.0024666010120818252 9.043659186026515e+29
0.0024764477227088985 9.058037784845595e+29
0.0024863733648840844 9.160203326226648e+29
0.002496378891503336 9.260548135242092e+29
0.002506465270862945 9.332664203533488e+29
0.0025166334869719227 9.344456789714074e+29
0.0025268845398720126 9.426601422392437e+29
0.002537219445965558 9.520143230197869e+29
0.0025476392383514536 9.406708006566903e+29
0.002558144967169398 9.651231222876256e+29
0.002568737699952708 9.627095851773043e+29
0.002579418521989934 9.676018577372568e+29
0.002590188536695528 9.757738877341532e+29
0.002601048865989849 9.831707731712213e+29
0.0026120006506887535 9.911197536459695e+29
0.002623045050903082 1.007588124114214e+30
0.0026341832464483184 1.0544644334467796e+30
0.0026454164372647295 1.123746227408242e+30
0.002656745843848304 1.0795810938610106e+30
0.0026681727076928127 1.0683353149636706e+30
0.0026796982917433217 1.0773885210989616e+30
0.002691323880861514 1.0443258251544557e+30
0.002703050782303177 1.0253336402957048e+30
0.0027148803262082234 1.0410341269918195e+30
0.002726813866103644 1.0482647984933033e+30
0.002738852779419775 1.0526981304438206e+30
0.0027509984680203063 1.0578071684776063e+30
0.0027632523587464543 1.0612571019707825e+30
0.002775615903975745 1.0685807752391626e+30
0.0027880905821958605 1.0691069225790539e+30
0.002800677898594036 1.0775102918455554e+30
0.0028133793856624898 1.0805116148867687e+30
0.0028261966038204056 1.0874307377414383e+30
0.002839131142052993 1.0995144543617731e+30
0.0028521846185681795 1.0924522293035459e+30
0.0028653586814714966 1.1124556577182925e+30
0.002878655009459763 1.1103807001118036e+30
0.002892075312534168 1.1228420445095191e+30
0.0029056213327333913 1.1281769182528319e+30
0.0029192948448874306 1.1370651523776971e+30
0.0029330976573928086 1.1480904972581898e+30
0.0029470316130098765 1.1621036994320942e+30
0.0029610985896829545 1.167523825729253e+30
0.0029753005013840716 1.1659892283959745e+30
0.002989639298981104 1.1773966161019834e+30
0.0030041169711311332 1.1859988108271552e+30
0.003018735545199898 1.1899140986781964e+30
0.0030334970882082103 1.2116693091696145e+30
0.0030484037078062852 1.2273060789951725e+30
0.0030634575532769333 1.2650585467629433e+30
0.0030786608165686304 1.2295919366382203e+30
0.0030940157333594967 1.2334658401193227e+30
0.003109524584153278 1.2428189368665531e+30
0.0031251896954084587 1.2216086871261655e+30
0.003141013440701666 1.2556461730416264e+30
0.003156998241926611 1.250647401042609e+30
0.0031731465705298156 1.2724346547721034e+30
0.003189460948784468 1.2722601319466028e+30
0.0032059439511037675 1.2839510585655836e+30
0.0032225982053952157 1.2971843219774078e+30
0.0032394263944573315 1.284335854370856e+30
0.003256431257420362 1.3163957798733504e+30
0.003273615591232607 1.313783618419641e+30
0.003290982252194053 1.3162999251134793e+30
0.003308534157539088 1.3317154549045417e+30
0.0033262742870701287 1.3155548244257012e+30
0.003344205684844092 1.322121448805453e+30
0.0033623314609137075 1.282145451035876e+30
0.003380654793125771 1.2651485552514758e+30
0.0033991789289785153 1.2750595218875738e+30
0.0034085173326295548 1.1492096320960456e+30
0.00341790718754038 1.1542472449815468e+30
0.003436842961432571 1.1628385122468979e+30
0.0034559897188778774 1.171524281230399e+30
0.00347535100581837 1.1811807053313776e+30
0.0034949304481046704 1.1925398624028112e+30
0.003514731753759654 1.2031447651430738e+30
0.0035347587153195387 1.2184782881166422e+30
0.003555015212255467 1.2515179236341863e+30
0.0035755052134788415 1.2282281637940432e+30
0.0035962327799337916 1.2457404156374926e+30
0.003617202067280344 1.250219523746887e+30
0.0036384173286720177 1.2631390109215463e+30
0.0036598829176317346 1.2699083851433246e+30
0.003681603291030142 1.2797337236080166e+30
0.003703583012170621 1.2911265373165535e+30
0.0037258267539854594 1.3033841858715007e+30
0.003748339302347909 1.3147364801915476e+30
0.0037711255595050393 1.325437391546503e+30
0.003794190547636569 1.3368145168567977e+30
0.003817539412545102 1.3504617171305323e+30
0.0038411774274834613 1.3737165742999734e+30
0.0038651099971251032 1.4480218074331855e+30
0.003889342661683881 1.4041398897128948e+30
0.003913881101189773 1.3961179731630437e+30
0.003938731139927485 1.412678100132918e+30
0.003963898751045233 1.422923245447279e+30
0.003989390061341344 1.4354094903498993e+30
0.004015211356236757 1.4502886658192936e+30
0.004041369084941883 1.4691958374087903e+30
0.004067869865826747 1.4773270495993928e+30
0.004094720492003822 1.4894217314471176e+30
0.004121927937133415 1.5061969313921486e+30
0.004149499361462067 1.5255300427652962e+30
0.0041774421181049095 1.5349059588728195e+30
0.0042057637595835865 1.5439019808048767e+30
0.004234472044631938 1.5597974893742258e+30
0.00426357494528233 1.575710036975163e+30
0.004285666007174984 1.5820602539017047e+30
0.004300521002000548 1.5917641173512143e+30
0.00431547933592055 1.5990272146606663e+30
0.004330542091019749 1.609384084608025e+30
0.0043457103645434605 1.6133586805554824e+30
0.0043609852691640005 1.6205513348364115e+30
0.004376367933252762 1.6286898720220502e+30
0.004391859501158082 1.6402559628297557e+30
0.0044074611334890155 1.6456360050726682e+30
0.004423174007405198 1.642520605106091e+30
0.004438999316912909 1.6499051408422557e+30
0.004454938273167533 1.6697014657045972e+30
0.004470992104782552 1.6805242064865768e+30
0.004487162058145236 1.6863301866016497e+30
0.004503449397739231 1.6997252953380048e+30
0.004519855406474164 1.7280592058487847e+30
0.004536381386022515 1.7682937788660283e+30
0.004553028657163882 1.7466489209903326e+30
0.004569798560136862 1.747766451821238e+30
0.004586692454998736 1.7556291108831966e+30
0.004603711721993166 1.7495494456751347e+30
0.004620857761926101 1.7591467464143727e+30
0.004638131996550124 1.7685999459346547e+30
0.004655535868957441 1.7733217520428918e+30
0.004673070843981763 1.7884333603576934e+30
0.004690738408609293 1.796847413114848e+30
0.004708540072399081 1.798115521722565e+30
0.004726477367912983 1.8060845067627653e+30
0.00474455185115548 1.8082993622768437e+30
0.004762765102023639 1.8194520321417132e+30
0.004781118724767468 1.833820843344066e+30
0.0047996143484609595 1.837649206940141e+30
0.00481825362748411 1.8513233827802154e+30
0.00483703824201621 1.8622786750104474e+30
0.0048559698985407365 1.8741366060199214e+30
0.004875050330362114 1.876672555389241e+30
0.004894281298134746 1.8938263015174172e+30
0.004913664590404585 1.9150074683414585e+30
0.004927324499909285 1.9395128161585115e+30
0.004937128169825539 1.9443596799940925e+30
0.004952895445417797 1.9348035272013443e+30
0.004972746729768169 1.9199518860504752e+30
0.004992757783006672 1.940932472546081e+30
0.00501293054172589 1.950225354001101e+30
0.0050332669739438455 1.961795527526796e+30
0.005053769079744025 1.9731649873656175e+30
0.005074438891931116 1.98427198972953e+30
0.005095278476702907 1.9924175382912366e+30
0.005116289934338796 2.0062804481411417e+30
0.005137475399905416 2.0149346951930906e+30
0.005158837043979868 2.0296801460713616e+30
0.005180377073391056 2.0508065361803788e+30
0.005202097731979698 2.0643031022160375e+30
0.005224001301377507 2.055896202531848e+30
0.005246090101806164 2.0688540092788894e+30
0.005268366492896637 2.0830077871595036e+30
0.005290832874529459 2.0887206423596524e+30
0.005313491687696608 2.1014179502958364e+30
0.005336345415385625 2.1063177223959723e+30
0.005359396583486643 2.145340255996025e+30
0.005382647761723028 2.165636763410735e+30
0.005406101564606354 2.1507969204633166e+30
0.005429760652416447 2.176808951760362e+30
0.005453627732207288 2.1873942215110556e+30
0.00547770555883955 2.198147320843865e+30
0.0055019969360406125 2.2143592622554635e+30
0.005526504717492909 2.218779946625702e+30
0.00555123180795149 2.2354896082158855e+30
0.005576181164391721 2.254501580205451e+30
0.005601355797188072 2.2710661521400077e+30
0.0056267587713249795 2.2720754506374236e+30
0.005652393207640811 2.2919128634300272e+30
0.005678262284105986 2.299633660852541e+30
0.005704369237136359 2.3101336509503347e+30
0.005730717362942993 2.3260155412939876e+30
0.005757310018919526 2.341257508692702e+30
0.005784150625068336 2.3527693670954713e+30
0.005811242665466783 2.3626989488206419e+30
0.005838589689774861 2.3839965955286494e+30
0.005866195314785617 2.2362695308054454e+30
0.005894063226019753 2.3982823870393306e+30
0.005922197179365909 2.329265968709552e+30
0.005950601002768143 2.1381474807174554e+30
0.00597064633819614 2.145744942117495e+30
0.005982161567392276 2.4417216377469045e+30
0.0060082339422622665 2.2247415991693016e+30
0.006037471090399796 2.4186846676656924e+30
0.006066994176416421 2.3098918163041217e+30
0.0060968074156125705 2.2119412472863185e+30
0.0061269151065538666 2.4278041556452407e+30
0.006157321633137261 2.454986680914051e+30
0.006188031466718993 2.3573270433939474e+30
0.006219049168306556 2.4484978673416052e+30
0.0062535297836550305 2.4233622855340084e+30
0.006278847718001812 2.422861317142026e+30
0.006307576558602736 2.4576659727666087e+30
0.006346293141059631 2.1639205467043707e+30
0.006378921897568936 2.564571507236025e+30
0.006411887902207535 2.584392610415269e+30
0.0064451964107904314 2.4285927805394348e+30
0.006478852788914663 2.4148107745390628e+30
0.006512862514840724 2.639901379232205e+30
0.006547231182465214 2.2718987035113016e+30
0.006581964504388106 2.332240915304691e+30
0.006617068315078176 2.5492656416280486e+30
0.006652548574140257 2.5183976535690086e+30
0.006688411369688184 2.4558006482451185e+30
0.006724662921827415 2.3926764164915007e+30
0.006761309586251542 2.6330809262284013e+30
0.006798357857957031 2.522264210916276e+30
0.00683581437508076 2.7221204780574637e+30
0.006873685922865142 2.4266396290263492e+30
0.006911979437755755 2.802068168840856e+30
0.00695070201163674 2.486593987788907e+30
0.006989860896209341 2.5174393374354913e+30
0.007029463507519308 2.806619690122677e+30
0.007069517430639077 2.8919813383110814e+30
0.007110030424510934 2.4028877360400486e+30
0.007151010426957683 2.86036215699323e+30
0.007192465559867583 2.5628126012379695e+30
0.007234404134560688 2.175221563018426e+30
0.007276834657344035 2.719728891692925e+30
0.007319765835263469 2.591535832109881e+30
0.007363206582060284 2.974739778405361e+30
0.007398332194854848 2.4432705169027068e+30
0.007420456394002141 2.4292179642826685e+30
0.007451653507970919 2.4288903492906484e+30
0.007496678604695818 2.960760290055315e+30
0.0075422511190100785 2.792407090659977e+30
0.007588381095273138 2.5242693795587422e+30
0.007635078825090204 2.9953846648244446e+30
0.0076823548549669225 2.603454989654763e+30
0.0077302199942502065 2.881168648672972e+30
0.007778685323367762 2.8545231286275053e+30
0.007827762202379546 2.4069514021282846e+30
0.00787746227985497 2.3697036844584927e+30
0.007927797502090467 2.6693039169927557e+30
0.007978780122682688 4.3955410721280634e+30
0.008030422712473515 1.1532950111510446e+30
0.008082738169883766 9.100468977675858e+29
0.008135739731653494 2.793860281224224e+30
0.008178644094114423 2.7144173819753674e+30
0.00820568987484893 2.691579453146478e+30
0.00824385587426683 2.7737521980087405e+30
0.008298998722924134 3.1023447431167917e+30
0.008354884236209819 3.0647425777848425e+30
0.008411527519167173 3.231920511188269e+30
0.008468944089263877 2.8694050479836446e+30
0.00852714989056466 2.730302396544877e+30
0.008574293773857346 3.068604697699768e+30
0.008604024334793051 3.0319609057704054e+30
0.008645995185206676 2.7494578532736013e+30
0.00870666883562918 2.809621483873962e+30
0.008768200064149526 3.0040741437320635e+30
0.00883060718204383 3.5248930293919627e+30
0.00889390902564271 2.35715834206262e+30
0.00895812497528634 1.9438155979643344e+30
0.009023274975106603 3.6755092016955883e+30
0.009089379553678813 2.279562705208728e+30
0.009156459845587881 2.581969440466627e+30
0.009224537613956566 3.7259887269235865e+30
0.009293635273986202 2.5730723987852497e+30
0.009363775917563457 2.853434206021315e+30
0.009434983338989794 2.920767443131677e+30
0.00950728206189393 3.626969826909575e+30
0.00958069736739118 3.030266854178779e+30
0.00965525532355765 3.6276703001544884e+30
0.009730982816291435 3.596519296555541e+30
0.009807907581637612 3.658072282910474e+30
0.00988605823965863 3.4717115465241564e+30
0.009965464329937012 4.519932092261293e+30
0.010046156348802899 1.860240487533487e+30
0.010128165788384963 2.3363363341085112e+30
0.010211525177589779 3.1654287350706176e+30
0.010296268125121643 3.8449446625281775e+30
0.01038242936466241 3.815428991257033e+30
0.010470044802338886 3.2920625798967273e+30
0.01055915156661411 2.5544468512250575e+30
0.010649788060748138 3.4712292292318345e+30
0.010741994017984053 3.682208589597886e+30
0.010835810559625835 3.29397210847194e+30
0.010931280256186414 3.6386841672407275e+30
0.011028447191796959 2.613752827070405e+30
0.011127357032082135 2.221264382664702e+30
0.011228057095720887 3.762563207900237e+30
0.011330596429928385 4.1944129522255496e+30
0.011435025890112055 3.2401355610721874e+30
0.011541398223973562 4.1743181204213143e+30
0.0116497681603489 4.0826623400118936e+30
0.011760192503101024 3.74428626410557e+30
0.011872730230403425 4.3127877963536535e+30
0.011987442599779304 2.5742205800600276e+30
0.012104393259289347 2.4910647725252438e+30
0.012223648365292198 3.237217083215815e+30
0.012345276707235403 4.1746517223015295e+30
0.012469349839971437 2.935177964897987e+30
0.012595942224133586 2.101319295801963e+30
0.012725131375150339 3.0911879758307923e+30
0.012856998021524953 4.288779659863523e+30
0.012991626273059246 3.329345851840436e+30
0.013129103799758285 7.443944092713046e+30
0.013269522022215595 3.6392755328448955e+30
0.013412976314347654 2.569297721087719e+30
0.013559566219422493 2.364282530015526e+30
0.013709395680410585 1.882732560090608e+30
0.013862573285778302 2.1398308973993776e+30
0.01401921253194529 2.0747665276628494e+30
0.014179432103738948 1.8596447607241936e+30
0.014343356174302404 1.991305568068868e+30
0.014511114726048631 1.6856835947036872e+30
0.014682843894404236 1.4974379763251505e+30
0.01485868633625339 1.7308108507700317e+30
0.015038791625177673 1.8475308956198766e+30
0.015223316675793349 1.9666566140273592e+30
0.015412426199716249 1.8173300889634277e+30
0.015606293195939095 1.7331215729601527e+30
0.01580509947868991 1.890792919964584e+29
0.016009036246156877 1.756573929470016e+30
0.01621830469381906 1.5594757892375894e+30
0.016433116676518648 8.473286901995246e+29
0.01665369542385447 1.293355858760434e+30
0.01688027631397494 1.686446656138825e+30
0.0170895359377019 1.970005667100509e+30
0.017328216607222877 2.3086776605702742e+30
0.01759858594435685 1.2353072560955217e+30
0.017851803008304433 1.429307231282328e+30
0.018112413271199387 1.5815840362965815e+30
0.0183807453196616 1.5632972118848408e+30
0.01865714750491967 6.53195457526244e+29
0.018855627797525195 1.0475779431980641e+30
0.019087697062725506 1.503191097166066e+30
0.019385942329330594 1.3993522679436725e+30
0.01969365569963743 7.336035261905123e+29
0.020011295307696096 5.605583496099764e+29
0.020339349329133737 1.5465557351221389e+30
0.0206783384846193 1.0744994941710442e+30
0.02102881879791793 1.3630782754701837e+30
0.021391384639261345 6.226057823097083e+29
0.021766672089072948 9.694959858530359e+29
0.022155362662092108 9.713681787902951e+29
0.02255818743776651 1.0711412331424189e+29
0.022975931649577 1.263955661104886e+29
0.02340943979390864 1.2046467563760714e+30
0.023859621328406883 1.1948786745055704e+30
0.024232427911663242 1.3012488075372048e+30
0.02451976895409403 6.003321162076385e+29
0.02481400618154316 1.0238845336499649e+30
0.02532041447096241 9.458264675354868e+29
0.025847923105774124 3.30654471975497e+29
0.026397878916535274 8.167994703559395e+29
0.026971745849503438 3.604657415259266e+29
0.02750998468020306 8.37037758597177e+29
0.028133793856624897 3.1200459993471388e+29
0.028853495559933908 2.7441911945432733e+29
0.02940048125775256 2.40625564213981e+29
0.029968606499448262 3.266041652170394e+29
0.030634575532769333 1.459729794303452e+29
0.031410134407016656 1.040869023218693e+29
0.032225982053952155 2.2805398738453627e+29
0.03308534157539088 2.0661041673510934e+29
0.03389891554855623 1.621814659382478e+29
0.034753510058183695 3.3209513354297898e+28
0.03565230773210224 2.2660452283015336e+29
0.036707109736010594 1.7759810630357704e+29
0.037826228935279205 2.4621556268523026e+29
0.039015732989847736 6.482289652653676e+28
0.040282477567440196 8.45086115718891e+28
0.041219279371334155 2.3074182469404823e+28
0.04191555098233642 6.249901619014737e+28
0.04278276927852269 1.7456375929127941e+28
0.043686630601308375 7.501980267164162e+28
0.04446954512821354 5.8457746446529145e+28
0.04528103317799847 1.2298236265748086e+29
0.04612268806978283 4.982836726644432e+28
0.04699622382868023 5.9126307835813125e+28
0.047719242656813765 3.783900073797103e+28
0.048276276617788244 1.6114042960068113e+29
0.04923413924909357 2.8581356581247783e+28
0.050434971913705606 2.629717660923917e+27
0.05169584621154825 4.5363846066121937e+27
0.05302138072979307 3.4641904951605225e+27
0.053943491699006876 2.5982877887853906e+27
0.05465640128093207 8.843431584649723e+26
0.05563678516041067 1.0223965846535719e+27
0.05639546859441627 8.26653129925849e+26
0.0574398291239425 1.4564732003051131e+27
0.059080967098912286 2.5312090997455357e+26
0.06052196629644673 4.278614129434174e+25
0.06142080738005733 6.0213975216194375e+25
0.06266163177157363 1.691136535130882e+26
0.06395362417923495 8.193525213640544e+24
0.06495813136529624 2.8075575998904223e+25
0.06670431769232033 1.941149880985402e+25
0.0681703466525911 1.3929499719516407e+25
0.068927794948731 2.0827786421707387e+25
0.07009606265972644 2.1877453783504684e+25
0.07171678087151202 3.1790223316468617e+25
0.07298237112218577 6.873083089493057e+24
0.0747409824745276 1.6780019404374634e+25
0.07658643883192334 1.202328297665225e+25
0.07803146597969547 1.7510213483151774e+25
0.08004518123078438 1.1337346524300508e+25
0.08216558338259325 7.577443250219194e+24
0.0844013815698747 2.776593208866742e+24
0.08676225937602504 2.1972838672360034e+24
0.08862145064836843 1.3258719349337143e+24
0.09056206635599694 1.022004742296981e+24
0.09258957530426552 6.666156543464586e+23
0.09399244765736046 4.837237508859486e+23
0.09470994725779831 3.712148340230512e+23
0.09692971164665297 3.530228837226746e+23
0.09769293772261087 3.848135138363617e+23
0.09925602472617263 2.6693420974714917e+23
0.10253721562621142 1.7320647513935456e+23
0.10514409398958967 8.378449386915538e+22
0.10883336044536475 3.4333339783161832e+22
0.11279093718883254 1.1126040750153112e+22
0.114879658247885 7.522055296142082e+21
0.11704719896954321 4.3181032429696555e+21
0.11929810664203443 1.681169811012338e+21
0.12163728520364293 1.3029714441488926e+21
0.1240700309077158 5.1179326038396744e+20
0.12660207235481205 1.4614568874654228e+20
0.12923961552887062 1.3044706677175856e+20
0.1319893945826764 1.1209945368841214e+20
0.1363406933051822 1.2153297949164659e+20
