#"E (kev)" "Fv (kev/s/cm^2/kev)"
1.240700309077158e-07 4.416883446432207e+21
1.2522207398840916e-07 4.4989493520098515e+21
1.2638283682155016e-07 4.5830329285552143e+21
1.2755220613520696e-07 4.668236763752419e+21
1.2873005904515024e-07 4.754712207305922e+21
1.2991626273059247e-07 4.842640043219202e+21
1.3112453065706595e-07 4.932991463566822e+21
1.3232725139474809e-07 5.024150487017377e+21
1.335522399437199e-07 5.117657031419793e+21
1.3480012049947392e-07 5.213756870213066e+21
1.360417005567059e-07 5.309885754643942e+21
1.373063644397032e-07 5.40952865981384e+21
1.3856380490028567e-07 5.508850894110467e+21
1.3984448930085188e-07 5.611261757369613e+21
1.4114906815439796e-07 5.716247943084284e+21
1.4244550046810078e-07 5.822207604453948e+21
1.437659686068549e-07 5.930480397939865e+21
1.4509417718128381e-07 6.040424593986176e+21
1.4644715640665228e-07 6.153652337474826e+21
1.4779038821645716e-07 6.266821989020961e+21
1.4915848870848257e-07 6.383648607775947e+21
1.505521549662854e-07 6.503406385841065e+21
1.519348896739111e-07 6.623377053887426e+21
1.5334325906280533e-07 6.746733707193127e+21
1.5475867644719446e-07 6.871744179739396e+21
1.562004669617472e-07 7.000478503207035e+21
1.5764934041641146e-07 7.131027175468763e+21
1.591049383274119e-07 7.263485737572948e+21
1.605668835352864e-07 7.397461292643797e+21
1.6205594423682836e-07 7.535225298328251e+21
1.6355131941433667e-07 7.674753575802991e+21
1.6507454883943029e-07 7.818589341821788e+21
1.6660404311496683e-07 7.964411060757038e+21
1.6813935615627564e-07 8.111767355866567e+21
1.697032292541592e-07 8.26307530256912e+21
1.7127282013765298e-07 8.416669618762968e+21
1.728476329168512e-07 8.571961323292759e+21
1.7445167450466224e-07 8.732178543578227e+21
1.760607789239617e-07 8.893895173545472e+21
1.776998437520994e-07 9.060138301811096e+21
1.793437856428387e-07 9.228769460619052e+21
1.8099202174721489e-07 9.399203505261475e+21
1.826708346697818e-07 9.574376161507931e+21
1.8435368634133107e-07 9.751526756474633e+21
1.8606783279501472e-07 9.933509609125128e+21
1.877857286328376e-07 1.0117726859016087e+22
1.895356414722209e-07 1.030733591391198e+22
1.9128897765605273e-07 1.0498899592553987e+22
1.9304501463780272e-07 1.0692810404344667e+22
1.948335912495537e-07 1.0891560370338357e+22
1.9662445468734676e-07 1.1093021709416354e+22
1.9844854591765164e-07 1.1299535092767368e+22
2.0030679836570198e-07 1.1512250943059385e+22
2.0213429603733432e-07 1.1723404337383268e+22
2.040289934348229e-07 1.1943992162579286e+22
2.058911896908659e-07 1.2162923884917255e+22
2.078224973328573e-07 1.2392284157040717e+22
2.0971945724766025e-07 1.261958280079495e+22
2.1168747808857839e-07 1.285761653023778e+22
2.136191992212738e-07 1.309323279484619e+22
2.1562396751427842e-07 1.3340094779620355e+22
2.1759037339129395e-07 1.3584675737765912e+22
2.196318479513468e-07 1.3840570465160574e+22
2.2163278118563024e-07 1.409404695083511e+22
2.237108382757227e-07 1.4359472038451379e+22
2.2578713540985587e-07 1.4627472836819992e+22
2.278604791693587e-07 1.4896953908794136e+22
2.299722537677772e-07 1.5174410169961186e+22
2.3208011767249495e-07 1.5453999897384162e+22
2.3422697924809479e-07 1.574134808714461e+22
2.3641393084549503e-07 1.603646809681008e+22
2.3859621328406886e-07 1.6334050305785165e+22
2.408191593705664e-07 1.664007205053637e+22
2.4303629952539824e-07 1.6947804199373203e+22
2.4529464394566194e-07 1.7264161236830986e+22
2.4754595153175537e-07 1.7582624635365639e+22
2.4983896678960086e-07 1.7909980889392051e+22
2.5217485956852805e-07 1.8246266671673333e+22
2.5450262750300677e-07 1.8584208944919105e+22
2.568205980288052e-07 1.892477355783214e+22
2.5923533411557833e-07 1.9282565065385796e+22
2.616407231288819e-07 1.9641520788404162e+22
2.640349668178672e-07 2.000355173554904e+22
2.664734340801456e-07 2.0375164674493506e+22
2.689573616035461e-07 2.075593533105263e+22
2.7142863904553885e-07 2.113756672684602e+22
2.739457516178313e-07 2.153383667756186e+22
2.765099864223664e-07 2.1937166046435763e+22
2.790598985778583e-07 2.2344679822447765e+22
2.815933520374848e-07 2.275120370579457e+22
2.8423832968548866e-07 2.3179746616774844e+22
2.868671234860481e-07 2.3609994158704305e+22
2.895449962840509e-07 2.405541838172919e+22
2.9220450048920346e-07 2.449848522438536e+22
2.949133133057186e-07 2.495320330869651e+22
2.976014173847825e-07 2.5413036048519216e+22
3.0041169711311335e-07 2.589538626332034e+22
3.031273660095671e-07 2.6363535165603417e+22
3.0596801703505746e-07 2.685992849051422e+22
3.0878554232880985e-07 2.7357079342777077e+22
3.116554406121974e-07 2.7869059104721615e+22
3.144994446329932e-07 2.8378562187400254e+22
3.1747704940561877e-07 2.8919647113428205e+22
3.203460648275647e-07 2.9442772137869203e+22
3.2335165730444563e-07 3.0001966073406357e+22
3.263283295836818e-07 3.0553145178369695e+22
3.2936031565626706e-07 3.1124447557228417e+22
3.3236011494164423e-07 3.1693999410475335e+22
3.3550576232481283e-07 3.229790412166548e+22
3.3861907998830734e-07 3.2896710252835254e+22
3.41696587462726e-07 3.350195651705128e+22
3.4492641342150627e-07 3.413639974338085e+22
3.480225270903669e-07 3.4753807883639003e+22
3.5127415319285333e-07 3.540665446224126e+22
3.5458711319724434e-07 3.607364658563378e+22
3.578599103193418e-07 3.674605835273879e+22
3.610885649235035e-07 3.741004631457418e+22
3.644830520203167e-07 3.811629121617679e+22
3.6783288143408183e-07 3.882107605319675e+22
3.712448560972944e-07 3.954455858162058e+22
3.7472072155758324e-07 4.028929951024479e+22
3.781470006330869e-07 4.1029518891537935e+22
3.816365146346226e-07 4.179004126803533e+22
3.8519103044928846e-07 4.257042317273626e+22
3.886905730191598e-07 4.334846975064178e+22
3.923783393665902e-07 4.41758632822396e+22
3.9601031250467857e-07 4.4993575491858795e+22
3.9958141999264346e-07 4.5811257102402905e+22
4.033486050315858e-07 4.667793788899868e+22
4.070539071775453e-07 4.753986011074723e+22
4.1082791691296625e-07 4.842616728746202e+22
4.146725631942373e-07 4.933854486868691e+22
4.1844867085232985e-07 5.023894027666384e+22
4.222941828036617e-07 5.116732856722334e+22
4.262110302566671e-07 5.2119371779139655e+22
4.302012167396526e-07 5.309885754643942e+22
4.3411487371489084e-07 5.40727133630696e+22
4.382551427330124e-07 5.510895327636501e+22
4.423174007405198e-07 5.613454869054282e+22
4.462950752076108e-07 5.715142207515173e+22
4.505084637171961e-07 5.823155870417205e+22
4.546355108380938e-07 5.930585507299815e+22
4.5883887170013237e-07 6.040558749160425e+22
4.631206827462329e-07 6.153853764358149e+22
4.6730708439817624e-07 6.265693327267288e+22
4.717491669494897e-07 6.385363579057809e+22
4.760937486865533e-07 6.503522958044605e+22
4.80519097241347e-07 6.625214328913384e+22
4.848379480567245e-07 6.7445929559062445e+22
4.894281298134746e-07 6.872939725062592e+22
4.939093587090598e-07 6.9995073110725374e+22
4.984734066199911e-07 7.1296416663626955e+22
5.031225908666497e-07 7.263258324693091e+22
5.078593160364953e-07 7.400383660510156e+22
5.124743118864758e-07 7.535438188319347e+22
5.171739512618416e-07 7.674365633280394e+22
5.219605843824813e-07 7.817136949356221e+22
5.268366492896637e-07 7.96342573425905e+22
5.318046759867801e-07 8.114578882994857e+22
5.366350817807777e-07 8.262730928982148e+22
5.415540415002872e-07 8.414759340423909e+22
5.465640128093207e-07 8.571389536847698e+22
5.516675451654772e-07 8.732210649505804e+22
5.568672841459416e-07 8.897706938769128e+22
5.61911371864655e-07 9.059240112875164e+22
5.670476732528144e-07 9.225602485170438e+22
5.722787403492427e-07 9.396931270352271e+22
5.776072202407626e-07 9.572626412833546e+22
5.830358595287397e-07 9.75353335254573e+22
5.882884348398094e-07 9.930003991648694e+22
5.939206840962939e-07 1.0121176667933656e+23
5.993721299889652e-07 1.030761607563855e+23
6.049245778045626e-07 1.0499651774907369e+23
6.105808607663179e-07 1.0696502925718031e+23
6.160378893133854e-07 1.0888830249828282e+23
6.219049168306556e-07 1.1097344109357472e+23
6.275671770749408e-07 1.1299827105379247e+23
6.333334911062573e-07 1.1508891332355696e+23
6.392067537749397e-07 1.17234918636707e+23
6.451899683188549e-07 1.1943898904799896e+23
6.512862514840725e-07 1.2170631881886786e+23
6.571505874349354e-07 1.2390808061702487e+23
6.631214906879519e-07 1.2616864531564155e+23
6.692018927061262e-07 1.2849357389656273e+23
6.753948334660632e-07 1.3088228544081453e+23
6.81703466525911e-07 1.3333865549516492e+23
6.881310643800101e-07 1.3586761457325492e+23
6.946810241193494e-07 1.384622217691805e+23
7.009606265972645e-07 1.4097730292416104e+23
7.073547942287105e-07 1.4356512221292861e+23
7.138666910685604e-07 1.4621732433551865e+23
7.20499598767223e-07 1.4894699645413163e+23
7.272569220850868e-07 1.5175891608504953e+23
7.341421947202118e-07 1.546442043205207e+23
7.407166024341242e-07 1.5742427448369992e+23
7.474098247452758e-07 1.6028247182397013e+23
7.546838862999744e-07 1.634138794293388e+23
7.616330933561436e-07 1.6644243488561795e+23
7.687114678297137e-07 1.6954811986743975e+23
7.754376931732238e-07 1.7252897933745006e+23
7.827762202379546e-07 1.7580092492350514e+23
7.902549739344955e-07 1.791836500530118e+23
7.97365237196117e-07 1.824241629212942e+23
8.046046102964707e-07 1.8574619327304223e+23
8.119766420662028e-07 1.8916887060402708e+23
8.194850126005006e-07 1.9268580821334248e+23
8.27133539384772e-07 1.9629489615240064e+23
8.349261837665936e-07 2.0002603857801488e+23
8.428670577969822e-07 2.0383973064064085e+23
8.503771823695394e-07 2.0749897959550955e+23
8.586161308492443e-07 2.1152323019367146e+23
8.664108303611438e-07 2.153905765530875e+23
8.743483503010276e-07 2.193439580523472e+23
8.82432652259714e-07 2.2342653360737134e+23
8.906678457122455e-07 2.2762342762456832e+23
8.990581949834478e-07 2.319244507445168e+23
9.069446703780395e-07 2.3601926440565697e+23
9.156459845587882e-07 2.405681880390709e+23
9.238274825593135e-07 2.4488438497935885e+23
9.328573752459835e-07 2.496956178733964e+23
9.413507656124112e-07 2.5425563335433077e+23
9.500002366593859e-07 2.5896159866205962e+23
9.588101306624096e-07 2.637627951943669e+23
9.677849524782824e-07 2.68728478974149e+23
9.761607467168827e-07 2.733820970458822e+23
9.85464899981857e-07 2.7866578545421337e+23
9.949481227563416e-07 2.8401311248730876e+23
1.0038028390591892e-06 2.8912094691272603e+23
1.0128165788384964e-06 2.9434921489300287e+23
1.0228361987445655e-06 3.0016463282987926e+23
1.032196596570015e-06 3.057119686845235e+23
1.0417298984694862e-06 3.113887967444555e+23
1.0514409398958968e-06 3.1718732140848436e+23
1.0613347383038135e-06 3.2321497848766696e+23
1.0704920699544072e-06 3.2882213045117905e+23
1.0807493981508345e-06 3.3512662214114274e+23
1.090246317291e-06 3.4104233098730156e+23
1.1008875856940178e-06 3.477340755803308e+23
1.110743338475522e-06 3.540052761763411e+23
1.1207771536379026e-06 3.604165189145879e+23
1.1320258294499618e-06 3.676941893584222e+23
1.1424496400342154e-06 3.744822128378992e+23
1.1530672017445707e-06 3.8150468242835565e+23
1.162793166895181e-06 3.8795789113150345e+23
1.1737940483227605e-06 3.953496129034683e+23
1.1850050707518223e-06 4.0291309893339795e+23
1.195279681191867e-06 4.099286130812633e+23
1.2069069154447063e-06 4.1793542317653744e+23
1.2175665447273387e-06 4.253676586600875e+23
1.2296336066175994e-06 4.33818939117208e+23
1.240700309077158e-06 4.416883446432207e+23
1.2522207398840917e-06 4.4989493520098516e+23
1.2638283682155018e-06 4.5830329285552145e+23
1.2755220613520694e-06 4.668236763752419e+23
1.2873005904515026e-06 4.7547122073059215e+23
1.2991626273059246e-06 4.8426400432192013e+23
1.3112453065706595e-06 4.9329914635668225e+23
1.323272513947481e-06 5.0241504870173776e+23
1.3355223994371992e-06 5.117657031419793e+23
1.3480012049947394e-06 5.213756870213065e+23
1.3604170055670592e-06 5.3098857546439416e+23
1.3730636443970317e-06 5.4095286598138405e+23
1.3856380490028568e-06 5.508850894110468e+23
1.398444893008519e-06 5.611261757369613e+23
1.4114906815439797e-06 5.7162479430842834e+23
1.4244550046810078e-06 5.822207604453948e+23
1.4376596860685492e-06 5.930480397939865e+23
1.4509417718128384e-06 6.040424593986176e+23
1.4644715640665227e-06 6.153652337474826e+23
1.477903882164572e-06 6.26682198902096e+23
1.4915848870848259e-06 6.383648607775947e+23
1.5055215496628538e-06 6.503406385841065e+23
1.5193488967391111e-06 6.623377053887427e+23
1.5334325906280534e-06 6.746733707193127e+23
1.5475867644719446e-06 6.871703282451103e+23
1.562004669617472e-06 7.000478503207035e+23
1.5764934041641144e-06 7.131027175468762e+23
1.5910493832741191e-06 7.263485737572948e+23
1.605668835352864e-06 7.397461292643798e+23
1.6205594423682838e-06 7.535225298328251e+23
1.6355131941433667e-06 7.67475357580299e+23
1.650745488394303e-06 7.818589341821788e+23
1.6660404311496684e-06 7.964411060757039e+23
1.6813935615627564e-06 8.111767355866567e+23
1.697032292541592e-06 8.26307530256912e+23
1.7127282013765295e-06 8.416669618762968e+23
1.728476329168512e-06 8.571961323292759e+23
1.7445167450466227e-06 8.732178543578227e+23
1.7606077892396168e-06 8.893895173545472e+23
1.7769984375209941e-06 9.060138301811095e+23
1.7934378564283869e-06 9.228769460619052e+23
1.8099202174721486e-06 9.399203505261474e+23
1.8267083466978182e-06 9.574376161507932e+23
1.8435368634133106e-06 9.751526756474634e+23
1.8606783279501468e-06 9.933495086150538e+23
1.877857286328376e-06 1.0117726859016086e+24
1.8953564147222088e-06 1.0307335913911981e+24
1.912889776560527e-06 1.0498899592553987e+24
1.930450146378027e-06 1.0692810404344667e+24
1.948335912495537e-06 1.0891560370338357e+24
1.9662445468734675e-06 1.1093021709416355e+24
1.9844854591765163e-06 1.1299535092767367e+24
2.0030679836570197e-06 1.1512250943059384e+24
2.0213429603733433e-06 1.1723404337383266e+24
2.040289934348229e-06 1.1943992162579286e+24
2.058911896908659e-06 1.2162923884917254e+24
2.078224973328573e-06 1.23922929484751e+24
2.0971945724766024e-06 1.2619833528285793e+24
2.116874780885784e-06 1.2857616530237777e+24
2.1361919922127376e-06 1.309323279484619e+24
2.156239675142784e-06 1.3340094779620354e+24
2.1759037339129394e-06 1.3584675737765913e+24
2.196318479513468e-06 1.3840570465160575e+24
2.216327811856302e-06 1.409404695083511e+24
2.237108382757227e-06 1.435947203845138e+24
2.2578713540985587e-06 1.4627472836819992e+24
2.2786047916935868e-06 1.4896953908794138e+24
2.299722537677772e-06 1.5174410169961186e+24
2.3208011767249496e-06 1.545399989738416e+24
2.3422697924809475e-06 1.574134808714461e+24
2.3641393084549505e-06 1.603646809681008e+24
2.385962132840688e-06 1.6334050305785166e+24
2.408191593705664e-06 1.664007205053637e+24
2.4303629952539826e-06 1.6947804199373203e+24
2.4529464394566192e-06 1.7264161236830986e+24
2.4754595153175536e-06 1.7582624635365638e+24
2.498389667896009e-06 1.790998088939205e+24
2.5217485956852803e-06 1.8246266671673331e+24
2.5450262750300675e-06 1.8584244110687485e+24
2.568205980288052e-06 1.892477355783214e+24
2.5923533411557833e-06 1.9282565065385793e+24
2.616407231288819e-06 1.9641520788404162e+24
2.6403496681786724e-06 2.0003551735549042e+24
2.6647343408014564e-06 2.0375164674493506e+24
2.6895736160354607e-06 2.075593533105263e+24
2.714286390455388e-06 2.1137566726846016e+24
2.739457516178313e-06 2.153383667756186e+24
2.765099864223664e-06 2.1937166046435765e+24
2.790598985778583e-06 2.2344679822447764e+24
2.8159335203748477e-06 2.2751203705794573e+24
2.8423832968548867e-06 2.3179746616774844e+24
2.868671234860481e-06 2.3609994158704308e+24
2.8954499628405087e-06 2.4055418381729185e+24
2.922045004892035e-06 2.4498499747306404e+24
2.9491331330571854e-06 2.495320330869651e+24
2.976014173847824e-06 2.5413036048519213e+24
3.004116971131133e-06 2.589538626332034e+24
3.0312736600956705e-06 2.6363535165603417e+24
3.059680170350575e-06 2.6859928490514223e+24
3.0878554232880982e-06 2.7357079342777077e+24
3.116554406121974e-06 2.786905910472162e+24
3.1449944463299315e-06 2.8378562187400254e+24
3.1747704940561875e-06 2.89196471134282e+24
3.203460648275647e-06 2.9442772137869205e+24
3.233516573044457e-06 3.0001966073406355e+24
3.2632832958368175e-06 3.0553145178369697e+24
3.29360315656267e-06 3.1124447557228417e+24
3.3236011494164426e-06 3.169399941047533e+24
3.355057623248129e-06 3.229790412166548e+24
3.386190799883073e-06 3.289671025283525e+24
3.4169658746272594e-06 3.350195651705128e+24
3.449264134215063e-06 3.413639974338085e+24
3.480225270903669e-06 3.4753807883639e+24
3.5127415319285334e-06 3.5406654462241264e+24
3.5458711319724436e-06 3.6073646585633777e+24
3.5785991031934176e-06 3.674605835273879e+24
3.610885649235035e-06 3.741004631457418e+24
3.6448305202031668e-06 3.811629121617679e+24
3.6783288143408182e-06 3.8821076053196754e+24
3.7124485609729446e-06 3.954455858162058e+24
3.747207215575832e-06 4.028929951024479e+24
3.7814700063308684e-06 4.102951889153793e+24
3.8163651463462256e-06 4.179004126803533e+24
3.851910304492885e-06 4.257033525860877e+24
3.886905730191597e-06 4.3348469750641777e+24
3.9237833936659015e-06 4.4175863282239597e+24
3.960103125046786e-06 4.499357549185879e+24
3.995814199926435e-06 4.581125710240291e+24
4.033486050315858e-06 4.667793788899868e+24
4.070539071775453e-06 4.7539860110747227e+24
4.108279169129662e-06 4.842616728746202e+24
4.146725631942373e-06 4.93385448686869e+24
4.184486708523299e-06 5.023894027666384e+24
4.222941828036617e-06 5.116732856722334e+24
4.2621103025666715e-06 5.211937177913965e+24
4.302012167396526e-06 5.309885754643942e+24
4.341148737148908e-06 5.40727133630696e+24
4.382551427330124e-06 5.510886536146254e+24
4.423174007405198e-06 5.613454869054282e+24
4.462950752076108e-06 5.715142207515173e+24
4.505084637171961e-06 5.823155870417205e+24
4.546355108380938e-06 5.930585507299815e+24
4.5883887170013235e-06 6.040558749160424e+24
4.631206827462329e-06 6.153844972933575e+24
4.6730708439817624e-06 6.265693327267287e+24
4.717491669494898e-06 6.385363579057809e+24
4.760937486865534e-06 6.503522958044605e+24
4.80519097241347e-06 6.625214328913385e+24
4.8483794805672445e-06 6.744592955906245e+24
4.894281298134746e-06 6.872939725062592e+24
4.939093587090597e-06 6.999507311072538e+24
4.984734066199912e-06 7.129641666362695e+24
5.031225908666497e-06 7.26326711619575e+24
5.078593160364953e-06 7.400383660510156e+24
5.124743118864759e-06 7.535438188319347e+24
5.171739512618416e-06 7.674365633280394e+24
5.219605843824813e-06 7.817136949356221e+24
5.268366492896637e-06 7.963425734259049e+24
5.318046759867801e-06 8.114578882994858e+24
5.366350817807777e-06 8.262730928982147e+24
5.415540415002873e-06 8.414759340423908e+24
5.465640128093207e-06 8.571389536847698e+24
5.516675451654771e-06 8.800361328537729e+24
5.568672841459417e-06 9.295622802278933e+24
5.619113718646549e-06 9.770938415998145e+24
5.6704767325281446e-06 1.0250881683894936e+25
5.722787403492427e-06 1.0735604308381053e+25
5.776072202407626e-06 1.1224525326492608e+25
5.8303585952873965e-06 1.1718519633126875e+25
5.882884348398094e-06 1.2192322157580209e+25
5.939206840962939e-06 1.2696369118701093e+25
5.9937212998896524e-06 1.3179936455426277e+25
6.0492457780456266e-06 1.366903883342818e+25
6.105808607663179e-06 1.4162901187441225e+25
6.160378893133853e-06 1.4636562975685924e+25
6.219049168306557e-06 1.5141958858723997e+25
6.275671770749409e-06 1.5625694923129153e+25
6.333334911062572e-06 1.611596426790677e+25
6.392067537749398e-06 1.6611737981821263e+25
6.451899683188549e-06 1.7113289094424816e+25
6.512862514840725e-06 1.7621167903809878e+25
6.571505874349353e-06 1.8106845513570925e+25
6.631214906879519e-06 1.8598401325601967e+25
6.692018927061262e-06 1.909642049465335e+25
6.7539483346606315e-06 1.9600729674224935e+25
6.81703466525911e-06 2.0111844349512636e+25
6.8813106438001e-06 2.0630239134848475e+25
6.946810241193494e-06 2.115511839457558e+25
7.009606265972644e-06 2.1656561582106605e+25
7.073547942287104e-06 2.2165192548966524e+25
7.138666910685604e-06 2.2680227367594716e+25
7.2049959876722295e-06 2.320315154736353e+25
7.272569220850868e-06 2.373416141774893e+25
7.341421947202118e-06 2.427260769153106e+25
7.407166024341242e-06 2.478498126051475e+25
7.474098247452759e-06 2.5305065356906364e+25
7.546838862999745e-06 2.5868153273490583e+25
7.616330933561437e-06 2.6405415925863528e+25
7.687114678297138e-06 2.6950227844461347e+25
7.754376931732238e-06 2.7467127509891757e+25
7.827762202379545e-06 2.8031873191631002e+25
7.902549739344956e-06 2.8607746147508993e+25
7.97365237196117e-06 2.915375682060461e+25
8.046046102964708e-06 2.970811322774552e+25
8.119766420662029e-06 3.027257100002392e+25
8.194850126005006e-06 3.0846855804248334e+25
8.27133539384772e-06 3.1430454427707406e+25
8.349261837665935e-06 3.2026148793377017e+25
8.428670577969824e-06 3.2630933282594004e+25
8.503771823695394e-06 3.3203116802231832e+25
8.586161308492443e-06 3.382996064024781e+25
8.664108303611439e-06 3.4424254026189808e+25
8.743483503010276e-06 3.5027586115762238e+25
8.82432652259714e-06 3.5644125707380844e+25
8.906678457122455e-06 3.63309308731755e+25
8.99058194983448e-06 3.7079035046462394e+25
9.069446703780395e-06 3.778204546034032e+25
9.156459845587883e-06 3.85549899733438e+25
9.238274825593134e-06 3.92806231939013e+25
9.328573752459835e-06 4.008062691658187e+25
9.413507656124113e-06 4.083082716115546e+25
9.500002366593858e-06 4.159635979075283e+25
9.588101306624096e-06 4.237130761730888e+25
9.677849524782825e-06 4.316317038567598e+25
9.761607467168829e-06 4.389965819151217e+25
9.85464899981857e-06 4.472371716055752e+25
9.949481227563417e-06 4.555447427188217e+25
1.0038028390591894e-05 4.633710988128902e+25
1.0128165788384964e-05 4.713193415221763e+25
1.0228361987445657e-05 4.80105135363737e+25
1.032196596570015e-05 4.88379651846432e+25
1.0417298984694862e-05 4.982082369429607e+25
1.0514409398958966e-05 5.084775592633718e+25
1.0613347383038135e-05 5.189824888830763e+25
1.0704920699544073e-05 5.286574359272936e+25
1.0807493981508344e-05 5.394475395086196e+25
1.090246317291e-05 5.494413381920804e+25
1.1008875856940179e-05 5.606224775811877e+25
1.1107433384755221e-05 5.709786316412047e+25
1.1207771536379025e-05 5.814804567409494e+25
1.1320258294499616e-05 5.93259941761117e+25
1.1424496400342155e-05 6.041459461217409e+25
1.1530672017445707e-05 6.1527139802602005e+25
1.162793166895181e-05 6.254199847063903e+25
1.1737940483227607e-05 6.369241894492584e+25
1.1850050707518224e-05 6.4860309669995506e+25
1.1952796811918672e-05 6.593277432550727e+25
1.2069069154447062e-05 6.714603769468028e+25
1.2175665447273385e-05 6.826122270338832e+25
1.2296336066175995e-05 6.951985635464762e+25
1.2407003090771581e-05 7.067998506847031e+25
1.2522207398840916e-05 7.2190332539283165e+25
1.2638283682155017e-05 7.371430229904316e+25
1.2755220613520696e-05 7.524214089675435e+25
1.2873005904515024e-05 7.677601737146951e+25
1.2991626273059245e-05 7.831755837448978e+25
1.3112453065706594e-05 7.988384534141357e+25
1.3232725139474808e-05 8.144357867365122e+25
1.3355223994371992e-05 8.30277770142128e+25
1.3480012049947392e-05 8.463854382955497e+25
1.3604170055670592e-05 8.623516413629069e+25
1.3730636443970319e-05 8.786722531358935e+25
1.3856380490028569e-05 8.948204040783973e+25
1.398444893008519e-05 9.112860441675106e+25
1.4114906815439796e-05 9.28014040199277e+25
1.424455004681008e-05 9.446953574964448e+25
1.4376596860685493e-05 9.616159763375887e+25
1.4509417718128382e-05 9.786368730663676e+25
1.4644715640665226e-05 9.959927927138046e+25
1.4779038821645717e-05 1.0132007150989038e+26
1.4915848870848256e-05 1.0307816514650372e+26
1.5055215496628541e-05 1.0486665909754539e+26
1.519348896739111e-05 1.0664257631309385e+26
1.5334325906280535e-05 1.08453385986671e+26
1.5475867644719448e-05 1.102737551237209e+26
1.5620046696174718e-05 1.126168037693012e+26
1.5764934041641144e-05 1.1510704285825452e+26
1.591049383274119e-05 1.1760040452338971e+26
1.605668835352864e-05 1.2009398703206265e+26
1.6205594423682837e-05 1.2262676699244799e+26
1.6355131941433668e-05 1.2516152149988667e+26
1.650745488394303e-05 1.2774089628358332e+26
1.6660404311496683e-05 1.3032433731702103e+26
1.6813935615627565e-05 1.3290889132967042e+26
1.6970322925415922e-05 1.3553288169820474e+26
1.7127282013765297e-05 1.3816557315795165e+26
1.728476329168512e-05 1.4079900412310695e+26
1.7445167450466226e-05 1.4348414144858828e+26
1.760607789239617e-05 1.461695563702964e+26
1.776998437520994e-05 1.4889947546095719e+26
1.7934378564283868e-05 1.5163891941248177e+26
1.8099202174721487e-05 1.5438142221681264e+26
1.826708346697818e-05 1.57173506478351e+26
1.8435368634133105e-05 1.599686050460761e+26
1.860678327950147e-05 1.628149527236238e+26
1.877857286328376e-05 1.6566815657554577e+26
1.895356414722209e-05 1.6857645139694573e+26
1.9128897765605272e-05 1.714890998507135e+26
1.930450146378027e-05 1.744113099861816e+26
1.948335912495537e-05 1.7738279789434e+26
1.9662445468734677e-05 1.8036685076908645e+26
1.9844854591765163e-05 1.8340194060246845e+26
2.0030679836570197e-05 1.8650169413822207e+26
2.021342960373343e-05 1.8955430298309474e+26
2.040289934348229e-05 1.927186427284615e+26
2.0589118969086592e-05 1.9583632005167922e+26
2.0782249733285726e-05 1.999553768237864e+26
2.0971945724766023e-05 2.047279523733343e+26
2.116874780885784e-05 2.096575063970196e+26
2.1361919922127373e-05 2.1447146714244804e+26
2.156239675142784e-05 2.1944456687686226e+26
2.1759037339129394e-05 2.243065595849965e+26
2.196318479513468e-05 2.293278239493629e+26
2.216327811856302e-05 2.3423435464032853e+26
2.2371083827572267e-05 2.3930939749334505e+26
2.2578713540985585e-05 2.44365621105445e+26
2.278604791693587e-05 2.4939380170964737e+26
2.2997225376777723e-05 2.5450246489174963e+26
2.3208011767249497e-05 2.5958704754581704e+26
2.3422697924809478e-05 2.647518451803429e+26
2.3641393084549505e-05 2.699982298912324e+26
2.3859621328406886e-05 2.75224324843769e+26
2.4081915937056637e-05 2.8053800182155268e+26
2.4303629952539823e-05 2.8582360275350345e+26
2.4529464394566193e-05 2.9120089441666616e+26
2.475459515317554e-05 2.9654959519247728e+26
2.498389667896009e-05 3.019938432657255e+26
2.5217485956852804e-05 3.0752841189166984e+26
2.545026275030068e-05 3.130366987734115e+26
2.5682059802880522e-05 3.185265787027978e+26
2.5923533411557836e-05 3.242387905407875e+26
2.616407231288819e-05 3.2991778077867875e+26
2.6403496681786724e-05 3.35583837767343e+26
2.6647343408014564e-05 3.4134868168186834e+26
2.6895736160354605e-05 3.4720803103448275e+26
2.7142863904553883e-05 3.530346596389596e+26
2.739457516178313e-05 3.590071573682187e+26
2.7650998642236638e-05 3.65055739722728e+26
2.790598985778583e-05 3.711011320487353e+26
2.815933520374848e-05 3.77091961613934e+26
2.8423832968548864e-05 3.8335568036662344e+26
2.8686712348604812e-05 3.895920633532062e+26
2.8954499628405086e-05 3.9598405720775297e+26
2.922045004892035e-05 4.023090458661839e+26
2.9491331330571855e-05 4.087531461936001e+26
2.9760141738478244e-05 4.152045850966898e+26
3.0041169711311335e-05 4.2193451156721544e+26
3.0312736600956707e-05 4.284273325740853e+26
3.059680170350574e-05 4.352573724795406e+26
3.087855423288099e-05 4.420494289267905e+26
3.1165544061219745e-05 4.52770326218159e+26
3.144994446329932e-05 4.667953320773786e+26
3.1747704940561877e-05 4.813894347664849e+26
3.203460648275647e-05 4.9531075991517646e+26
3.233516573044457e-05 5.098429622163018e+26
3.2632832958368175e-05 5.2405150015615056e+26
3.2936031565626704e-05 5.384681846930371e+26
3.3236011494164424e-05 5.5261865150488024e+26
3.355057623248129e-05 5.673664229961775e+26
3.386190799883073e-05 5.8182058454368795e+26
3.4169658746272596e-05 5.960914675931416e+26
3.4492641342150625e-05 6.1091042090453974e+26
3.480225270903669e-05 6.250664367361248e+26
3.5127415319285335e-05 6.398307719964782e+26
3.5458711319724434e-05 6.547397711217747e+26
3.578599103193418e-05 6.694606266813494e+26
3.610885649235035e-05 6.8385329482105e+26
3.644830520203167e-05 6.98919165329606e+26
3.6783288143408185e-05 7.137321551132039e+26
3.712448560972944e-05 7.287340632163583e+26
3.747207215575832e-05 7.439542491593601e+26
3.781470006330868e-05 7.588854598223689e+26
3.816365146346226e-05 7.740255964990012e+26
3.851910304492884e-05 7.893707253671478e+26
3.8869057301915976e-05 8.04449044879886e+26
3.923783393665901e-05 8.202778033294126e+26
3.960103125046786e-05 8.357662675568856e+26
3.995814199926435e-05 8.510042355542842e+26
4.033486050315858e-05 8.669960486479127e+26
4.070539071775452e-05 8.826945677266834e+26
4.1082791691296624e-05 8.986431985511529e+26
4.1467256319423736e-05 9.148602738256863e+26
4.184486708523298e-05 9.307108332760937e+26
4.222941828036617e-05 9.46849524490652e+26
4.262110302566672e-05 9.632342362720265e+26
4.3020121673965253e-05 9.799004160267838e+26
4.341148737148909e-05 9.962626817804652e+26
4.382551427330124e-05 1.0135113387712303e+27
4.423174007405198e-05 1.0304121861187457e+27
4.462950752076108e-05 1.0469739141370902e+27
4.505084637171961e-05 1.0644332709147969e+27
4.546355108380938e-05 1.0815870536531258e+27
4.588388717001324e-05 1.0990063372777739e+27
4.631206827462329e-05 1.1167639392402353e+27
4.673070843981763e-05 1.1341306134544342e+27
4.717491669494897e-05 1.152548491514378e+27
4.7609374868655334e-05 1.1705668780317211e+27
4.8051909724134705e-05 1.1889470064512648e+27
4.8483794805672445e-05 1.2068480160304868e+27
4.894281298134746e-05 1.2259151981524378e+27
4.9390935870905965e-05 1.2445550086417887e+27
4.984734066199911e-05 1.2635652028357052e+27
5.0312259086664966e-05 1.282935572693461e+27
5.078593160364953e-05 1.3026652628258185e+27
5.1247431188647585e-05 1.3219364497086025e+27
5.1717395126184165e-05 1.3416067342212198e+27
5.219605843824813e-05 1.3616736761180986e+27
5.268366492896637e-05 1.382100808325236e+27
5.318046759867801e-05 1.4030343125662592e+27
5.366350817807777e-05 1.4234185199402213e+27
5.415540415002872e-05 1.4441874386724467e+27
5.465640128093207e-05 1.4654427296529006e+27
5.516675451654771e-05 1.487132253847292e+27
5.568672841459417e-05 1.5092915928806746e+27
5.6191137186465493e-05 1.5308158816333526e+27
5.6704767325281444e-05 1.5528284467082838e+27
5.722787403492426e-05 1.575350925315856e+27
5.776072202407626e-05 1.5983233596189105e+27
5.830358595287397e-05 1.6218414365315667e+27
5.882884348398094e-05 1.6446433437370887e+27
5.939206840962939e-05 1.6692100842612118e+27
5.993721299889652e-05 1.6930532562362835e+27
6.049245778045627e-05 1.717477609932021e+27
6.10580860766318e-05 1.742379068562676e+27
6.160378893133854e-05 1.7665813048548783e+27
6.219049168306556e-05 1.7953603240620937e+27
6.275671770749408e-05 1.8440286265384777e+27
6.333334911062573e-05 1.8931354363619823e+27
6.392067537749397e-05 1.9424974831038552e+27
6.451899683188549e-05 1.992165721889564e+27
6.512862514840725e-05 2.0423600576003515e+27
6.571505874349354e-05 2.090035607726622e+27
6.631214906879519e-05 2.1380198401292044e+27
6.692018927061263e-05 2.1863985715267953e+27
6.753948334660632e-05 2.2353117805923815e+27
6.81703466525911e-05 2.2844236742651326e+27
6.8813106438001e-05 2.3339885738270264e+27
6.946810241193494e-05 2.3839194392732076e+27
7.009606265972643e-05 2.4314464434669327e+27
7.073547942287104e-05 2.4793139365856913e+27
7.138666910685605e-05 2.5275242996583414e+27
7.20499598767223e-05 2.5762518763666196e+27
7.272569220850867e-05 2.625452938598458e+27
7.341421947202118e-05 2.6749616211598067e+27
7.407166024341242e-05 2.721943172980139e+27
7.47409824745276e-05 2.769357309399536e+27
7.546838862999744e-05 2.820274061614985e+27
7.616330933561437e-05 2.868631067326169e+27
7.687114678297137e-05 2.9174667753122127e+27
7.754376931732237e-05 2.963437038564321e+27
7.827762202379545e-05 3.0132436786194567e+27
7.902549739344956e-05 3.063468936914751e+27
7.97365237196117e-05 3.110861128171978e+27
8.046046102964707e-05 3.158782208828973e+27
8.119766420662029e-05 3.2074127633480947e+27
8.194850126005006e-05 3.2563880104855715e+27
8.27133539384772e-05 3.30595696968981e+27
8.349261837665935e-05 3.3560690204698845e+27
8.428670577969823e-05 3.406765968207114e+27
8.503771823695394e-05 3.4543597585306264e+27
8.586161308492443e-05 3.5064385304302616e+27
8.664108303611439e-05 3.555219638568784e+27
8.743483503010275e-05 3.6046083082804844e+27
8.824326522597141e-05 3.6546318666420623e+27
8.906678457122455e-05 3.705285810862927e+27
8.990581949834478e-05 3.7565468484987444e+27
9.069446703780395e-05 3.8046530327272987e+27
9.156459845587883e-05 3.857239058226777e+27
9.238274825593135e-05 3.906433801821803e+27
9.328573752459834e-05 3.960626566283791e+27
9.413507656124112e-05 4.011122225985061e+27
9.50000236659386e-05 4.062367740597213e+27
9.588101306624096e-05 4.1144923875935816e+27
9.677849524782824e-05 4.167162722593432e+27
9.761607467168827e-05 4.216223499469555e+27
9.85464899981857e-05 4.2705959386316417e+27
9.949481227563417e-05 4.3255181370276976e+27
0.00010038028390591894 4.376779435033176e+27
0.00010128165788384963 4.428738294133034e+27
0.00010228361987445656 4.486387336386629e+27
0.0001032196596570015 4.539981448897334e+27
0.00010417298984694862 4.594471611816661e+27
0.00010514409398958965 4.6497417306391643e+27
0.00010613347383038135 4.7059999045525795e+27
0.00010704920699544072 4.7578931091460406e+27
0.00010807493981508344 4.8158117995004493e+27
0.0001090246317291 4.8691710648867653e+27
0.00011008875856940179 4.9292074038286996e+27
0.0001110743338475522 4.984545215876637e+27
0.00011207771536379025 5.040832892572401e+27
0.00011320258294499617 5.103790146998597e+27
0.00011424496400342156 5.162063436801018e+27
0.00011530672017445707 5.221243197177243e+27
0.00011627931668951809 5.275578078599399e+27
0.00011737940483227608 5.336987213012912e+27
0.00011850050707518224 5.399260036251805e+27
0.0001195279681191867 5.456614323251559e+27
0.00012069069154447063 5.52106282528244e+27
0.00012175665447273385 5.580486825819128e+27
0.00012296336066175997 5.647386006522396e+27
0.0001240700309077158 5.705377152883591e+27
0.0001243186682442042 5.732544100510987e+27
0.0001248189445751668 5.77040131440127e+27
0.00012532326354314729 5.825507144272185e+27
0.00012583167434859614 5.888869528483022e+27
0.00012634422699360061 5.992499518414754e+27
0.0001268609722982779 6.350113672764775e+27
0.0001273819619175727 7.238291782409821e+27
0.0001279072483584699 8.057285102052353e+27
0.0001284368849976354 7.676723635811024e+27
0.00012897092609949666 6.166446696397043e+27
0.0001295094268347764 6.19451945115234e+27
0.00013005244329949246 6.217819580648237e+27
0.00013060003253443769 6.236311652185529e+27
0.0001311522525451541 6.28368032007905e+27
0.00013170916232241593 6.341754464928008e+27
0.00013227082186323646 6.403149135925685e+27
0.0001328372921924152 6.456431580166487e+27
0.00013340863538464063 6.544401538399869e+27
0.0001339849145871661 6.635996238332858e+27
0.00013456619404307571 6.627927542073547e+27
0.00013515253911515883 6.653307362607198e+27
0.00013574401631041117 6.804266628384841e+27
0.0001363406933051822 6.938717075870027e+27
0.00013694263897098873 6.882102472901658e+27
0.00013754992340101529 6.83382247944541e+27
0.00013816261793732273 6.897779813892209e+27
0.00013878079519878727 6.959519846847962e+27
0.00013940452910979302 7.012313670357104e+27
0.00014003389492970182 7.044422821794494e+27
0.00014066896928312448 7.106239992144515e+27
0.00014130983019102028 7.206061342009788e+27
0.00014195655710264968 7.292552484137747e+27
0.00014260923092840897 7.299682888395727e+27
0.00014326793407357484 7.347562267652563e+27
0.00014393275047298816 7.40118360647325e+27
0.0001446037656267084 7.44930588481199e+27
0.00014528106663666955 7.508617623044379e+27
0.00014596474224437152 7.565244968804568e+27
0.00014665488286964043 7.635945918394465e+27
0.00014735158065049382 7.721469636598061e+27
0.00014805492948414772 7.789682010535075e+27
0.0001487650250692036 7.827951114465826e+27
0.0001494819649490552 7.886567091249597e+27
0.00015020584855655666 7.953883830434948e+27
0.00015093677725999487 8.024407869038754e+27
0.0001516748544104105 8.10285659205763e+27
0.00015242018539031425 8.183370363122548e+27
0.00015317287766384669 8.2688455118949e+27
0.00015393304082843152 8.42401880130418e+27
0.0001547007866679748 8.525256205983368e+27
0.0001554762292076639 8.476800695209192e+27
0.00015625948477042292 8.523722476623492e+27
0.00015705067203508329 8.598125080767473e+27
0.00015784991209633054 8.675344473753128e+27
0.00015865732852649077 8.75450619931183e+27
0.0001594730474392234 8.836250566190468e+27
0.00016029719755518835 8.918803324114719e+27
0.00016112991026976078 9.011601578328255e+27
0.00016197131972286657 9.096778414772508e+27
0.00016282156287101808 9.164667289650718e+27
0.00016368077956163034 9.264095866929921e+27
0.00016454911260970265 9.467598983770575e+27
0.0001654267078769544 9.924779773052762e+27
0.00016631371435350646 1.0475189471705213e+28
0.00016721028424220458 1.0244604762764182e+28
0.00016811657304568537 9.716807909268513e+27
0.00016903273965628856 9.789325948829253e+27
0.00016995894644892577 9.898438890006063e+27
0.00017089535937701898 1.0086235670556154e+28
0.00017184214807162854 1.0405927444720124e+28
0.00017279948594389389 1.0504126371569426e+28
0.0001737675502909185 1.0297085448800375e+28
0.00017474652240523353 1.0422015943925615e+28
0.0001757365876879827 1.0529361349050478e+28
0.0001767379357659769 1.0741159745731768e+28
0.00017775076061277335 1.1804250167264394e+28
0.0001787752606739421 1.3404542099495947e+28
0.00017981163899668956 1.1590674655397897e+28
0.00018086010336401721 1.1066546237187803e+28
0.00018192086643360088 1.1167052576166673e+28
0.00018299414588158672 1.1303783911574364e+28
0.00018408016455150712 1.1415929182978226e+28
0.00018517915060853107 1.1531421494754464e+28
0.00018629133769927297 1.1697423171937295e+28
0.0001874169651173955 1.1762742701829776e+28
0.00018855627797525196 1.1916795312970773e+28
0.00018970952738182843 1.2157698355908818e+28
0.0001908769706272551 1.2222286313567762e+28
0.00019205887137417306 1.2278045398017084e+28
0.00019325549985625513 1.2408007724900463e+28
0.00019416280267248168 1.2513304596524742e+28
0.00019477241900740314 1.2583269737810683e+28
0.00019538587544522173 1.2655741894000893e+28
0.00019600320838501707 1.2733466953324043e+28
0.00019662445468734675 1.2820111086211287e+28
0.00019724965168158314 1.2912871413876562e+28
0.00019787883717339042 1.3001009443392426e+28
0.0001985120494523453 1.3079189906324137e+28
0.00019914932729970432 1.3147680239996851e+28
0.00019979070999632173 1.3194517532439808e+28
0.0002004362373307202 1.3242806916127108e+28
0.00020108594960731896 1.3319833558062877e+28
0.00020173988765482244 1.3402547461546073e+28
0.00020239809283477292 1.3485016365470442e+28
0.00020306060705027138 1.3573094314733779e+28
0.00020372747275486996 1.36535202736782e+28
0.00020439873296164052 1.3720919438329304e+28
0.00020507443125242282 1.3798456709644244e+28
0.00020575461178725673 1.3886025929203168e+28
0.000206439319314003 1.3999174553811428e+28
0.00020712859917815658 1.4176637445401451e+28
0.0002078224973328573 1.4395410918640937e+28
0.00020852106034910219 1.4533439109061543e+28
0.0002092243354261649 1.4553823367492175e+28
0.00020993237040222638 1.4484078399231917e+28
0.00021064521376522205 1.4651209134934385e+28
0.00021136291466391106 1.4621012310664201e+28
0.0002120855229191723 1.4661521542849477e+28
0.0002128130890355331 1.474430252866893e+28
0.000213545664212936 1.483426062822485e+28
0.00021428330035874922 1.491820689121378e+28
0.00021502605010002737 1.5004175181922727e+28
0.00021577396679602745 1.5101371088974954e+28
0.00021652710455098744 1.5204948433679551e+28
0.00021728551822717304 1.5310830395154695e+28
0.0002180492634582 1.541668085252303e+28
0.00021881839666263808 1.5526126785857439e+28
0.00021959297505790405 1.5661448618209165e+28
0.00022037305667445078 1.5865341580287107e+28
0.00022115870037025991 1.637051768181975e+28
0.00022194996584564544 1.7144007429261146e+28
0.00022274691365837667 1.7493492847296212e+28
0.00022354960523912758 1.690259518391167e+28
0.00022435810290726186 1.6241333646792505e+28
0.00022517246988696153 1.6330855825328434e+28
0.0002259927703237082 1.6454277681743404e+28
0.00022681906930112578 1.661739449942832e+28
0.00022765143285819413 1.6753058748713967e+28
0.00022848992800684312 1.680453966671239e+28
0.00022933462274993678 1.6839500305216963e+28
0.00023018558609965825 1.694614361979886e+28
0.00023104288809630503 1.706143342844447e+28
0.00023190659982750617 1.717156315087274e+28
0.00023277679344787204 1.7290820926605106e+28
0.00023365354219908812 1.7415549674011062e+28
0.00023453692043046465 1.75561913983544e+28
0.00023542700361995408 1.7703177699428094e+28
0.00023632386839564913 1.7881909013498362e+28
0.00023722759255777402 1.809216600702518e+28
0.00023813825510118195 1.8182496666875999e+28
0.0002390559362383734 1.815999985236415e+28
0.00023998071742304796 1.8277245427332517e+28
0.00024091268137420543 1.8459191887663925e+28
0.00024185191210081053 1.8505615918100238e+28
0.00024279849492703682 1.8753993263230266e+28
0.0002437525165181057 1.879238588869629e+28
0.00024471406490673725 1.891022729598474e+28
0.00024568322952022933 1.904794988700529e+28
0.0002466601012081825 1.9196551257814818e+28
0.0002476447722708898 1.9347751664467956e+28
0.0002486373364884084 1.9473136150424548e+28
0.0002496378891503336 1.960225520701829e+28
0.00025064652708629457 1.9748706562102944e+28
0.0002516633486971923 1.990192376795357e+28
0.00025268845398720123 2.0069488652655846e+28
0.0002537219445965558 2.024459058313878e+28
0.0002547639238351454 2.0418859824275338e+28
0.0002558144967169398 2.055512987456345e+28
0.0002568737699952708 2.072646153683461e+28
0.0002579418521989933 2.1121281130700905e+28
0.0002590188536695528 2.234659725432748e+28
0.0002601048865989849 2.4418374478028934e+28
0.00026120006506887537 2.50773375386322e+28
0.0002623045050903082 2.2426204866958987e+28
0.00026341832464483187 2.173868256218305e+28
0.0002645416437264729 2.189069083073601e+28
0.0002656745843848304 2.2114203629334077e+28
0.00026681727076928127 2.2563438738191647e+28
0.0002679698291743322 2.2615522263879644e+28
0.00026913238808615143 2.2481335469335003e+28
0.00027030507823031766 2.2649768764504877e+28
0.00027148803262082234 2.2829102532258274e+28
0.0002726813866103644 2.301937543034408e+28
0.00027388527794197746 2.322172834829164e+28
0.00027509984680203057 2.344305801818318e+28
0.00027632523587464545 2.36164625159908e+28
0.00027756159039757453 2.3780358332969447e+28
0.00027880905821958603 2.39393897355574e+28
0.00028006778985940363 2.4159810978867374e+28
0.00028133793856624896 2.4448907349199328e+28
0.00028261966038204057 2.469105984545213e+28
0.00028391311420529936 2.4644174807605166e+28
0.00028521846185681793 2.4977887474329917e+28
0.0002865358681471497 2.5190317813633085e+28
0.0002878655009459763 2.548799063315371e+28
0.0002892075312534168 2.578099209295123e+28
0.0002905621332733391 2.5971354964761536e+28
0.00029192948448874303 2.6199137501414873e+28
0.00029330976573928086 2.68197913194108e+28
0.00029470316130098765 2.7280174494908626e+28
0.00029610985896829544 2.691215880796892e+28
0.0002975300501384072 2.683071832060573e+28
0.0002989639298981104 2.734192499585468e+28
0.0003004116971131133 2.7575283113934938e+28
0.00030187355451998974 2.7966308774153676e+28
0.000303349708820821 2.836807716962357e+28
0.0003048403707806285 2.904699172590589e+28
0.00030634575532769337 3.0310857831024854e+28
0.00030786608165686303 3.0032458484829695e+28
0.0003094015733359496 2.903105900003586e+28
0.0003109524584153278 2.9218823052805053e+28
0.00031251896954084585 2.9535096673263663e+28
0.00031410134407016657 2.9877861141508506e+28
0.0003156998241926611 3.0074042273923973e+28
0.00031731465705298154 3.01013718754449e+28
0.0003189460948784468 3.0608749254968035e+28
0.0003205943951103767 3.0885824719061177e+28
0.00032225982053952156 3.1184346843576336e+28
0.00032394263944573315 3.141480387516113e+28
0.00032564312574203617 3.1701454689893124e+28
0.0003273615591232607 3.2169543507085712e+28
0.0003290982252194053 3.244541819416171e+28
0.0003308534157539088 3.257655183344708e+28
0.0003326274287070129 3.325692636383614e+28
0.00033442056848440916 3.340800030645002e+28
0.00033623314609137074 3.3544165354708748e+28
0.0003380654793125771 3.4103112660179074e+28
0.00033991789289785154 3.417170172988512e+28
0.00034179071875403797 3.472235397232644e+28
0.0003436842961432571 3.48798420001113e+28
0.00034559897188778777 3.5472254352259375e+28
0.000347535100581837 3.579770351286156e+28
0.00034949304481046706 3.6567711076947893e+28
0.0003514731753759654 3.6882018106807317e+28
0.0003534758715319538 3.685145353188919e+28
0.0003555015212255467 3.7396093639243014e+28
0.0003575505213478842 3.771610141748066e+28
0.0003596232779933791 3.7954147019652487e+28
0.00036172020672803443 3.8386061155753625e+28
0.00036384173286720177 3.8808172328500355e+28
0.00036598829176317344 3.920972825944056e+28
0.00036816032910301423 3.968408564795118e+28
0.00037035830121706214 4.017370586591268e+28
0.00037258267539854595 4.068792348219283e+28
0.000374833930234791 4.185325646738439e+28
0.0003771125559505039 4.2695342574903675e+28
0.00037941905476365686 4.208273750307591e+28
0.0003817539412545102 4.247223533775836e+28
0.0003841177427483461 4.291075861402799e+28
0.00038651099971251027 4.340591132026745e+28
0.00038832560534496336 4.378174945874927e+28
0.0003895448380148063 4.405795452677497e+28
0.00039077175089044345 4.434979525894258e+28
0.00039200641677003415 4.473772073403163e+28
0.0003932489093746935 4.527360503300714e+28
0.00039449930336316627 4.57341423487737e+28
0.00039575767434678083 4.591502607746923e+28
0.0003970240989046906 4.61758430569896e+28
0.00039829865459940864 4.7543628167803655e+28
0.00039958141999264346 5.061275681855909e+28
0.0004008724746614404 5.403576389715964e+28
0.0004021718992146379 5.504259377167735e+28
0.00040347977530964487 5.169164230499721e+28
0.00040479618566954584 4.757292955840385e+28
0.00040612121410054275 4.765354623504394e+28
0.0004074549455097399 4.778484528124759e+28
0.00040879746592328105 4.777100536958118e+28
0.00041014886250484564 4.848094854488526e+28
0.00041150922357451346 4.8691969758847976e+28
0.000412878638628006 4.898029485763232e+28
0.00041425719835631316 4.9277798995454965e+28
0.0004156449946657146 4.958257141537521e+28
0.00041704212069820437 4.98955609736713e+28
0.0004184486708523298 5.023364710191605e+28
0.00041986474080445276 5.059511894248103e+28
0.0004212904275304441 5.0948897926183385e+28
0.0004227258293278221 5.1222413987865015e+28
0.0004241710458383446 5.148843673230837e+28
0.0004256261780710662 5.1815927877279925e+28
0.000427091328425872 5.221020521265793e+28
0.00042856660071749844 5.269121782584439e+28
0.00043005210020005474 5.326997767843259e+28
0.0004315479335920549 5.2876037066789245e+28
0.0004330542091019749 5.369458275014026e+28
0.0004345710364543461 5.405924550546027e+28
0.0004360985269164 5.488580707606978e+28
0.00043763679332527617 5.64678432794067e+28
0.0004391859501158081 5.780276994106401e+28
0.00044074611334890155 5.755368568232303e+28
0.00044231740074051983 5.599265810988268e+28
0.0004438999316912909 5.6056248565732825e+28
0.00044549382731675334 5.6364788051310904e+28
0.00044709921047825517 5.674576115958489e+28
0.0004487162058145237 5.706125545701992e+28
0.00045034493977392305 5.68701295613268e+28
0.0004519855406474164 5.793528977804467e+28
0.00045363813860225155 5.826229942741338e+28
0.00045530286571638826 5.868860215806476e+28
0.00045697985601368625 5.919928002854037e+28
0.00045866924549987356 5.975834458126563e+28
0.0004603711721993165 6.017060509043384e+28
0.00046208577619261007 6.040391191405604e+28
0.00046381319965501234 5.98729758297179e+28
0.0004655535868957441 6.113703289368019e+28
0.00046730708439817625 6.156158117699152e+28
0.0004690738408609293 6.216216605176558e+28
0.00047085400723990815 6.304005682247073e+28
0.00047264773679129825 6.3081305465210355e+28
0.00047445518511554804 6.325970188791209e+28
0.0004762765102023639 6.3824889724008915e+28
0.0004781118724767468 6.417854921706716e+28
0.0004799614348460959 6.464131933101836e+28
0.00048182536274841086 6.5204079490542375e+28
0.00048370382420162106 6.487033291796898e+28
0.00048559698985407363 6.616269780408654e+28
0.0004875050330362114 6.645687362834714e+28
0.0004894281298134745 6.689971442169785e+28
0.0004913664590404587 6.6455026950152095e+28
0.000493320202416365 6.7888004701506425e+28
0.0004952895445417796 6.837383980970793e+28
0.0004972746729768168 6.793422394002796e+28
0.0004992757783006672 6.941052105992675e+28
0.0005012930541725891 6.952989455691143e+28
0.0005033266973943845 7.016991768658896e+28
0.0005053769079744025 7.095228022220939e+28
0.0005074438891931116 7.085963932483099e+28
0.0005095278476702908 7.136605142940911e+28
0.0005116289934338796 7.238625785946786e+28
0.0005137475399905416 7.238282363601362e+28
0.0005158837043979866 7.299948345422718e+28
0.0005180377073391056 7.362142058032105e+28
0.0005202097731979698 7.4256589011111445e+28
0.0005224001301377507 7.487403730398118e+28
0.0005246090101806164 7.531151386504529e+28
0.0005268366492896637 7.626777743855537e+28
0.0005290832874529458 7.71927485331463e+28
0.0005313491687696608 7.741678250074049e+28
0.0005336345415385625 7.783118696940646e+28
0.0005359396583486644 7.864216081802195e+28
0.0005382647761723029 7.929737027477982e+28
0.0005406101564606353 7.996491657686957e+28
0.0005429760652416447 8.035979949457664e+28
0.0005453627732207288 8.086296795289187e+28
0.0005477705558839549 8.154373070480438e+28
0.0005501996936040611 8.218994324473991e+28
0.0005526504717492909 8.274294986502037e+28
0.0005551231807951491 8.340518118626261e+28
0.0005576181164391721 8.414526211267056e+28
0.0005601355797188073 8.493600383033591e+28
0.0005626758771324979 8.591135068766952e+28
0.0005652393207640811 8.779300456772221e+28
0.0005678262284105987 8.9022313235123e+28
0.0005704369237136359 8.845123082755338e+28
0.0005730717362942994 8.795297192922836e+28
0.0005757310018919526 8.946177370572755e+28
0.0005784150625068336 8.985192907492523e+28
0.0005811242665466782 9.053578756205847e+28
0.0005838589689774861 9.134837639510014e+28
0.0005866195314785617 9.215530052920329e+28
0.0005894063226019753 9.296042103887049e+28
0.0005922197179365909 9.37554315382711e+28
0.0005950601002768144 9.450253996859953e+28
0.0005979278597962208 9.526548020663174e+28
0.0006008233942262266 9.609593106757571e+28
0.0006037471090399795 9.699585240734568e+28
0.000606699417641642 9.796958181600986e+28
0.000609680741561257 9.914711601362935e+28
0.0006126915106553867 9.961760627360911e+28
0.0006157321633137261 1.0036154859950845e+29
0.0006188031466718993 1.0123383320947263e+29
0.0006219049168306556 1.0215987637049839e+29
0.0006250379390816917 1.0307114433540685e+29
0.0006282026881403331 1.0400565368515257e+29
0.0006313996483853221 1.0496949760663594e+29
0.0006346293141059631 1.0608794364879138e+29
0.0006378921897568936 1.0604320979680956e+29
0.0006411887902207534 1.0808220124195883e+29
0.0006445196410790431 1.0887739345398662e+29
0.0006478852788914663 1.0992339451888774e+29
0.0006512862514840723 1.1101265204855367e+29
0.0006547231182465214 1.124243430637102e+29
0.0006581964504388106 1.1625516404065823e+29
0.0006617068315078176 1.2331258641707297e+29
0.0006652548574140258 1.300366231166038e+29
0.0006688411369688183 1.2342894752471959e+29
0.0006724662921827415 1.176249076935775e+29
0.0006761309586251542 1.185576471886202e+29
0.0006798357857957031 1.1970923216885456e+29
0.0006835814375080759 1.1971257368921628e+29
0.0006873685922865142 1.220077517873101e+29
0.0006911979437755755 1.2325476010227993e+29
0.000695070201163674 1.244875843713971e+29
0.0006989860896209341 1.2588619286421362e+29
0.0007029463507519308 1.2703617955973728e+29
0.0007069517430639076 1.2821205027415284e+29
0.0007110030424510934 1.2959363754023697e+29
0.0007151010426957684 1.2949400473492533e+29
0.0007192465559867583 1.3230637565421932e+29
0.0007234404134560689 1.3366901334216081e+29
0.0007276834657344035 1.3539057601583904e+29
0.0007319765835263469 1.3750758018384311e+29
0.0007363206582060285 1.3695921535586076e+29
0.0007407166024341243 1.3918528349044318e+29
0.0007451653507970919 1.407700151128418e+29
0.000749667860469582 1.4233520845556201e+29
0.0007542251119010079 1.4221664722561462e+29
0.0007588381095273137 1.4519501199206416e+29
0.0007635078825090204 1.469393196744606e+29
0.0007682354854966923 1.467890783063247e+29
0.0007730219994250205 1.5000615992929766e+29
0.0007766512106899267 1.514423009824277e+29
0.0007790896760296126 1.5203882279698488e+29
0.0007815435017808869 1.4941233723558787e+29
0.0007840128335400683 1.5416391745741136e+29
0.000786497818749387 1.5541096628069536e+29
0.0007889986067263325 1.536199536782342e+29
0.0007915153486935617 1.562032145888714e+29
0.0007940481978093812 1.5752215534970881e+29
0.0007965973091988173 1.5468001806189807e+29
0.0007991628399852869 1.58812054571367e+29
0.0008017449493228808 1.5929685386917837e+29
0.0008043437984292758 1.5759033556666278e+29
0.0008069595506192897 1.606315062089714e+29
0.0008095923713390917 1.5985260487845616e+29
0.0008122424282010855 1.6003450092235025e+29
0.0008149098910194798 1.6313368832313985e+29
0.0008175949318465621 1.6238924515445736e+29
0.0008202977250096913 1.6287125292732985e+29
0.0008230184471490269 1.637146064471033e+29
0.000825757277256012 1.6412514422673275e+29
0.0008285143967126263 1.6604785961597724e+29
0.0008312899893314292 1.6728449190535074e+29
0.0008340842413964087 1.6918784737848433e+29
0.0008368973417046597 1.7158985839041644e+29
0.0008397294816089055 1.7423283628062714e+29
0.0008425808550608882 1.7485259457746206e+29
0.0008454516586556442 1.7371352683917744e+29
0.0008486322223509972 1.7385818708104476e+29
0.0008515444811785574 1.745736051085076e+29
0.000854182656851744 1.7498397879028173e+29
0.0008571332014349969 1.7597120326046048e+29
0.0008601042004001095 1.7682345268081576e+29
0.0008630958671841098 1.7822682355423704e+29
0.0008661084182039498 1.7961439039787754e+29
0.0008691420729086922 1.809913806151874e+29
0.0008721970538328 1.818420194848021e+29
0.0008752735866505523 1.8259569241394394e+29
0.0008783719002316162 1.8362065328683835e+29
0.0008814922266978031 1.848280531645107e+29
0.0008846348014810397 1.859802715832084e+29
0.0008877998633825818 1.871366730366516e+29
0.0008909876546335067 1.8832534581194236e+29
0.0008941984209565103 1.8974848003025715e+29
0.0008974324116290475 1.911950542655262e+29
0.0009006898795478461 1.923080758893822e+29
0.0009039710812948328 1.9305280974301996e+29
0.0009072762772045031 1.9424783846912632e+29
0.0009106057314327765 1.955368934014655e+29
0.0009139597120273725 1.9681966404573303e+29
0.0009173384909997471 1.9817999712014267e+29
0.000920742344398633 1.9974357608360998e+29
0.0009241715523852201 2.0109801008511626e+29
0.0009276263993100247 2.0215350856426057e+29
0.0009311071737914882 2.0335469889401284e+29
0.0009346141687963525 2.0472316517223416e+29
0.0009381476817218586 2.0617882673680164e+29
0.0009417080144798163 2.0762476142389645e+29
0.0009452954735825965 2.0917012493483168e+29
0.0009489103702310961 2.1033145153188334e+29
0.0009525530204047278 2.1167395844908338e+29
0.0009562237449534936 2.132367580925932e+29
0.0009599228696921918 2.152140336302317e+29
0.0009636507254968217 2.1758511081427814e+29
0.0009674076484032421 2.158819120775376e+29
0.0009711939797081473 2.211937048518468e+29
0.0009750100660724228 2.2114476434685765e+29
0.000978856259626949 2.221687454068614e+29
0.0009827329180809173 2.2349650493615826e+29
0.00098664040483273 2.2513282122846457e+29
0.0009905790890835592 2.268213684664797e+29
0.0009945493459536335 2.2821998432490334e+29
0.0009985515566013343 2.3007059021298624e+29
0.0010025861083451783 2.3158731207458337e+29
0.001006653394788769 2.332182567796717e+29
0.001010753815948805 2.3487701110109843e+29
0.0010148877783862232 2.366181321778775e+29
0.0010190556953405816 2.3834735641373883e+29
0.0010232579868677592 2.4003045867327692e+29
0.0010274950799810832 2.4180179730100173e+29
0.0010317674087959733 2.4370847816463614e+29
0.0010360754146782113 2.4543970861441435e+29
0.0010404195463959397 2.4752469333904798e+29
0.0010448002602755015 2.489338945972644e+29
0.0010492180203612329 2.5093960173314334e+29
0.0010536732985793275 2.5268485785526375e+29
0.0010581665749058917 2.569310637186883e+29
0.0010626983375393215 2.6338249813520413e+29
0.001067269083077125 2.683992799881951e+29
0.0010718793166973287 2.650961454345054e+29
0.0010765295523446057 2.6260788143868074e+29
0.0010812203129212706 2.6437195258526654e+29
0.0010859521304832894 2.6630715264138547e+29
0.0010907255464414577 2.6849791693912022e+29
0.0010955411117679098 2.700369899679969e+29
0.0011003993872081223 2.7189462449335112e+29
0.0011053009434985818 2.7479650942023364e+29
0.0011102463615902981 2.7699635170483595e+29
0.0011152362328783441 2.7948782865035556e+29
0.0011202711594376145 2.816512589585096e+29
0.0011253517542649959 2.8379321875397554e+29
0.0011304786415281623 2.8643486322328717e+29
0.0011356524568211974 2.843230730332305e+29
0.0011408738474272717 2.942901088114483e+29
0.0011461434725885988 2.976161076886262e+29
0.0011514620037839053 2.9321919106319015e+29
0.0011568301250136671 2.971056299021767e+29
0.0011622485330933564 2.9909677172723177e+29
0.0011677179379549721 3.0231886892133043e+29
0.0011732390629571234 3.0478482467892015e+29
0.0011788126452039506 3.0715920841495544e+29
0.0011844394358731818 3.1020881853679243e+29
0.0011901202005536288 3.138574955322739e+29
0.0011958557195924416 3.15601129267277e+29
0.0012016467884524533 3.177210080433976e+29
0.001207494218079959 3.208781617366011e+29
0.001213398835283284 3.257050594350999e+29
0.001219361483122514 3.391325455996916e+29
0.0012253830213107735 3.5404758172411624e+29
0.0012314643266274521 3.39014223098027e+29
0.0012376062933437985 3.3387270692987635e+29
0.0012419422513284865 3.366684335280785e+29
0.0012444336099068786 3.37436438122557e+29
0.0012469349839971436 3.384139898125122e+29
0.0012494464341159697 3.3947936214063884e+29
0.001251968021268575 3.4071591248095496e+29
0.001254499806953648 3.415713147268664e+29
0.0012570418531683465 3.431001821677543e+29
0.0012595942224133585 3.4417355367324024e+29
0.0012621569776980245 3.455865710721612e+29
0.001264730182545523 3.47086658254262e+29
0.0012673139009981185 3.486282618259816e+29
0.001269908197622475 3.5010386101746954e+29
0.001272513137515034 3.5107994122105804e+29
0.0012751287863074594 3.520655869668529e+29
0.0012777552101721503 3.5303334214062444e+29
0.0012803924758278205 3.5403512365937826e+29
0.0012830406505451477 3.5483057164572855e+29
0.0012856998021524954 3.565876685866002e+29
0.0012883699990417009 3.5656531795860475e+29
0.0012910513101739417 3.5901069236066984e+29
0.0012937438050856704 3.608083180194995e+29
0.001296447553894627 3.61952672071675e+29
0.0012991626273059246 3.470652328438607e+29
0.001301889096618214 3.640457103077936e+29
0.0013046270337299243 3.6578904471707424e+29
0.0013073765111455827 3.671855955826261e+29
0.0013101376019822154 3.681449142774385e+29
0.0013129103799758284 3.698481374395231e+29
0.0013156949194879724 3.714943264047576e+29
0.0013184912955123888 3.725199491730776e+29
0.0013212995836817444 3.7676057524195e+29
0.0013241198602744484 3.806997125064837e+29
0.0013269522022215595 3.831946753278061e+29
0.0013297966871137813 3.8328858387060896e+29
0.0013326533932085478 3.8236418308988595e+29
0.001335522399437199 3.813469416662538e+29
0.0013384037854122525 3.794860770064557e+29
0.0013412976314347653 3.816365668995755e+29
0.0013442040185017963 3.6641419351887245e+29
0.001347123028313961 3.848620660736779e+29
0.0013500547432830881 3.8670824477787834e+29
0.0013529992465399758 3.88524176117451e+29
0.0013559566219422492 3.902164392155391e+29
0.0013589269540823198 3.912958690287071e+29
0.0013619103282954534 3.9260283223608185e+29
0.0013649068306679408 3.9285353326973895e+29
0.0013679165480453782 3.944288597843576e+29
0.0013709395680410585 3.974550463604908e+29
0.0013739759790444717 3.9494262687213956e+29
0.00137702587022992 3.8559210325241116e+29
0.001380089331565248 4.015710614230808e+29
0.001383166453820689 4.036473577912758e+29
0.0013862573285778302 4.0522004587261745e+29
0.0013893620482386987 4.061797585206658e+29
0.0013924807060349696 4.078226028455703e+29
0.001395613396037298 4.095594089758522e+29
0.001398760213164778 3.9339862900854834e+29
0.001401921253194529 4.102477594012083e+29
0.0014050966127714132 4.133789909176393e+29
0.0014082863894178865 4.155168498314093e+29
0.0014114906815439795 4.1731008556726166e+29
0.001414709588457421 4.177124523785861e+29
0.001417943210373895 4.0131461331458056e+29
0.0014211916484274433 4.211002054852217e+29
0.001424455004681008 4.232500693902552e+29
0.0014277333821371208 4.2390087590336754e+29
0.0014310268847487406 4.0608888469331695e+29
0.0014343356174302405 4.270909088897072e+29
0.0014376596860685494 4.2971416420519856e+29
0.0014409991975344461 4.1915444116116975e+29
0.001444354259694014 4.246925946175974e+29
0.0014477249814202544 4.347153384452464e+29
0.0014511114726048632 4.149520838915611e+29
0.0014545138441701736 4.370367502571984e+29
0.001457932208081267 4.19635032702462e+29
0.0014613666773582543 4.380839981111461e+29
0.0014648173660887344 4.2251123394446174e+29
0.0014682843894404237 4.303650222081186e+29
0.0014717678636739714 4.335016979770042e+29
0.0014752679061559547 4.2789231316075904e+29
0.0014787846353720598 4.279467719550187e+29
0.0014823181709404517 4.245450788081417e+29
0.0014858686336253388 4.292724064614154e+29
0.00148943614535073 4.277177787926051e+29
0.00149302082921439 4.305230347304785e+29
0.001496622809502 4.348157831108057e+29
0.001500242211701521 4.4059559275939336e+29
0.0015038791625177673 4.448859375170415e+29
0.0015075337898871907 4.4611332914337014e+29
0.0015112062229928843 4.460753055830597e+29
0.0015148965922798022 4.395926842113335e+29
0.0015186050294702057 4.409214487254751e+29
0.001522331667579335 4.425141901972983e+29
0.0015260766409313138 4.442460404220083e+29
0.0015298400851752872 4.4586710546262686e+29
0.0015336221373018022 4.4767646119310035e+29
0.0015374229356594274 4.49510534181781e+29
0.0015412426199716248 4.513200386457946e+29
0.0015450813313538706 4.530952540137761e+29
0.0015489392123310337 4.548886085239156e+29
0.0015528164068550163 4.555706633748133e+29
0.0015567130603226576 4.5856165408976886e+29
0.0015606293195939095 4.598572700492693e+29
0.0015645653330102875 4.6224262307199045e+29
0.0015685212504136005 4.640307791392906e+29
0.0015724972231649656 4.6518021871030224e+29
0.0015764934041641143 4.67228510795147e+29
0.0015805099478689909 4.693998297474093e+29
0.001584547010315655 4.717405323547618e+29
0.0015886047491384865 4.737654885063037e+29
0.0015926833235907036 4.756861567018867e+29
0.001596782894565197 4.752602821169554e+29
0.0016009036246156876 4.796335970220632e+29
0.001605045677978212 4.816589233297799e+29
0.0016092092205929416 4.8325406412378595e+29
0.0016133944201263434 4.857420495501339e+29
0.001617601445993687 4.879037029175677e+29
0.001621830469381906 4.904116220531964e+29
0.0016260816632728153 4.941484824694134e+29
0.001630355202466699 4.978701693953901e+29
0.0016346512636062687 4.9935912996861136e+29
0.0016389700252010012 4.995837540258623e+29
0.001643311667651865 5.002745849982646e+29
0.0016476763732764384 5.016747691823572e+29
0.0016520643263344314 5.0334776176788356e+29
0.0016564757130536156 5.056318776065393e+29
0.0016609107216561687 5.075092096112257e+29
0.001665369542385447 5.099861467899003e+29
0.001669852367533187 5.1203021348983054e+29
0.0016743593914671498 5.142180126605873e+29
0.0016788908106592127 5.167292145620455e+29
0.0016834468237139186 5.189801036903427e+29
0.001688027631397494 5.210969113383277e+29
0.001692633436667337 5.232012906718633e+29
0.0016972644447019944 5.251402526868618e+29
0.0017019208629316296 5.2751850260554685e+29
0.001706602901068993 5.302397854828676e+29
0.0017113107711409076 5.3254913250498586e+29
0.0017160446875202737 5.3467142464905654e+29
0.0017208048669586102 5.3887086424552776e+29
0.001725591528619135 5.429262223415962e+29
0.0017304048941104017 5.470793517705667e+29
0.0017352451875205007 5.5319289574609074e+29
0.0017401126354518344 5.625657919333506e+29
0.001745007467056481 5.689841620811603e+29
0.001749929914072155 5.6560925126837164e+29
0.0017548802108587806 5.5687349275456635e+29
0.0017598585944356851 5.563164595736415e+29
0.0017648653045194281 5.587330909525372e+29
0.0017699005835622797 5.6082650438659924e+29
0.0017749646767913562 5.6358929696625154e+29
0.0017800578322484332 5.660166212173884e+29
0.0017851803008304432 5.686354849848927e+29
0.0017903323363306753 5.715269418497958e+29
0.0017955141954806918 5.751807804802545e+29
0.0018007261379929724 5.780850018466617e+29
0.0018059684266043055 5.796876212431336e+29
0.0018112413271199387 5.81474992007427e+29
0.0018165451084585036 5.837371909929709e+29
0.0018218800426977359 5.865550748271271e+29
0.0018272464051209986 5.891214369650379e+29
0.0018326444742646352 5.920882928657717e+29
0.00183807453196616 5.949142762573276e+29
0.0018435368634133107 5.9771038830734526e+29
0.0018490317571939763 6.0129778825005654e+29
0.0018545595053470225 6.044603650102435e+29
0.00186012040341403 6.067959886712327e+29
0.001865714750491967 6.094321030666629e+29
0.0018713428492868145 6.1240187125227334e+29
0.0018770050061681666 6.1780885075387764e+29
0.0018827015312248225 6.265520629393928e+29
0.0018884327383213973 6.0911289242699115e+29
0.0018941989451559664 6.345453738842877e+29
0.0019000004733187718 6.325280055029819e+29
0.0019058376483520093 6.294350785247022e+29
0.0019117107998107212 6.314288900611975e+29
0.001917620261324819 6.34952700932154e+29
0.0019235663706622605 6.363265192307321e+29
0.001929549469793403 6.409162007585701e+29
0.0019355699049565646 6.440955025821395e+29
0.001941628026724817 6.471420964468106e+29
0.0019477241900740315 6.482618258344552e+29
0.0019538587544522174 6.506666987740686e+29
0.0019600320838501703 6.563837578732212e+29
0.0019662445468734673 6.59186532060283e+29
0.0019724965168158317 6.626183329327757e+29
0.0019787883717339045 6.659179595727766e+29
0.001985120494523453 6.675142652413799e+29
0.0019914932729970434 6.724984804203955e+29
0.001997907099963217 6.755889927375982e+29
0.002004362373307202 6.78876966441277e+29
0.0020108594960731897 6.822023861173016e+29
0.0020173988765482243 6.834315468939592e+29
0.0020239809283477293 6.888560212041532e+29
0.002030606070502714 6.922415794750522e+29
0.0020372747275486996 6.957110874412564e+29
0.0020439873296164055 6.992094312194489e+29
0.002050744312524228 7.026473998872944e+29
0.002057546117872567 7.063761761092721e+29
0.00206439319314003 7.098874128867435e+29
0.002071285991781566 7.126552342509081e+29
0.002078224973328573 7.169228904891343e+29
0.002085210603491022 7.199169113065792e+29
0.0020922433542616492 7.24692630585318e+29
0.0020993237040222643 7.28876836473869e+29
0.0021064521376522208 7.327692156275276e+29
0.0021136291466391107 7.361010598087426e+29
0.002120855229191723 7.412529017409419e+29
0.0021281308903553313 7.471694175398496e+29
0.0021354566421293597 7.538649217590004e+29
0.002142833003587492 7.578488448537367e+29
0.002150260501000274 7.586350919824826e+29
0.002157739667960275 7.595924568967068e+29
0.0021652710455098744 7.634256842430242e+29
0.0021728551822717303 7.670530310314698e+29
0.0021804926345820002 7.709756609527919e+29
0.002188183966626381 7.726394831061415e+29
0.002195929750579041 7.763595503299654e+29
0.0022037305667445078 7.816643950568564e+29
0.002211587003702599 7.859256169527768e+29
0.0022194996584564545 7.899032180920282e+29
0.0022274691365837666 7.938928440294297e+29
0.002235496052391276 7.985235960433594e+29
0.002243581029072618 8.021957284349766e+29
0.0022517246988696155 8.065861613677594e+29
0.002259927703237082 8.11627599916946e+29
0.0022681906930112575 8.163272508804015e+29
0.002276514328581941 8.235645357070839e+29
0.002284899280068431 8.334680239775187e+29
0.002293346227499368 8.41308007076537e+29
0.002301855860996583 8.388678596858417e+29
0.0023104288809630506 8.39100242453413e+29
0.002319065998275062 8.438667668279724e+29
0.0023277679344787207 8.476655253572302e+29
0.0023365354219908813 8.508422713232869e+29
0.0023453692043046465 8.58152521096719e+29
0.0023542700361995406 8.600767475294483e+29
0.0023632386839564914 8.673674910281706e+29
0.00237227592557774 8.704089101947155e+29
0.0023813825510118195 8.76843682357796e+29
0.002390559362383734 8.818596185851664e+29
0.0023998071742304798 8.856890308572893e+29
0.002409126813742055 8.916799704519974e+29
0.002418519121008105 8.981432174997315e+29
0.0024279849492703683 9.034874548273608e+29
0.002437525165181057 9.09580829838762e+29
0.002447140649067373 9.150549716125623e+29
0.0024568322952022927 9.181757011244362e+29
0.0024666010120818252 9.252400361589657e+29
0.0024764477227088985 9.278367239453492e+29
0.0024863733648840844 9.377007976476651e+29
0.002496378891503336 9.451189004172846e+29
0.002506465270862945 9.516103181231169e+29
0.0025166334869719227 9.539321662564565e+29
0.0025268845398720126 9.619604582433623e+29
0.002537219445965558 9.700909383670908e+29
0.0025476392383514536 9.500561094448198e+29
0.002558144967169398 9.802533948537374e+29
0.002568737699952708 9.854433172201334e+29
0.002579418521989934 9.907881496963434e+29
0.002590188536695528 9.979354991033072e+29
0.002601048865989849 1.0047470949511295e+30
0.0026120006506887535 1.0114130414106188e+30
0.002623045050903082 1.0251651825624568e+30
0.0026341832464483184 1.0587197476763113e+30
0.0026454164372647295 1.105921796606835e+30
0.002656745843848304 1.080260268399432e+30
0.0026681727076928127 1.0505526314374216e+30
0.0026796982917433217 1.0522916246831281e+30
0.002691323880861514 1.056743647875241e+30
0.002703050782303177 1.0556403359710699e+30
0.0027148803262082234 1.0692016018574504e+30
0.002726813866103644 1.075323090998995e+30
0.002738852779419775 1.0825054398991693e+30
0.0027509984680203063 1.0875038405635249e+30
0.0027632523587464543 1.0916684935438018e+30
0.002775615903975745 1.0993994249198611e+30
0.0027880905821958605 1.1076167004067042e+30
0.002800677898594036 1.1141585306086949e+30
0.0028133793856624898 1.1203646084260374e+30
0.0028261966038204056 1.1261905127060461e+30
0.002839131142052993 1.1376205853132636e+30
0.0028521846185681795 1.1192826305488776e+30
0.0028653586814714966 1.1475396250747381e+30
0.002878655009459763 1.1562086262677483e+30
0.002892075312534168 1.1662578237326239e+30
0.0029056213327333913 1.1715152682260629e+30
0.0029192948448874306 1.180674960118843e+30
0.0029330976573928086 1.1901489290369656e+30
0.0029470316130098765 1.2018631794407469e+30
0.0029610985896829545 1.2085877800205225e+30
0.0029753005013840716 1.2119060534395335e+30
0.002989639298981104 1.2215442743740048e+30
0.0030041169711311332 1.2272036202967315e+30
0.003018735545199898 1.2117109077264853e+30
0.0030334970882082103 1.2494343813586532e+30
0.0030484037078062852 1.2612684504534478e+30
0.0030634575532769333 1.2763659097717435e+30
0.0030786608165686304 1.2711006387529763e+30
0.0030940157333594967 1.2802564382178376e+30
0.003109524584153278 1.2910652294130588e+30
0.0031251896954084587 1.2608560048364033e+30
0.003141013440701666 1.3074981040782886e+30
0.003156998241926611 1.3039476032406245e+30
0.0031731465705298156 1.3235446575752422e+30
0.003189460948784468 1.3048433617955105e+30
0.0032059439511037675 1.3408573538565115e+30
0.0032225982053952157 1.3504683246753781e+30
0.0032394263944573315 1.3279186969351502e+30
0.003256431257420362 1.3660908797649074e+30
0.003273615591232607 1.3584640831020687e+30
0.003290982252194053 1.3566766035704778e+30
0.003308534157539088 1.3695117202220524e+30
0.0033262742870701287 1.3452294385162326e+30
0.003344205684844092 1.3475138701781506e+30
0.0033623314609137075 1.2983043327733593e+30
0.003380654793125771 1.2800241036377327e+30
0.0033991789289785153 1.2953565972367923e+30
0.0034085173326295548 1.1769804666183834e+30
0.00341790718754038 1.1814083863085476e+30
0.003436842961432571 1.1907460817786353e+30
0.0034559897188778774 1.2000317459203204e+30
0.00347535100581837 1.2100070916898017e+30
0.0034949304481046704 1.2204376799238661e+30
0.003514731753759654 1.2303975475258568e+30
0.0035347587153195387 1.2430189012707181e+30
0.003555015212255467 1.2682667929228825e+30
0.0035755052134788415 1.261507682698205e+30
0.0035962327799337916 1.2705361236432472e+30
0.003617202067280344 1.2768680897725896e+30
0.0036384173286720177 1.2889097889329444e+30
0.0036598829176317346 1.2965761945525948e+30
0.003681603291030142 1.3074977066552485e+30
0.003703583012170621 1.3183122881310597e+30
0.0037258267539854594 1.330151434836205e+30
0.003748339302347909 1.3426644219837127e+30
0.0037711255595050393 1.3531437955452452e+30
0.003794190547636569 1.3643054667693475e+30
0.003817539412545102 1.3763133995889034e+30
0.0038411774274834613 1.3943905852163736e+30
0.0038651099971251032 1.441837570692455e+30
0.003889342661683881 1.4209298908663177e+30
0.003913881101189773 1.424252222522802e+30
0.003938731139927485 1.4381200352667456e+30
0.003963898751045233 1.4487173355915766e+30
0.003989390061341344 1.4614807278931937e+30
0.004015211356236757 1.4766083011862496e+30
0.004041369084941883 1.489266981453764e+30
0.004067869865826747 1.5021061588786876e+30
0.004094720492003822 1.516390621311576e+30
0.004121927937133415 1.5318066009063265e+30
0.004149499361462067 1.5464066170578388e+30
0.0041774421181049095 1.5568603695424258e+30
0.0042057637595835865 1.5676709927432317e+30
0.004234472044631938 1.5828164212727123e+30
0.00426357494528233 1.600075666363857e+30
0.004285666007174984 1.603391052093571e+30
0.004300521002000548 1.613387742419301e+30
0.00431547933592055 1.6193603417723235e+30
0.004330542091019749 1.6301686118125496e+30
0.0043457103645434605 1.632415592157402e+30
0.0043609852691640005 1.6394639530937487e+30
0.004376367933252762 1.6491085909014627e+30
0.004391859501158082 1.6625687901888338e+30
0.0044074611334890155 1.6689330856910796e+30
0.004423174007405198 1.6659781632358944e+30
0.004438999316912909 1.6674915900250353e+30
0.004454938273167533 1.690821456356854e+30
0.004470992104782552 1.699374963675061e+30
0.004487162058145236 1.7020629279372628e+30
0.004503449397739231 1.7104190606151228e+30
0.004519855406474164 1.728654284451117e+30
0.004536381386022515 1.7609434814568018e+30
0.004553028657163882 1.7461532919124598e+30
0.004569798560136862 1.7475765631505302e+30
0.004586692454998736 1.759800772700111e+30
0.004603711721993166 1.7641944548814968e+30
0.004620857761926101 1.7754029724784642e+30
0.004638131996550124 1.78602788481091e+30
0.004655535868957441 1.7894387455442464e+30
0.004673070843981763 1.8048936457400117e+30
0.004690738408609293 1.8144448491154024e+30
0.004708540072399081 1.8138543250065946e+30
0.004726477367912983 1.821990531099496e+30
0.00474455185115548 1.826160956397265e+30
0.004762765102023639 1.8342007523440566e+30
0.004781118724767468 1.8483650083656593e+30
0.0047996143484609595 1.858486833571856e+30
0.00481825362748411 1.8687808576212187e+30
0.00483703824201621 1.8717360654409746e+30
0.0048559698985407365 1.8834297751159433e+30
0.004875050330362114 1.8867887438611952e+30
0.004894281298134746 1.900562912430146e+30
0.004913664590404585 1.9148994894748003e+30
0.004927324499909285 1.9351656084189656e+30
0.004937128169825539 1.9354805961537605e+30
0.004952895445417797 1.9421310090361885e+30
0.004972746729768169 1.9393847267005503e+30
0.004992757783006672 1.9530777527536832e+30
0.00501293054172589 1.957676434408358e+30
0.0050332669739438455 1.9708551197335972e+30
0.005053769079744025 1.9815837135933988e+30
0.005074438891931116 1.9939187511760488e+30
0.005095278476702907 1.998208094040346e+30
0.005116289934338796 2.0130287001020707e+30
0.005137475399905416 2.0185371616218987e+30
0.005158837043979868 2.0290725748147888e+30
0.005180377073391056 2.0494121729632023e+30
0.005202097731979698 2.0526583762446812e+30
0.005224001301377507 2.0616193402298917e+30
0.005246090101806164 2.0706444138045484e+30
0.005268366492896637 2.0895201132971921e+30
0.005290832874529459 2.091198465507159e+30
0.005313491687696608 2.1044865565504706e+30
0.005336345415385625 2.0948014897981338e+30
0.005359396583486643 2.1403927099207302e+30
0.005382647761723028 2.1561574259044947e+30
0.005406101564606354 2.163457348133012e+30
0.005429760652416447 2.18069582339278e+30
0.005453627732207288 2.189595543377477e+30
0.00547770555883955 2.2002457365676622e+30
0.0055019969360406125 2.210815746961869e+30
0.005526504717492909 2.221727661556894e+30
0.00555123180795149 2.239880665059271e+30
0.005576181164391721 2.246625718438451e+30
0.005601355797188072 2.26326761419883e+30
0.0056267587713249795 2.2774202274985004e+30
0.005652393207640811 2.2954521083845095e+30
0.005678262284105986 2.3004925791806906e+30
0.005704369237136359 2.3153369350701767e+30
0.005730717362942993 2.3297085757743448e+30
0.005757310018919526 2.3456189067248816e+30
0.005784150625068336 2.3528810977171098e+30
0.005811242665466783 2.3633459525530676e+30
0.005838589689774861 2.3848606431733928e+30
0.005866195314785617 2.3181237113031386e+30
0.005894063226019753 2.4032200421764332e+30
0.005922197179365909 2.3879276230616417e+30
0.005950601002768143 2.2702142985715277e+30
0.00597064633819614 2.294269070670878e+30
0.005982161567392276 2.4550774492554267e+30
0.0060082339422622665 2.329192167453109e+30
0.006037471090399796 2.4601607352390327e+30
0.006066994176416421 2.3813648755098263e+30
0.0060968074156125705 2.3198372455068894e+30
0.0061269151065538666 2.4501448619781717e+30
0.006157321633137261 2.465067021227292e+30
0.006188031466718993 2.4155541065729074e+30
0.006219049168306556 2.4831660558340106e+30
0.0062535297836550305 2.4761762030214605e+30
0.006278847718001812 2.4945603352411917e+30
0.006307576558602736 2.5274878776551727e+30
0.006346293141059631 2.3430012177860958e+30
0.006378921897568936 2.5725406812941363e+30
0.006411887902207535 2.5874979417197705e+30
0.0064451964107904314 2.522432322675372e+30
0.006478852788914663 2.5155647323541214e+30
0.006512862514840724 2.6346316772429756e+30
0.006547231182465214 2.385560367129064e+30
0.006581964504388106 2.4473375355455532e+30
0.006617068315078176 2.6201754453156585e+30
0.006652548574140257 2.614390744817467e+30
0.006688411369688184 2.574964904846403e+30
0.006724662921827415 2.559739062979045e+30
0.006761309586251542 2.7103569638336807e+30
0.006798357857957031 2.6634709909814987e+30
0.00683581437508076 2.7472540691482773e+30
0.006873685922865142 2.5975292971029087e+30
0.006911979437755755 2.817102509503448e+30
0.00695070201163674 2.6493663994705885e+30
0.006989860896209341 2.661169070043227e+30
0.007029463507519308 2.8279243851465786e+30
0.007069517430639077 2.878994171595094e+30
0.007110030424510934 2.594068398733381e+30
0.007151010426957683 2.8900431084742067e+30
0.007192465559867583 2.565536040081787e+30
0.007234404134560688 2.5269081235404765e+30
0.007276834657344035 2.8735936944576004e+30
0.007319765835263469 2.810790346093487e+30
0.007363206582060284 2.999840974682866e+30
0.007398332194854848 2.5347915557512153e+30
0.007420456394002141 2.605787846449828e+30
0.007451653507970919 2.632768117304677e+30
0.007496678604695818 3.0485622756824956e+30
0.0075422511190100785 3.0334027308512263e+30
0.007588381095273138 2.7680416926820817e+30
0.007635078825090204 3.0727635561674965e+30
0.0076823548549669225 2.7982894442922115e+30
0.0077302199942502065 3.062087567902282e+30
0.007778685323367762 3.0232386864756267e+30
0.007827762202379546 2.6884267689101784e+30
0.00787746227985497 2.602640353897229e+30
0.007927797502090467 2.858351321587852e+30
0.007978780122682688 4.1275568326174674e+30
0.008030422712473515 1.5916002068440097e+30
0.008082738169883766 1.746697843638091e+30
0.008135739731653494 3.0812081804357925e+30
0.008178644094114423 2.874018450465044e+30
0.00820568987484893 3.001915782406833e+30
0.00824385587426683 3.0025222082061413e+30
0.008298998722924134 3.3346621487979786e+30
0.008354884236209819 3.2220305997664615e+30
0.008411527519167173 3.3683676264111894e+30
0.008468944089263877 3.185038529867669e+30
0.00852714989056466 3.1224233895406e+30
0.008574293773857346 3.351720868030377e+30
0.008604024334793051 3.339052498396373e+30
0.008645995185206676 3.1802512569889636e+30
0.00870666883562918 3.0639073868423824e+30
0.008768200064149526 3.341235255339465e+30
0.00883060718204383 3.386703042671554e+30
0.00889390902564271 3.210626325901087e+30
0.00895812497528634 2.953250872591275e+30
0.009023274975106603 3.9019466111288623e+30
0.009089379553678813 2.2612325275524926e+30
0.009156459845587881 2.994081822206835e+30
0.009224537613956566 3.729355949563677e+30
0.009293635273986202 2.972200284100072e+30
0.009363775917563457 3.256117677328608e+30
0.009434983338989794 3.3030757027278624e+30
0.00950728206189393 3.698080192321709e+30
0.00958069736739118 3.1954163361874045e+30
0.00965525532355765 3.7385932027105114e+30
0.009730982816291435 3.7120634056386105e+30
0.009807907581637612 3.753485640645944e+30
0.00988605823965863 3.69600524527317e+30
0.009965464329937012 5.339379574889448e+30
0.010046156348802899 1.6833676547175758e+30
0.010128165788384963 2.3541611535392836e+30
0.010211525177589779 2.9117601037657984e+30
0.010296268125121643 3.881248400105161e+30
0.01038242936466241 3.954575036996875e+30
0.010470044802338886 3.3516260954628233e+30
0.01055915156661411 2.653663942138848e+30
0.010649788060748138 3.5831391115011e+30
0.010741994017984053 3.8839909288560956e+30
0.010835810559625835 3.553640213370447e+30
0.010931280256186414 3.8718092744325216e+30
0.011028447191796959 3.1863879834034257e+30
0.011127357032082135 3.0159994393242606e+30
0.011228057095720887 4.05369249056731e+30
0.011330596429928385 4.1946040689054345e+30
0.011435025890112055 3.498730081622239e+30
0.011541398223973562 4.161463891773434e+30
0.0116497681603489 4.32349927132539e+30
0.011760192503101024 4.1901843821461504e+30
0.011872730230403425 4.42479130161778e+30
0.011987442599779304 3.12855242700616e+30
0.012104393259289347 2.5037885013773623e+30
0.012223648365292198 3.41243279779354e+30
0.012345276707235403 4.289036716428205e+30
0.012469349839971437 3.060680941797808e+30
0.012595942224133586 3.340760626411808e+30
0.012725131375150339 3.766167777381983e+30
0.012856998021524953 4.404471119347465e+30
0.012991626273059246 3.7282428031601e+30
0.013129103799758285 6.472480559823182e+30
0.013269522022215595 5.414104500965678e+30
0.013412976314347654 3.388859151160246e+30
0.013559566219422493 4.069278168108253e+30
0.013709395680410585 2.1078009347603202e+30
0.013862573285778302 2.2240578112643334e+30
0.01401921253194529 2.14968505755772e+30
0.014179432103738948 1.9923824666832487e+30
0.014343356174302404 2.0158452161668278e+30
0.014511114726048631 2.0096092403671465e+30
0.014682843894404236 2.0394747994112124e+30
0.01485868633625339 1.7902339765310018e+30
0.015038791625177673 2.0987991157234696e+30
0.015223316675793349 2.1025340949573053e+30
0.015412426199716249 2.0970252332469674e+30
0.015606293195939095 2.635966283685867e+30
0.01580509947868991 7.774298366145149e+29
0.016009036246156877 1.986730269604263e+30
0.01621830469381906 1.9070555207771222e+30
0.016433116676518648 7.804803494982122e+29
0.01665369542385447 1.6478943522751123e+30
0.01688027631397494 1.8760528539668442e+30
0.0170895359377019 2.0978206368496968e+30
0.017328216607222877 2.2227212155281382e+30
0.01759858594435685 1.5780417977610945e+30
0.017851803008304433 1.7629909700922434e+30
0.018112413271199387 1.908880528396106e+30
0.0183807453196616 1.7354069001720254e+30
0.01865714750491967 1.4940176906922595e+30
0.018855627797525195 1.539661866792974e+30
0.019087697062725506 1.8425954564858164e+30
0.019385942329330594 1.6324665603549637e+30
0.01969365569963743 1.3509876934935383e+30
0.020011295307696096 1.3992403939714398e+30
0.020339349329133737 2.712963648242232e+30
0.0206783384846193 1.1073244725218051e+30
0.02102881879791793 1.880738618659075e+30
0.021391384639261345 1.0247905078934642e+30
0.021766672089072948 1.4093132491775526e+30
0.022155362662092108 1.3468752173457518e+30
0.02255818743776651 1.8234170706779506e+29
0.022975931649577 1.3121144196853481e+29
0.02340943979390864 1.4031694616289997e+30
0.023859621328406883 1.4545963239529958e+30
0.024232427911663242 1.337939714696486e+30
0.02451976895409403 8.354788896834221e+29
0.02481400618154316 1.2947014298786462e+30
0.02532041447096241 7.990742146726839e+29
0.025847923105774124 5.4559520631141304e+29
0.026397878916535274 1.0880304620473791e+30
0.026971745849503438 4.285187537509096e+29
0.02750998468020306 1.0051342531786917e+30
0.028133793856624897 3.0911967478952192e+29
0.028853495559933908 4.892017729563624e+29
0.02940048125775256 5.181008749511877e+29
0.029968606499448262 4.921190355249122e+29
0.030634575532769333 3.522191122949549e+29
0.031410134407016656 3.002940326817664e+29
0.032225982053952155 5.134259647231453e+29
0.03308534157539088 3.536900615759187e+29
0.03389891554855623 3.572091311171599e+29
0.034753510058183695 7.916450808715823e+28
0.03565230773210224 4.0689799987181855e+29
0.036707109736010594 3.33002936503886e+29
0.037826228935279205 5.380830964376619e+29
0.039015732989847736 1.9960291502945722e+29
0.040282477567440196 2.3418937814736257e+29
0.041219279371334155 8.928475110580289e+28
0.04191555098233642 1.4157769084639879e+29
0.04278276927852269 8.0353045413149e+28
0.043686630601308375 1.5041169025213916e+29
0.04446954512821354 1.669645134019515e+29
0.04528103317799847 3.4529954170421256e+29
0.04612268806978283 9.938075126605956e+28
0.04699622382868023 1.2074122832011604e+29
0.047719242656813765 6.693526763917269e+28
0.048276276617788244 3.1852926567199796e+29
0.04923413924909357 1.0317325454467333e+29
0.050434971913705606 6.088872482034916e+28
0.05169584621154825 2.9519654862700106e+28
0.05302138072979307 2.683478725025559e+28
0.053943491699006876 1.463002956241202e+28
0.05465640128093207 1.373596239015065e+28
0.05563678516041067 1.4365753064152065e+28
0.05639546859441627 1.3545456992765401e+28
0.0574398291239425 1.3260425479347122e+28
0.059080967098912286 1.1532585557929533e+28
0.06052196629644673 1.0489654879764118e+28
0.06142080738005733 1.0710150517439585e+28
0.06266163177157363 1.0721950197751567e+28
0.06395362417923495 2.869369759665412e+27
0.06495813136529624 9.047685964028121e+27
0.06670431769232033 4.8186202753755536e+27
0.0681703466525911 4.836934704553957e+27
0.068927794948731 6.263222220923447e+27
0.07009606265972644 6.814373475678637e+27
0.07171678087151202 6.064075469511848e+27
0.07298237112218577 2.578055525863651e+27
0.0747409824745276 4.4706807046155035e+27
0.07658643883192334 3.343490440878176e+27
0.07803146597969547 5.54808109286052e+27
0.08004518123078438 5.291126179825013e+27
0.08216558338259325 5.179634071024971e+27
0.0844013815698747 3.137153216550576e+27
0.08676225937602504 3.897281698445101e+27
0.08862145064836843 2.986482142050787e+27
0.09056206635599694 3.406552586120078e+27
0.09258957530426552 2.814607574352125e+27
0.09399244765736046 2.5724374880702954e+27
0.09470994725779831 2.2431983677307716e+27
0.09692971164665297 2.1519555458340634e+27
0.09769293772261087 2.225648945098572e+27
0.09925602472617263 1.9733297390615146e+27
0.10253721562621142 1.7727862116952886e+27
0.10514409398958967 1.592534155043606e+27
0.10883336044536475 1.4173105646031627e+27
0.11279093718883254 1.1298366005621247e+27
0.114879658247885 1.1682809689256535e+27
0.11704719896954321 1.0770693058766862e+27
0.11929810664203443 8.55574182084775e+26
0.12163728520364293 8.767384918706314e+26
0.1240700309077158 6.770588142195134e+26
0.12660207235481205 4.7820995598471424e+26
0.12923961552887062 4.5533513050059726e+26
0.1319893945826764 4.320638208881033e+26
0.1363406933051822 4.103304463194416e+26
