#"E (kev)" "Fv (kev/s/cm^2/kev)"
1.240700309077158e-07 3.0901697350333843e+21
1.2522207398840916e-07 3.1476083245585526e+21
1.2638283682155016e-07 3.2064407637173427e+21
1.2755220613520696e-07 3.2658994990457784e+21
1.2873005904515024e-07 3.3265276948929435e+21
1.2991626273059247e-07 3.3881334628586954e+21
1.3112453065706595e-07 3.4514312271892175e+21
1.3232725139474809e-07 3.5151934019340384e+21
1.335522399437199e-07 3.5804713172473374e+21
1.3480012049947392e-07 3.647639993262463e+21
1.360417005567059e-07 3.715158065012215e+21
1.373063644397032e-07 3.7846237873570196e+21
1.3856380490028567e-07 3.8541845135988606e+21
1.3984448930085188e-07 3.9259804002495596e+21
1.4114906815439796e-07 3.999500166129427e+21
1.4244550046810078e-07 4.0731161978910587e+21
1.437659686068549e-07 4.1491186407600895e+21
1.4509417718128381e-07 4.226160540528701e+21
1.4644715640665228e-07 4.3052175899620734e+21
1.4779038821645716e-07 4.384489654190551e+21
1.4915848870848257e-07 4.4661400164224787e+21
1.505521549662854e-07 4.5499280369376344e+21
1.519348896739111e-07 4.6339891979100115e+21
1.5334325906280533e-07 4.7203705312270504e+21
1.5475867644719446e-07 4.807685063740499e+21
1.562004669617472e-07 4.897687913264348e+21
1.5764934041641146e-07 4.989216495128513e+21
1.591049383274119e-07 5.081853914385848e+21
1.605668835352864e-07 5.175466407756291e+21
1.6205594423682836e-07 5.271794722513726e+21
1.6355131941433667e-07 5.369639395715207e+21
1.6507454883943029e-07 5.469991133462567e+21
1.6660404311496683e-07 5.572132370195859e+21
1.6813935615627564e-07 5.675038043955961e+21
1.697032292541592e-07 5.781165824883389e+21
1.7127282013765298e-07 5.888740584259278e+21
1.728476329168512e-07 5.997319802843953e+21
1.7445167450466224e-07 6.109396766408933e+21
1.760607789239617e-07 6.222526940091513e+21
1.776998437520994e-07 6.338906725261208e+21
1.793437856428387e-07 6.456747241517672e+21
1.8099202174721489e-07 6.575877228986512e+21
1.826708346697818e-07 6.698619976217829e+21
1.8435368634133107e-07 6.822455310444401e+21
1.8606783279501472e-07 6.949933407051035e+21
1.877857286328376e-07 7.078874114875137e+21
1.895356414722209e-07 7.211508216355675e+21
1.9128897765605273e-07 7.345311778339854e+21
1.9304501463780272e-07 7.480989850752808e+21
1.948335912495537e-07 7.620171308638754e+21
1.9662445468734676e-07 7.760896629467761e+21
1.9844854591765164e-07 7.905583488046413e+21
2.0030679836570198e-07 8.054406904369854e+21
2.0213429603733432e-07 8.201882723669445e+21
2.040289934348229e-07 8.356642188939046e+21
2.058911896908659e-07 8.509452149648931e+21
2.078224973328573e-07 8.669907667485492e+21
2.0971945724766025e-07 8.828928078883542e+21
2.1168747808857839e-07 8.995584673414403e+21
2.136191992212738e-07 9.160278629139698e+21
2.1562396751427842e-07 9.333237562417789e+21
2.1759037339129395e-07 9.504148845312407e+21
2.196318479513468e-07 9.683227603182052e+21
2.2163278118563024e-07 9.860438726383059e+21
2.237108382757227e-07 1.0046375478267008e+22
2.2578713540985587e-07 1.023365421199378e+22
2.278604791693587e-07 1.042262682211799e+22
2.299722537677772e-07 1.0616533545800992e+22
2.3208011767249495e-07 1.0812186013511226e+22
2.3422697924809479e-07 1.1013011997728845e+22
2.3641393084549503e-07 1.1219901536301448e+22
2.3859621328406886e-07 1.1427851160415166e+22
2.408191593705664e-07 1.164178622815638e+22
2.4303629952539824e-07 1.1856816998642644e+22
2.4529464394566194e-07 1.207859450825607e+22
2.4754595153175537e-07 1.2301166457666182e+22
2.4983896678960086e-07 1.2530052618182078e+22
2.5217485956852805e-07 1.276558863337032e+22
2.5450262750300677e-07 1.3002302247412429e+22
2.568205980288052e-07 1.324034282938156e+22
2.5923533411557833e-07 1.3490408663858207e+22
2.616407231288819e-07 1.3741913982966253e+22
2.640349668178672e-07 1.3994567515976336e+22
2.664734340801456e-07 1.4254432198439782e+22
2.689573616035461e-07 1.4521258634877082e+22
2.7142863904553885e-07 1.478939267277694e+22
2.739457516178313e-07 1.5064736623582478e+22
2.765099864223664e-07 1.5348184902976433e+22
2.790598985778583e-07 1.56325801333584e+22
2.815933520374848e-07 1.5917684791795979e+22
2.8423832968548866e-07 1.621767116349429e+22
2.868671234860481e-07 1.6519062638991283e+22
2.895449962840509e-07 1.6829934805010287e+22
2.9220450048920346e-07 1.71399806749728e+22
2.949133133057186e-07 1.7458814057687313e+22
2.976014173847825e-07 1.7779503202365268e+22
3.0041169711311335e-07 1.8116406024636887e+22
3.031273660095671e-07 1.844484636709818e+22
3.0596801703505746e-07 1.879211371006717e+22
3.0878554232880985e-07 1.9139838587299755e+22
3.116554406121974e-07 1.949801546990285e+22
3.144994446329932e-07 1.985478227620724e+22
3.1747704940561877e-07 2.023294624715029e+22
3.203460648275647e-07 2.0599946903610544e+22
3.2335165730444563e-07 2.0989699244878683e+22
3.263283295836818e-07 2.137623133411819e+22
3.2936031565626706e-07 2.17761819069734e+22
3.3236011494164423e-07 2.2174119853610875e+22
3.3550576232481283e-07 2.259644580382185e+22
3.3861907998830734e-07 2.301646662153775e+22
3.41696587462726e-07 2.343831755091855e+22
3.4492641342150627e-07 2.3883330184880497e+22
3.480225270903669e-07 2.431416177750533e+22
3.5127415319285333e-07 2.477086901642738e+22
3.5458711319724434e-07 2.5238844590720524e+22
3.578599103193418e-07 2.570819150613919e+22
3.610885649235035e-07 2.617270683148234e+22
3.644830520203167e-07 2.666861190631182e+22
3.6783288143408183e-07 2.7161323053224355e+22
3.712448560972944e-07 2.7667741426866763e+22
3.7472072155758324e-07 2.8187423305026958e+22
3.781470006330869e-07 2.8705348801449567e+22
3.816365146346226e-07 2.9237906588849903e+22
3.8519103044928846e-07 2.978356537360095e+22
3.886905730191598e-07 3.0328161572644815e+22
3.923783393665902e-07 3.0906666462799473e+22
3.9601031250467857e-07 3.1479133474102274e+22
3.9958141999264346e-07 3.2051675428574363e+22
4.033486050315858e-07 3.265700734535954e+22
4.070539071775453e-07 3.3261001632231847e+22
4.1082791691296625e-07 3.388080333676115e+22
4.146725631942373e-07 3.4519050119245556e+22
4.1844867085232985e-07 3.514874008582337e+22
4.222941828036617e-07 3.5798081422407443e+22
4.262110302566671e-07 3.6465655369216054e+22
4.302012167396526e-07 3.7151580650122148e+22
4.3411487371489084e-07 3.783017420906992e+22
4.382551427330124e-07 3.855557116527163e+22
4.423174007405198e-07 3.927264875372584e+22
4.462950752076108e-07 3.9983788389869426e+22
4.505084637171961e-07 4.074180018495323e+22
4.546355108380938e-07 4.149218023010074e+22
4.5883887170013237e-07 4.226289925478074e+22
4.631206827462329e-07 4.305393227937305e+22
4.6730708439817624e-07 4.383483958657237e+22
4.717491669494897e-07 4.4673719803916545e+22
4.760937486865533e-07 4.550004292648204e+22
4.80519097241347e-07 4.635323041699553e+22
4.848379480567245e-07 4.718652910213021e+22
4.894281298134746e-07 4.8083807395294174e+22
4.939093587090598e-07 4.8971103682163965e+22
4.984734066199911e-07 4.987847651999152e+22
5.031225908666497e-07 5.0816388995900796e+22
5.078593160364953e-07 5.1773728006070075e+22
5.124743118864758e-07 5.271947233950925e+22
5.171739512618416e-07 5.3690912349384646e+22
5.219605843824813e-07 5.469016059576136e+22
5.268366492896637e-07 5.5714154474967075e+22
5.318046759867801e-07 5.67728695699523e+22
5.366350817807777e-07 5.780907055014141e+22
5.415540415002872e-07 5.887362985231773e+22
5.465640128093207e-07 5.996867264515093e+22
5.516675451654772e-07 6.1094498956443264e+22
5.568672841459416e-07 6.224992747950948e+22
5.61911371864655e-07 6.338194799113701e+22
5.670476732528144e-07 6.4546233353825925e+22
5.722787403492427e-07 6.574284614705212e+22
5.776072202407626e-07 6.6974180150931186e+22
5.830358595287397e-07 6.823899791176068e+22
5.882884348398094e-07 6.947368216764724e+22
5.939206840962939e-07 7.081034899780023e+22
5.993721299889652e-07 7.211538219023865e+22
6.049245778045626e-07 7.3457693126893324e+22
6.105808607663179e-07 7.48368692388364e+22
6.160378893133854e-07 7.61817240920183e+22
6.219049168306556e-07 7.763861846661777e+22
6.275671770749408e-07 7.90592101164261e+22
6.333334911062573e-07 8.052156111364508e+22
6.392067537749397e-07 8.201922100710988e+22
6.451899683188549e-07 8.356195290305361e+22
6.512862514840725e-07 8.514806918874879e+22
6.571505874349354e-07 8.66899259884347e+22
6.631214906879519e-07 8.827187949549317e+22
6.692018927061262e-07 8.990033637570623e+22
6.753948334660632e-07 9.156960256191691e+22
6.81703466525911e-07 9.328791603752083e+22
6.881310643800101e-07 9.505681454194283e+22
6.946810241193494e-07 9.687446030903588e+22
7.009606265972645e-07 9.863381435653955e+22
7.073547942287105e-07 1.0044219071425319e+23
7.138666910685604e-07 1.0229942687796202e+23
7.20499598767223e-07 1.0420750431557741e+23
7.272569220850868e-07 1.0617391725360665e+23
7.341421947202118e-07 1.0819519671453821e+23
7.407166024341242e-07 1.1013948313301996e+23
7.474098247452758e-07 1.1213725465987367e+23
7.546838862999744e-07 1.1432983420299674e+23
7.616330933561436e-07 1.1644756441468618e+23
7.687114678297137e-07 1.1862070505827568e+23
7.754376931732238e-07 1.2070665174535415e+23
7.827762202379546e-07 1.2300050126342421e+23
7.902549739344955e-07 1.2536431830790673e+23
7.97365237196117e-07 1.2762997200693936e+23
8.046046102964707e-07 1.2995821772557976e+23
8.119766420662028e-07 1.3234849300912839e+23
8.194850126005006e-07 1.3480789213805047e+23
8.27133539384772e-07 1.3733665256042868e+23
8.349261837665936e-07 1.3993742455291614e+23
8.428670577969822e-07 1.4261267065344145e+23
8.503771823695394e-07 1.4516668302775336e+23
8.586161308492443e-07 1.4798965251696255e+23
8.664108303611438e-07 1.5068918172816657e+23
8.743483503010276e-07 1.534648165238886e+23
8.82432652259714e-07 1.563142880308337e+23
8.906678457122455e-07 1.592485906230496e+23
8.990581949834478e-07 1.622634991999294e+23
9.069446703780395e-07 1.6512387777740236e+23
9.156459845587882e-07 1.6830592984247784e+23
9.238274825593135e-07 1.713269638580263e+23
9.328573752459835e-07 1.7469079195287055e+23
9.413507656124112e-07 1.7788436350929237e+23
9.500002366593859e-07 1.811717795612379e+23
9.588101306624096e-07 1.8454005784703674e+23
9.677849524782824e-07 1.8801298752338127e+23
9.761607467168827e-07 1.9127444546787113e+23
9.85464899981857e-07 1.949572280195271e+23
9.949481227563416e-07 1.9871194719797744e+23
1.0038028390591892e-06 2.0227425832247018e+23
1.0128165788384964e-06 2.0592628877201082e+23
1.0228361987445655e-06 2.1000562531536725e+23
1.032196596570015e-06 2.1388007190954184e+23
1.0417298984694862e-06 2.178532883425059e+23
1.0514409398958968e-06 2.219210992143332e+23
1.0613347383038135e-06 2.2612273232402118e+23
1.0704920699544072e-06 2.3004817007811508e+23
1.0807493981508345e-06 2.3446831923861006e+23
1.090246317291e-06 2.3860123488801153e+23
1.1008875856940178e-06 2.4328789098950136e+23
1.110743338475522e-06 2.4766958727759035e+23
1.1207771536379026e-06 2.5215849149680826e+23
1.1320258294499618e-06 2.572594278685597e+23
1.1424496400342154e-06 2.619960880133797e+23
1.1530672017445707e-06 2.6689569742432047e+23
1.162793166895181e-06 2.7142346683813064e+23
1.1737940483227605e-06 2.7658609542332944e+23
1.1850050707518223e-06 2.8189085942937803e+23
1.195279681191867e-06 2.8679578175963993e+23
1.2069069154447063e-06 2.924095681828813e+23
1.2175665447273387e-06 2.9759876136778296e+23
1.2296336066175994e-06 3.0350556960793536e+23
1.240700309077158e-06 3.090169735033384e+23
1.2522207398840917e-06 3.1476083245585524e+23
1.2638283682155018e-06 3.206440763717343e+23
1.2755220613520694e-06 3.265899499045779e+23
1.2873005904515026e-06 3.326527694892943e+23
1.2991626273059246e-06 3.388133462858696e+23
1.3112453065706595e-06 3.4514312271892174e+23
1.323272513947481e-06 3.5151934019340384e+23
1.3355223994371992e-06 3.580471317247337e+23
1.3480012049947394e-06 3.647639993262463e+23
1.3604170055670592e-06 3.7151580650122146e+23
1.3730636443970317e-06 3.78462378735702e+23
1.3856380490028568e-06 3.85418451359886e+23
1.398444893008519e-06 3.92598040024956e+23
1.4114906815439797e-06 3.999500166129427e+23
1.4244550046810078e-06 4.073116197891059e+23
1.4376596860685492e-06 4.1491186407600895e+23
1.4509417718128384e-06 4.226160540528701e+23
1.4644715640665227e-06 4.3052175899620735e+23
1.477903882164572e-06 4.3844896541905504e+23
1.4915848870848259e-06 4.466146892522563e+23
1.5055215496628538e-06 4.549928036937634e+23
1.5193488967391111e-06 4.6339891979100115e+23
1.5334325906280534e-06 4.7203705312270504e+23
1.5475867644719446e-06 4.8076850637405e+23
1.562004669617472e-06 4.8976879132643475e+23
1.5764934041641144e-06 4.989216495128512e+23
1.5910493832741191e-06 5.0818539143858475e+23
1.605668835352864e-06 5.175466407756291e+23
1.6205594423682838e-06 5.271794722513726e+23
1.6355131941433667e-06 5.369639395715206e+23
1.650745488394303e-06 5.469991133462567e+23
1.6660404311496684e-06 5.5721323701958585e+23
1.6813935615627564e-06 5.6750380439559606e+23
1.697032292541592e-06 5.781165824883388e+23
1.7127282013765295e-06 5.8887405842592775e+23
1.728476329168512e-06 5.9973198028439524e+23
1.7445167450466227e-06 6.109396766408933e+23
1.7606077892396168e-06 6.222526940091513e+23
1.7769984375209941e-06 6.338906725261208e+23
1.7934378564283869e-06 6.456747241517672e+23
1.8099202174721486e-06 6.575877228986511e+23
1.8267083466978182e-06 6.698619976217829e+23
1.8435368634133106e-06 6.8224553104444e+23
1.8606783279501468e-06 6.949933407051036e+23
1.877857286328376e-06 7.078874114875137e+23
1.8953564147222088e-06 7.211508216355676e+23
1.912889776560527e-06 7.345311778339855e+23
1.930450146378027e-06 7.480989850752807e+23
1.948335912495537e-06 7.620171308638754e+23
1.9662445468734675e-06 7.760896629467761e+23
1.9844854591765163e-06 7.905583488046413e+23
2.0030679836570197e-06 8.054406904369854e+23
2.0213429603733433e-06 8.201882723669444e+23
2.040289934348229e-06 8.356642188939046e+23
2.058911896908659e-06 8.509452149648932e+23
2.078224973328573e-06 8.669907667485492e+23
2.0971945724766024e-06 8.82904121333362e+23
2.116874780885784e-06 8.995584673414403e+23
2.1361919922127376e-06 9.160278629139697e+23
2.156239675142784e-06 9.33323756241779e+23
2.1759037339129394e-06 9.504148845312406e+23
2.196318479513468e-06 9.683227603182052e+23
2.216327811856302e-06 9.860438726383059e+23
2.237108382757227e-06 1.0046375478267009e+24
2.2578713540985587e-06 1.023367046233076e+24
2.2786047916935868e-06 1.0422626822117989e+24
2.299722537677772e-06 1.061653354580099e+24
2.3208011767249496e-06 1.0812202263867105e+24
2.3422697924809475e-06 1.1013011997728845e+24
2.3641393084549505e-06 1.1219901536301448e+24
2.385962132840688e-06 1.1427851160415166e+24
2.408191593705664e-06 1.164178622815638e+24
2.4303629952539826e-06 1.1856816998642644e+24
2.4529464394566192e-06 1.207859450825607e+24
2.4754595153175536e-06 1.2301166457666183e+24
2.498389667896009e-06 1.2530052618182078e+24
2.5217485956852803e-06 1.276558863337032e+24
2.5450262750300675e-06 1.3002302247412428e+24
2.568205980288052e-06 1.324034282938156e+24
2.5923533411557833e-06 1.3490408663858207e+24
2.616407231288819e-06 1.3741913982966252e+24
2.6403496681786724e-06 1.3994567515976335e+24
2.6647343408014564e-06 1.425443219843978e+24
2.6895736160354607e-06 1.4521258634877082e+24
2.714286390455388e-06 1.478939267277694e+24
2.739457516178313e-06 1.5064736623582476e+24
2.765099864223664e-06 1.5348184902976433e+24
2.790598985778583e-06 1.56325801333584e+24
2.8159335203748477e-06 1.5917677915653947e+24
2.8423832968548867e-06 1.621767116349429e+24
2.868671234860481e-06 1.6519062638991283e+24
2.8954499628405087e-06 1.6829934805010288e+24
2.922045004892035e-06 1.713997379881933e+24
2.9491331330571854e-06 1.7458814057687313e+24
2.976014173847824e-06 1.777950320236527e+24
3.004116971131133e-06 1.8116406024636888e+24
3.0312736600956705e-06 1.844484636709818e+24
3.059680170350575e-06 1.879211371006717e+24
3.0878554232880982e-06 1.9139838587299757e+24
3.116554406121974e-06 1.9498015469902693e+24
3.1449944463299315e-06 1.985478227620724e+24
3.1747704940561875e-06 2.023294624715029e+24
3.203460648275647e-06 2.0599946903610545e+24
3.233516573044457e-06 2.0989699244878685e+24
3.2632832958368175e-06 2.1376231334118192e+24
3.29360315656267e-06 2.1776181906973403e+24
3.3236011494164426e-06 2.2174119853610877e+24
3.355057623248129e-06 2.2596445803821849e+24
3.386190799883073e-06 2.3016466621537748e+24
3.4169658746272594e-06 2.343831755091855e+24
3.449264134215063e-06 2.3883330184880498e+24
3.480225270903669e-06 2.4314161777505326e+24
3.5127415319285334e-06 2.4770869016427376e+24
3.5458711319724436e-06 2.523884459072053e+24
3.5785991031934176e-06 2.5708191506139193e+24
3.610885649235035e-06 2.6172706831482344e+24
3.6448305202031668e-06 2.666861190631182e+24
3.6783288143408182e-06 2.716132305322436e+24
3.7124485609729446e-06 2.7667741426866766e+24
3.747207215575832e-06 2.818742330502696e+24
3.7814700063308684e-06 2.8705348801449566e+24
3.8163651463462256e-06 2.9237906588849903e+24
3.851910304492885e-06 2.9783565373601194e+24
3.886905730191597e-06 3.0328161572644816e+24
3.9237833936659015e-06 3.0906666462799473e+24
3.960103125046786e-06 3.1479133474102277e+24
3.995814199926435e-06 3.205167542857436e+24
4.033486050315858e-06 3.265700734535954e+24
4.070539071775453e-06 3.3261001632231845e+24
4.108279169129662e-06 3.388080333676115e+24
4.146725631942373e-06 3.451905011924556e+24
4.184486708523299e-06 3.514874008582337e+24
4.222941828036617e-06 3.5798081422407447e+24
4.2621103025666715e-06 3.646565536921605e+24
4.302012167396526e-06 3.7151580650122146e+24
4.341148737148908e-06 3.783017420907023e+24
4.382551427330124e-06 3.8555571165271625e+24
4.423174007405198e-06 3.9272648753725837e+24
4.462950752076108e-06 3.9983788389869424e+24
4.505084637171961e-06 4.074180018495323e+24
4.546355108380938e-06 4.1492180230100746e+24
4.5883887170013235e-06 4.226289925478073e+24
4.631206827462329e-06 4.3053932279373043e+24
4.6730708439817624e-06 4.383483958657237e+24
4.717491669494898e-06 4.4673719803916543e+24
4.760937486865534e-06 4.550004292648204e+24
4.80519097241347e-06 4.6353230416995527e+24
4.8483794805672445e-06 4.718652910213021e+24
4.894281298134746e-06 4.8083807395294173e+24
4.939093587090597e-06 4.897110368216396e+24
4.984734066199912e-06 4.987847651999152e+24
5.031225908666497e-06 5.08163889959008e+24
5.078593160364953e-06 5.177372800607008e+24
5.124743118864759e-06 5.271947233950924e+24
5.171739512618416e-06 5.369091234938465e+24
5.219605843824813e-06 5.469016059576136e+24
5.268366492896637e-06 5.571415447496708e+24
5.318046759867801e-06 5.67728695699523e+24
5.366350817807777e-06 5.78090705501414e+24
5.415540415002873e-06 5.887362985231773e+24
5.465640128093207e-06 5.996867264515093e+24
5.516675451654771e-06 6.170456381253026e+24
5.568672841459417e-06 6.580422864773514e+24
5.619113718646549e-06 6.97393722113753e+24
5.6704767325281446e-06 7.370582926907752e+24
5.722787403492427e-06 7.770424887512994e+24
5.776072202407626e-06 8.17366245338107e+24
5.8303585952873965e-06 8.580228570832864e+24
5.882884348398094e-06 8.969714408163032e+24
5.939206840962939e-06 9.383414506660952e+24
5.9937212998896524e-06 9.77987998014276e+24
6.0492457780456266e-06 1.0180067805790305e+25
6.105808607663179e-06 1.058392934919974e+25
6.160378893133853e-06 1.09703364125972e+25
6.219049168306557e-06 1.138195166617593e+25
6.275671770749409e-06 1.177591532305321e+25
6.333334911062572e-06 1.2174033086955713e+25
6.392067537749398e-06 1.2575691023648191e+25
6.451899683188549e-06 1.2981840334374565e+25
6.512862514840725e-06 1.3392343581314564e+25
6.571505874349353e-06 1.3784413700992988e+25
6.631214906879519e-06 1.418046837804173e+25
6.692018927061262e-06 1.4581199908702635e+25
6.7539483346606315e-06 1.4985990921666837e+25
6.81703466525911e-06 1.539569909373689e+25
6.8813106438001e-06 1.5810453625738477e+25
6.946810241193494e-06 1.6230095978107167e+25
7.009606265972644e-06 1.662991694422597e+25
7.073547942287104e-06 1.703461681068215e+25
7.138666910685604e-06 1.7444233376702443e+25
7.2049959876722295e-06 1.7858947356507059e+25
7.272569220850868e-06 1.827945769451018e+25
7.341421947202118e-06 1.8705488064268744e+25
7.407166024341242e-06 1.9109816311926734e+25
7.474098247452759e-06 1.951951618069483e+25
7.546838862999745e-06 1.996265850011305e+25
7.616330933561437e-06 2.038435576932226e+25
7.687114678297138e-06 2.081158938966577e+25
7.754376931732238e-06 2.1216098796948838e+25
7.827762202379545e-06 2.1657757513766236e+25
7.902549739344956e-06 2.210662954134133e+25
7.97365237196117e-06 2.253162634084853e+25
8.046046102964708e-06 2.296291473362781e+25
8.119766420662029e-06 2.3400608421962206e+25
8.194850126005006e-06 2.384521565870509e+25
8.27133539384772e-06 2.4296951109019587e+25
8.349261837665935e-06 2.4756149399616466e+25
8.428670577969824e-06 2.5222842072849894e+25
8.503771823695394e-06 2.5663557038645676e+25
8.586161308492443e-06 2.6145310987320763e+25
8.664108303611439e-06 2.660055363063429e+25
8.743483503010276e-06 2.7063520936646473e+25
8.82432652259714e-06 2.753437071336065e+25
8.906678457122455e-06 2.806651737252195e+25
8.99058194983448e-06 2.8652599077174875e+25
9.069446703780395e-06 2.9201205647163357e+25
9.156459845587883e-06 2.980426457071608e+25
9.238274825593134e-06 3.036954544009721e+25
9.328573752459835e-06 3.099102451248479e+25
9.413507656124113e-06 3.1573816418486206e+25
9.500002366593858e-06 3.216624935365572e+25
9.588101306624096e-06 3.2767158470103676e+25
9.677849524782825e-06 3.3378545170077905e+25
9.761607467168829e-06 3.394687875757604e+25
9.85464899981857e-06 3.4579754030292327e+25
9.949481227563417e-06 3.5219965678864255e+25
1.0038028390591894e-05 3.5819198165164936e+25
1.0128165788384964e-05 3.642758516362315e+25
1.0228361987445657e-05 3.7101230235004227e+25
1.032196596570015e-05 3.7732342650821645e+25
1.0417298984694862e-05 3.8501285491599075e+25
1.0514409398958966e-05 3.930818950324465e+25
1.0613347383038135e-05 4.012871170353828e+25
1.0704920699544073e-05 4.088539260765221e+25
1.0807493981508344e-05 4.1728469946039916e+25
1.090246317291e-05 4.250671182190701e+25
1.1008875856940179e-05 4.337686842097098e+25
1.1107433384755221e-05 4.418027347207547e+25
1.1207771536379025e-05 4.499507790740386e+25
1.1320258294499616e-05 4.590798139866073e+25
1.1424496400342155e-05 4.674776598484053e+25
1.1530672017445707e-05 4.7604540658624495e+25
1.162793166895181e-05 4.838778598255712e+25
1.1737940483227607e-05 4.927163984041955e+25
1.1850050707518224e-05 5.016979078024333e+25
1.1952796811918672e-05 5.0991864544865885e+25
1.2069069154447062e-05 5.1921763104189246e+25
1.2175665447273385e-05 5.27728913917747e+25
1.2296336066175995e-05 5.373312877602062e+25
1.2407003090771581e-05 5.461739950644668e+25
1.2522207398840916e-05 5.580875717795194e+25
1.2638283682155017e-05 5.70076805300899e+25
1.2755220613520696e-05 5.820688054771306e+25
1.2873005904515024e-05 5.9411402120025475e+25
1.2991626273059245e-05 6.061949985433639e+25
1.3112453065706594e-05 6.184489041925769e+25
1.3232725139474808e-05 6.306203190433176e+25
1.3355223994371992e-05 6.4294755529927116e+25
1.3480012049947392e-05 6.5547307291279724e+25
1.3604170055670592e-05 6.67899623416271e+25
1.3730636443970319e-05 6.8052843469303645e+25
1.3856380490028569e-05 6.930360862851349e+25
1.398444893008519e-05 7.05770999418898e+25
1.4114906815439796e-05 7.186855053069121e+25
1.424455004681008e-05 7.314819746683255e+25
1.4376596860685493e-05 7.445224666507311e+25
1.4509417718128382e-05 7.5760440353202765e+25
1.4644715640665226e-05 7.708941806072235e+25
1.4779038821645717e-05 7.840764916216814e+25
1.4915848870848256e-05 7.975027857403932e+25
1.5055215496628541e-05 8.111507404438924e+25
1.519348896739111e-05 8.246960895103225e+25
1.5334325906280535e-05 8.384804211318818e+25
1.5475867644719448e-05 8.522979401026417e+25
1.5620046696174718e-05 8.707423273090977e+25
1.5764934041641144e-05 8.904944259940895e+25
1.591049383274119e-05 9.102234044884939e+25
1.605668835352864e-05 9.299133979374574e+25
1.6205594423682837e-05 9.498789011187485e+25
1.6355131941433668e-05 9.698685061908601e+25
1.650745488394303e-05 9.901076495786778e+25
1.6660404311496683e-05 1.010391170538249e+26
1.6813935615627565e-05 1.0306194765086054e+26
1.6970322925415922e-05 1.0511799442550324e+26
1.7127282013765297e-05 1.0717360260190506e+26
1.728476329168512e-05 1.092264303822454e+26
1.7445167450466226e-05 1.1131556818813437e+26
1.760607789239617e-05 1.1340094383656884e+26
1.776998437520994e-05 1.1551981415290063e+26
1.7934378564283868e-05 1.1764079351451454e+26
1.8099202174721487e-05 1.1976024231089535e+26
1.826708346697818e-05 1.2191665467809286e+26
1.8435368634133105e-05 1.2407145092223225e+26
1.860678327950147e-05 1.2626368385513058e+26
1.877857286328376e-05 1.284558280587338e+26
1.895356414722209e-05 1.3068796557626742e+26
1.9128897765605272e-05 1.3291673987143047e+26
1.930450146378027e-05 1.3515107832319159e+26
1.948335912495537e-05 1.3742174721937236e+26
1.9662445468734677e-05 1.396951377810967e+26
1.9844854591765163e-05 1.4200805006273514e+26
2.0030679836570197e-05 1.4436553234804308e+26
2.021342960373343e-05 1.4667998445997625e+26
2.040289934348229e-05 1.4908318960553325e+26
2.0589118969086592e-05 1.5143959906723019e+26
2.0782249733285726e-05 1.5467954153492003e+26
2.0971945724766023e-05 1.5850724066295467e+26
2.116874780885784e-05 1.6245458212972413e+26
2.1361919922127373e-05 1.663009521158404e+26
2.156239675142784e-05 1.702740069081132e+26
2.1759037339129394e-05 1.7414343843544727e+26
2.196318479513468e-05 1.781402250820104e+26
2.216327811856302e-05 1.8203439022789993e+26
2.2371083827572267e-05 1.8605901720045303e+26
2.2578713540985585e-05 1.9005786668363534e+26
2.278604791693587e-05 1.9403523336616343e+26
2.2997225376777723e-05 1.9806210113049063e+26
2.3208011767249497e-05 2.0206648215050838e+26
2.3422697924809478e-05 2.0612503517513253e+26
2.3641393084549505e-05 2.1024626257256147e+26
2.3859621328406886e-05 2.14339001528041e+26
2.4081915937056637e-05 2.184923539547968e+26
2.4303629952539823e-05 2.2261679413197363e+26
2.4529464394566193e-05 2.2681236284534694e+26
2.475459515317554e-05 2.3097498112603174e+26
2.498389667896009e-05 2.3520272459066905e+26
2.5217485956852804e-05 2.394995469669161e+26
2.545026275030068e-05 2.437687181739674e+26
2.5682059802880522e-05 2.4801058952995413e+26
2.5923533411557836e-05 2.5241788055408067e+26
2.616407231288819e-05 2.568005512348907e+26
2.6403496681786724e-05 2.6115241561253564e+26
2.6647343408014564e-05 2.655823798494662e+26
2.6895736160354605e-05 2.700834082005444e+26
2.7142863904553883e-05 2.745567822654024e+26
2.739457516178313e-05 2.7910582729896494e+26
2.7650998642236638e-05 2.8373903268123562e+26
2.790598985778583e-05 2.8834300417503197e+26
2.815933520374848e-05 2.9291095212198663e+26
2.8423832968548864e-05 2.9767547610278724e+26
2.8686712348604812e-05 3.024139190933463e+26
2.8954499628405086e-05 3.072502194750022e+26
2.922045004892035e-05 3.120396971883825e+26
2.9491331330571855e-05 3.1691866408571486e+26
2.9760141738478244e-05 3.217790597425822e+26
3.0041169711311335e-05 3.26846219771307e+26
3.0312736600956707e-05 3.317462455171725e+26
3.059680170350574e-05 3.368811576719809e+26
3.087855423288099e-05 3.4198003874243776e+26
3.1165544061219745e-05 3.505761060495986e+26
3.144994446329932e-05 3.6214912550772626e+26
3.1747704940561877e-05 3.7416266576415894e+26
3.203460648275647e-05 3.856229936693951e+26
3.233516573044457e-05 3.975358931144142e+26
3.2632832958368175e-05 4.0919859184779995e+26
3.2936031565626704e-05 4.209973723860498e+26
3.3236011494164424e-05 4.325580143626704e+26
3.355057623248129e-05 4.445899572288024e+26
3.386190799883073e-05 4.5637918865811905e+26
3.4169658746272596e-05 4.6796731004667974e+26
3.4492641342150625e-05 4.800142855633365e+26
3.480225270903669e-05 4.9147611591847284e+26
3.5127415319285335e-05 5.0342592359324355e+26
3.5458711319724434e-05 5.154920170135877e+26
3.578599103193418e-05 5.27353903442364e+26
3.610885649235035e-05 5.389479317132343e+26
3.644830520203167e-05 5.510853484626752e+26
3.6783288143408185e-05 5.629686323302801e+26
3.712448560972944e-05 5.7499346081985894e+26
3.747207215575832e-05 5.8715973215429684e+26
3.781470006330868e-05 5.990873815984996e+26
3.816365146346226e-05 6.1116820563656556e+26
3.851910304492884e-05 6.233819997015356e+26
3.8869057301915976e-05 6.353671252035565e+26
3.923783393665901e-05 6.479223513290867e+26
3.960103125046786e-05 6.6019656254066e+26
3.995814199926435e-05 6.722517358620721e+26
4.033486050315858e-05 6.848671762774643e+26
4.070539071775452e-05 6.972488182873514e+26
4.1082791691296624e-05 7.097941127722738e+26
4.1467256319423736e-05 7.225323737802665e+26
4.184486708523298e-05 7.349620819551483e+26
4.222941828036617e-05 7.475972132194264e+26
4.262110302566672e-05 7.604203901269875e+26
4.3020121673965253e-05 7.734341227151753e+26
4.341148737148909e-05 7.861538490574804e+26
4.382551427330124e-05 7.995760152249151e+26
4.423174007405198e-05 8.126952711096554e+26
4.462950752076108e-05 8.255331844304716e+26
4.505084637171961e-05 8.390773028075711e+26
4.546355108380938e-05 8.523197585149559e+26
4.588388717001324e-05 8.657772562954651e+26
4.631206827462329e-05 8.794458121289175e+26
4.673070843981763e-05 8.927907112355644e+26
4.717491669494897e-05 9.069568743459102e+26
4.7609374868655334e-05 9.20769212970858e+26
4.8051909724134705e-05 9.348628714122695e+26
4.8483794805672445e-05 9.485357826719225e+26
4.894281298134746e-05 9.630887839675866e+26
4.9390935870905965e-05 9.773152951922308e+26
4.984734066199911e-05 9.917578435452233e+26
5.0312259086664966e-05 1.0065146884261949e+27
5.078593160364953e-05 1.021478851478519e+27
5.1247431188647585e-05 1.0360892035242883e+27
5.1717395126184165e-05 1.0509761989228076e+27
5.219605843824813e-05 1.0661527613835054e+27
5.268366492896637e-05 1.0815951668554075e+27
5.318046759867801e-05 1.097380510226631e+27
5.366350817807777e-05 1.1127189207510174e+27
5.415540415002872e-05 1.1283549142157813e+27
5.465640128093207e-05 1.1443121384639753e+27
5.516675451654771e-05 1.1605773740260599e+27
5.568672841459417e-05 1.1771553381069749e+27
5.6191137186465493e-05 1.1932776061145721e+27
5.6704767325281444e-05 1.2097364865366953e+27
5.722787403492426e-05 1.226528460433216e+27
5.776072202407626e-05 1.2436794684514196e+27
5.830358595287397e-05 1.2611852628363005e+27
5.882884348398094e-05 1.2781502201946255e+27
5.939206840962939e-05 1.2963975816114974e+27
5.993721299889652e-05 1.3141065249444279e+27
6.049245778045627e-05 1.3321861117227034e+27
6.10580860766318e-05 1.3506539430062187e+27
6.160378893133854e-05 1.3685598092571358e+27
6.219049168306556e-05 1.392077459991396e+27
6.275671770749408e-05 1.4338751426696206e+27
6.333334911062573e-05 1.4759921545946868e+27
6.392067537749397e-05 1.5183413813322606e+27
6.451899683188549e-05 1.5609436283992765e+27
6.512862514840725e-05 1.6038883375294785e+27
6.571505874349354e-05 1.6447293304977488e+27
6.631214906879519e-05 1.685797823185502e+27
6.692018927061263e-05 1.7271718174630823e+27
6.753948334660632e-05 1.7689525992357457e+27
6.81703466525911e-05 1.8108806123930834e+27
6.8813106438001e-05 1.8532170426665855e+27
6.946810241193494e-05 1.8958120826624017e+27
7.009606265972643e-05 1.9363235241886138e+27
7.073547942287104e-05 1.977076372020445e+27
7.138666910685605e-05 2.0181636371104064e+27
7.20499598767223e-05 2.059608479644094e+27
7.272569220850867e-05 2.1014314686910147e+27
7.341421947202118e-05 2.1435148365052916e+27
7.407166024341242e-05 2.183423521080659e+27
7.47409824745276e-05 2.22363203250091e+27
7.546838862999744e-05 2.266853244860581e+27
7.616330933561437e-05 2.30784526355899e+27
7.687114678297137e-05 2.3491989106460864e+27
7.754376931732237e-05 2.3881171396186654e+27
7.827762202379545e-05 2.4302662864645484e+27
7.902549739344956e-05 2.4727376903825855e+27
7.97365237196117e-05 2.512811424568193e+27
8.046046102964707e-05 2.553296398300629e+27
8.119766420662029e-05 2.594324679081788e+27
8.194850126005006e-05 2.635657416981156e+27
8.27133539384772e-05 2.67741708388263e+27
8.349261837665935e-05 2.7196339878005453e+27
8.428670577969823e-05 2.7623250214552097e+27
8.503771823695394e-05 2.8024182556354617e+27
8.586161308492443e-05 2.846177651797299e+27
8.664108303611439e-05 2.887193677970082e+27
8.743483503010275e-05 2.928689865089442e+27
8.824326522597141e-05 2.970667383179749e+27
8.906678457122455e-05 3.013178367684751e+27
8.990581949834478e-05 3.0562239969918216e+27
9.069446703780395e-05 3.0964885812948783e+27
9.156459845587883e-05 3.140563396620461e+27
9.238274825593135e-05 3.181741901220666e+27
9.328573752459834e-05 3.2271065038145195e+27
9.413507656124112e-05 3.269352821523613e+27
9.50000236659386e-05 3.3122015017535407e+27
9.588101306624096e-05 3.35574596645894e+27
9.677849524782824e-05 3.3997847480815327e+27
9.761607467168827e-05 3.440667628912653e+27
9.85464899981857e-05 3.4860419102472333e+27
9.949481227563417e-05 3.531916277031194e+27
0.00010038028390591894 3.5746300703070803e+27
0.00010128165788384963 3.6179604572200885e+27
0.00010228361987445656 3.665932064355017e+27
0.0001032196596570015 3.7105889723476074e+27
0.00010417298984694862 3.75590117546857e+27
0.00010514409398958965 3.8019147228982297e+27
0.00010613347383038135 3.848643998418327e+27
0.00010704920699544072 3.891767537108432e+27
0.00010807493981508344 3.939952575966217e+27
0.0001090246317291 3.984363265870306e+27
0.00011008875856940179 4.0341940414997074e+27
0.0001110743338475522 4.080090491376051e+27
0.00011207771536379025 4.1267945916422513e+27
0.00011320258294499617 4.1789846403956154e+27
0.00011424496400342156 4.22738881989428e+27
0.00011530672017445707 4.276460599691608e+27
0.00011627931668951809 4.3214714714972585e+27
0.00011737940483227608 4.372319424012678e+27
0.00011850050707518224 4.423957175969371e+27
0.0001195279681191867 4.4713741812007585e+27
0.00012069069154447063 4.5248465512903795e+27
0.00012175665447273385 4.5739685686314686e+27
0.00012296336066175997 4.629397684486302e+27
0.0001240700309077158 4.6780153090430836e+27
0.0001243186682442042 4.701196390704523e+27
0.0001248189445751668 4.734366842365462e+27
0.00012532326354314729 4.775556658768215e+27
0.00012583167434859614 4.82025326780682e+27
0.00012634422699360061 4.8841643287935385e+27
0.0001268609722982779 5.082248328585249e+27
0.0001273819619175727 5.556453550549236e+27
0.0001279072483584699 5.973120475187261e+27
0.0001284368849976354 5.72534540534415e+27
0.00012897092609949666 5.035813384879322e+27
0.0001295094268347764 5.075360672161277e+27
0.00013005244329949246 5.107373008146467e+27
0.00013060003253443769 5.132725348985013e+27
0.0001311522525451541 5.172574425626416e+27
0.00013170916232241593 5.217657642298978e+27
0.00013227082186323646 5.265960321676021e+27
0.0001328372921924152 5.307683625618748e+27
0.00013340863538464063 5.370719080898411e+27
0.0001339849145871661 5.433783075334717e+27
0.00013456619404307571 5.443679895235849e+27
0.00013515253911515883 5.476299848006278e+27
0.00013574401631041117 5.571613275611483e+27
0.0001363406933051822 5.656292146166985e+27
0.00013694263897098873 5.63808046704193e+27
0.00013754992340101529 5.639484199572872e+27
0.00013816261793732273 5.691191747779231e+27
0.00013878079519878727 5.741215316041112e+27
0.00013940452910979302 5.787242309991735e+27
0.00014003389492970182 5.822099155495924e+27
0.00014066896928312448 5.87285665659155e+27
0.00014130983019102028 5.94123061038773e+27
0.00014195655710264968 6.004175979924173e+27
0.00014260923092840897 6.026668291989846e+27
0.00014326793407357484 6.075504681865776e+27
0.00014393275047298816 6.121429560524793e+27
0.0001446037656267084 6.167986584844014e+27
0.00014528106663666955 6.219601214501376e+27
0.00014596474224437152 6.272415756288949e+27
0.00014665488286964043 6.330005175610099e+27
0.00014735158065049382 6.396191367178135e+27
0.00014805492948414772 6.453073307153469e+27
0.0001487650250692036 6.49487894788696e+27
0.0001494819649490552 6.548251604382883e+27
0.00015020584855655666 6.60576350915978e+27
0.00015093677725999487 6.665033596391288e+27
0.0001516748544104105 6.728908111716618e+27
0.00015242018539031425 6.794632560606225e+27
0.00015317287766384669 6.86199344269101e+27
0.00015393304082843152 6.967394262229494e+27
0.0001547007866679748 7.042626160824448e+27
0.0001554762292076639 7.044644358352246e+27
0.00015625948477042292 7.096381502959033e+27
0.00015705067203508329 7.161747974522891e+27
0.00015784991209633054 7.228408298942462e+27
0.00015865732852649077 7.296278679170019e+27
0.0001594730474392234 7.36525675303508e+27
0.00016029719755518835 7.435845774738482e+27
0.00016112991026976078 7.51046091644426e+27
0.00016197131972286657 7.584331623144867e+27
0.00016282156287101808 7.647677214774701e+27
0.00016368077956163034 7.728721632803174e+27
0.00016454911260970265 7.85039155366563e+27
0.0001654267078769544 8.088932051794522e+27
0.00016631371435350646 8.399474552996078e+27
0.00016721028424220458 8.288857516231698e+27
0.00016811657304568537 8.113284429484672e+27
0.00016903273965628856 8.187296037015805e+27
0.00016995894644892577 8.275564243790205e+27
0.00017089535937701898 8.405199353530156e+27
0.00017184214807162854 8.598970740521154e+27
0.00017279948594389389 8.679978090750796e+27
0.0001737675502909185 8.618281234347487e+27
0.00017474652240523353 8.719438575784824e+27
0.0001757365876879827 8.807710038028914e+27
0.0001767379357659769 8.945700345159711e+27
0.00017775076061277335 9.539319655392732e+27
0.0001787752606739421 1.043485999045652e+28
0.00017981163899668956 9.418581843829492e+27
0.00018086010336401721 9.270560131982445e+27
0.00018192086643360088 9.373026104636243e+27
0.00018299414588158672 9.482320607253164e+27
0.00018408016455150712 9.581518724569722e+27
0.00018517915060853107 9.685695386037378e+27
0.00018629133769927297 9.814195330338099e+27
0.0001874169651173955 9.891190376689011e+27
0.00018855627797525196 1.0014975714450675e+28
0.00018970952738182843 1.0184128725917174e+28
0.0001908769706272551 1.0261073522521744e+28
0.00019205887137417306 1.0341427380952579e+28
0.00019325549985625513 1.0457805400260883e+28
0.00019416280267248168 1.0550537860187123e+28
0.00019477241900740314 1.0609128603129334e+28
0.00019538587544522173 1.0671309305451768e+28
0.00019600320838501707 1.0737622191256178e+28
0.00019662445468734675 1.0804652588322065e+28
0.00019724965168158314 1.088061941431245e+28
0.00019787883717339042 1.0949597957332898e+28
0.0001985120494523453 1.1014317990354003e+28
0.00019914932729970432 1.1078143957807648e+28
0.00019979070999632173 1.1129012401773046e+28
0.0002004362373307202 1.1181449862819469e+28
0.00020108594960731896 1.124728898126006e+28
0.00020173988765482244 1.131921174460964e+28
0.00020239809283477292 1.1388039749391822e+28
0.00020306060705027138 1.146509577011759e+28
0.00020372747275486996 1.1531647214159512e+28
0.00020439873296164052 1.1595226036806803e+28
0.00020507443125242282 1.1662486001297e+28
0.00020575461178725673 1.1738176205693313e+28
0.000206439319314003 1.1824120978307896e+28
0.00020712859917815658 1.1941135113235563e+28
0.0002078224973328573 1.2083178989371277e+28
0.00020852106034910219 1.2179639636792642e+28
0.0002092243354261649 1.221331555324707e+28
0.00020993237040222638 1.2188813264840165e+28
0.00021064521376522205 1.233191374181118e+28
0.00021136291466391106 1.2351497115161003e+28
0.0002120855229191723 1.2408738137021214e+28
0.0002128130890355331 1.2485073995794887e+28
0.000213545664212936 1.2563259631323453e+28
0.00021428330035874922 1.2637954834433539e+28
0.00021502605010002737 1.2717466755013266e+28
0.00021577396679602745 1.2797740147353922e+28
0.00021652710455098744 1.288509331645849e+28
0.00021728551822717304 1.2978078121187663e+28
0.0002180492634582 1.3060927649706582e+28
0.00021881839666263808 1.3153580712926555e+28
0.00021959297505790405 1.3254899425499043e+28
0.00022037305667445078 1.3390936115715596e+28
0.00022115870037025991 1.3677939674355587e+28
0.00022194996584564544 1.4109350487801015e+28
0.00022274691365837667 1.4311449949540025e+28
0.00022354960523912758 1.4013155537460492e+28
0.00022435810290726186 1.3765412240065918e+28
0.00022517246988696153 1.385445914925867e+28
0.0002259927703237082 1.395506766249307e+28
0.00022681906930112578 1.4076950883876122e+28
0.00022765143285819413 1.4192253573442586e+28
0.00022848992800684312 1.425557533839371e+28
0.00022933462274993678 1.4316422883103127e+28
0.00023018558609965825 1.4414270364181914e+28
0.00023104288809630503 1.4513471841703152e+28
0.00023190659982750617 1.4612869609752042e+28
0.00023277679344787204 1.4714595684781499e+28
0.00023365354219908812 1.4821635995281827e+28
0.00023453692043046465 1.493246432267215e+28
0.00023542700361995408 1.5053146770245816e+28
0.00023632386839564913 1.5187391849680602e+28
0.00023722759255777402 1.53395739154415e+28
0.00023813825510118195 1.5429486278987735e+28
0.0002390559362383734 1.546397316391597e+28
0.00023998071742304796 1.5571921443610428e+28
0.00024091268137420543 1.5711311790411354e+28
0.00024185191210081053 1.5748983154063e+28
0.00024279849492703682 1.595174669425893e+28
0.0002437525165181057 1.6021434532819842e+28
0.00024471406490673725 1.613566240547285e+28
0.00024568322952022933 1.6255344345013178e+28
0.0002466601012081825 1.638128342931897e+28
0.0002476447722708898 1.650704050122353e+28
0.0002486373364884084 1.662051650847587e+28
0.0002496378891503336 1.6739106261105708e+28
0.00025064652708629457 1.6865008962888676e+28
0.0002516633486971923 1.6995619970284e+28
0.00025268845398720123 1.7133698259624706e+28
0.0002537219445965558 1.7275371461974844e+28
0.0002547639238351454 1.7417354425964172e+28
0.0002558144967169398 1.7540730941907011e+28
0.0002568737699952708 1.767999519757121e+28
0.0002579418521989933 1.793105214783332e+28
0.0002590188536695528 1.8636091838609314e+28
0.0002601048865989849 1.986346866869651e+28
0.00026120006506887537 2.0296489899465508e+28
0.0002623045050903082 1.8739122603002358e+28
0.00026341832464483187 1.8516505275593332e+28
0.0002645416437264729 1.86757803197373e+28
0.0002656745843848304 1.8809950713168437e+28
0.00026681727076928127 1.909502106531201e+28
0.0002679698291743322 1.921633364620893e+28
0.00026913238808615143 1.9237625858830199e+28
0.00027030507823031766 1.9390772141391817e+28
0.00027148803262082234 1.9547165918399542e+28
0.0002726813866103644 1.970848025053295e+28
0.00027388527794197746 1.9880719866751015e+28
0.00027509984680203057 2.0059806827628346e+28
0.00027632523587464545 2.021653662985262e+28
0.00027756159039757453 2.037284619950959e+28
0.00027880905821958603 2.0521113322084756e+28
0.00028006778985940363 2.0703071546528084e+28
0.00028133793856624896 2.09189530715596e+28
0.00028261966038204057 2.111277476423898e+28
0.00028391311420529936 2.112821986419264e+28
0.00028521846185681793 2.1407697757184837e+28
0.0002865358681471497 2.158855254110557e+28
0.0002878655009459763 2.179674107412375e+28
0.0002892075312534168 2.203047439361152e+28
0.0002905621332733391 2.2191051574753856e+28
0.00029192948448874303 2.241894741608607e+28
0.00029330976573928086 2.2813659761121047e+28
0.00029470316130098765 2.312655155637052e+28
0.00029610985896829544 2.3017360310006675e+28
0.0002975300501384072 2.303920204436769e+28
0.0002989639298981104 2.3427364419290883e+28
0.0003004116971131133 2.3632350581784077e+28
0.00030187355451998974 2.391096192752946e+28
0.000303349708820821 2.420068699496889e+28
0.0003048403707806285 2.462631605939368e+28
0.00030634575532769337 2.536762129982685e+28
0.00030786608165686303 2.5174167970625046e+28
0.0003094015733359496 2.4883102323512765e+28
0.0003109524584153278 2.5126309284377434e+28
0.00031251896954084585 2.5389716850216093e+28
0.00031410134407016657 2.5662862641657094e+28
0.0003156998241926611 2.58668579737543e+28
0.00031731465705298154 2.5946495768514896e+28
0.0003189460948784468 2.635094050610598e+28
0.0003205943951103767 2.659775923628568e+28
0.00032225982053952156 2.685784410454639e+28
0.00032394263944573315 2.7074560389498463e+28
0.00032564312574203617 2.7322407257725914e+28
0.0003273615591232607 2.7696226220006417e+28
0.0003290982252194053 2.795498629563289e+28
0.0003308534157539088 2.8050045910009008e+28
0.0003326274287070129 2.858170584600658e+28
0.00033442056848440916 2.8800251927217423e+28
0.00033623314609137074 2.895679823059542e+28
0.0003380654793125771 2.941819422007165e+28
0.00033991789289785154 2.95451671574371e+28
0.00034179071875403797 2.9991888702889085e+28
0.0003436842961432571 3.0170241193252297e+28
0.00034559897188778777 3.0635834438960667e+28
0.000347535100581837 3.0910919130445557e+28
0.00034949304481046706 3.143633059674318e+28
0.0003514731753759654 3.17342132887404e+28
0.0003534758715319538 3.1875778476706255e+28
0.0003555015212255467 3.229689883801042e+28
0.0003575505213478842 3.261268817199924e+28
0.0003596232779933791 3.288614798255198e+28
0.00036172020672803443 3.326892618981085e+28
0.00036384173286720177 3.3642805295056497e+28
0.00036598829176317344 3.400317381864837e+28
0.00036816032910301423 3.4399927473435086e+28
0.00037035830121706214 3.480393703927317e+28
0.00037258267539854595 3.521719295919888e+28
0.000374833930234791 3.5947797417776674e+28
0.0003771125559505039 3.650883542358366e+28
0.00037941905476365686 3.6453557724947286e+28
0.0003817539412545102 3.6845026551936723e+28
0.0003841177427483461 3.727038129183611e+28
0.00038651099971251027 3.7707935853067326e+28
0.00038832560534496336 3.8038763987159825e+28
0.0003895448380148063 3.8275733360111864e+28
0.00039077175089044345 3.8516337508803024e+28
0.00039200641677003415 3.8810490275249135e+28
0.0003932489093746935 3.917099980796367e+28
0.00039449930336316627 3.9496552468842797e+28
0.00039575767434678083 3.9678737693525275e+28
0.0003970240989046906 3.990113153367896e+28
0.00039829865459940864 4.0679884884867155e+28
0.00039958141999264346 4.234308569297754e+28
0.0004008724746614404 4.422675680803283e+28
0.0004021718992146379 4.479008486572578e+28
0.00040347977530964487 4.298718416336093e+28
0.00040479618566954584 4.122750038813964e+28
0.00040612121410054275 4.140836380557414e+28
0.0004074549455097399 4.158428962935537e+28
0.00040879746592328105 4.160682207958921e+28
0.00041014886250484564 4.2195356975388215e+28
0.00041150922357451346 4.241031119208818e+28
0.000412878638628006 4.267055894737354e+28
0.00041425719835631316 4.294296527810227e+28
0.0004156449946657146 4.321168997837741e+28
0.00041704212069820437 4.348421589723604e+28
0.0004184486708523298 4.37765137565463e+28
0.00041986474080445276 4.4073718779103495e+28
0.0004212904275304441 4.437574180384418e+28
0.0004227258293278221 4.463801627422168e+28
0.0004241710458383446 4.489730837929412e+28
0.0004256261780710662 4.5188085632382085e+28
0.000427091328425872 4.550615711331032e+28
0.00042856660071749844 4.587107404285346e+28
0.00043005210020005474 4.629768593221062e+28
0.0004315479335920549 4.607059053483765e+28
0.0004330542091019749 4.67739127154756e+28
0.0004345710364543461 4.707435825767316e+28
0.0004360985269164 4.7623965154207565e+28
0.00043763679332527617 4.856219802189256e+28
0.0004391859501158081 4.941150027993495e+28
0.00044074611334890155 4.941166951978065e+28
0.00044231740074051983 4.87000970353744e+28
0.0004438999316912909 4.89051778400572e+28
0.00044549382731675334 4.922156588102244e+28
0.00044709921047825517 4.956188314808516e+28
0.0004487162058145237 4.987311561833944e+28
0.00045034493977392305 4.97749435940463e+28
0.0004519855406474164 5.060628988060826e+28
0.00045363813860225155 5.091717211428975e+28
0.00045530286571638826 5.127930289264981e+28
0.00045697985601368625 5.168663076877773e+28
0.00045866924549987356 5.212168962057966e+28
0.0004603711721993165 5.24809329141068e+28
0.00046208577619261007 5.276697437865593e+28
0.00046381319965501234 5.249236205731711e+28
0.0004655535868957441 5.347046853929558e+28
0.00046730708439817625 5.383092336627663e+28
0.0004690738408609293 5.428131551560426e+28
0.00047085400723990815 5.489643278242835e+28
0.00047264773679129825 5.49311786881071e+28
0.00047445518511554804 5.512430521474391e+28
0.0004762765102023639 5.578730085590619e+28
0.0004781118724767468 5.616094709040877e+28
0.0004799614348460959 5.657877896030135e+28
0.00048182536274841086 5.7044838466913035e+28
0.00048370382420162106 5.68675385929582e+28
0.00048559698985407363 5.7887880587726294e+28
0.0004875050330362114 5.82068239821725e+28
0.0004894281298134745 5.863516574034515e+28
0.0004913664590404587 5.841497748965673e+28
0.000493320202416365 5.95101832270242e+28
0.0004952895445417796 5.993240461520537e+28
0.0004972746729768168 5.9745316504153915e+28
0.0004992757783006672 6.087353319124797e+28
0.0005012930541725891 6.101328149112815e+28
0.0005033266973943845 6.154034508614335e+28
0.0005053769079744025 6.217922954655515e+28
0.0005074438891931116 6.226287033413149e+28
0.0005095278476702908 6.272870049733916e+28
0.0005116289934338796 6.351371248937095e+28
0.0005137475399905416 6.364881074285032e+28
0.0005158837043979866 6.418237779938717e+28
0.0005180377073391056 6.4728718769887775e+28
0.0005202097731979698 6.527798376946422e+28
0.0005224001301377507 6.58133444375658e+28
0.0005246090101806164 6.6252658499063156e+28
0.0005268366492896637 6.696272923397729e+28
0.0005290832874529458 6.766038924028956e+28
0.0005313491687696608 6.801794394438441e+28
0.0005336345415385625 6.849131540091654e+28
0.0005359396583486644 6.910487128948851e+28
0.0005382647761723029 6.963139349150664e+28
0.0005406101564606353 7.01752312535201e+28
0.0005429760652416447 7.06918592943563e+28
0.0005453627732207288 7.119691151608839e+28
0.0005477705558839549 7.17775930571252e+28
0.0005501996936040611 7.235333826658798e+28
0.0005526504717492909 7.289196769621076e+28
0.0005551231807951491 7.348195996487306e+28
0.0005576181164391721 7.41111138893507e+28
0.0005601355797188073 7.478986219593326e+28
0.0005626758771324979 7.551216212002639e+28
0.0005652393207640811 7.674243111096825e+28
0.0005678262284105987 7.763550013812217e+28
0.0005704369237136359 7.761151227245206e+28
0.0005730717362942994 7.745840043615079e+28
0.0005757310018919526 7.871294406673373e+28
0.0005784150625068336 7.922771965934961e+28
0.0005811242665466782 7.985755357295815e+28
0.0005838589689774861 8.055349933680851e+28
0.0005866195314785617 8.125318406713264e+28
0.0005894063226019753 8.197108826978132e+28
0.0005922197179365909 8.2698395462953e+28
0.0005950601002768144 8.337967953076873e+28
0.0005979278597962208 8.410676063502329e+28
0.0006008233942262266 8.482043094952237e+28
0.0006037471090399795 8.555734793638706e+28
0.000606699417641642 8.646554450709902e+28
0.000609680741561257 8.736006660889487e+28
0.0006126915106553867 8.792789156928238e+28
0.0006157321633137261 8.865951786495881e+28
0.0006188031466718993 8.945710597299218e+28
0.0006219049168306556 9.026547079132839e+28
0.0006250379390816917 9.107492239850906e+28
0.0006282026881403331 9.19432139093384e+28
0.0006313996483853221 9.277530185257325e+28
0.0006346293141059631 9.373056101646081e+28
0.0006378921897568936 9.38341675809387e+28
0.0006411887902207534 9.547552466602047e+28
0.0006445196410790431 9.626415410291576e+28
0.0006478852788914663 9.719271978659033e+28
0.0006512862514840723 9.811966030702489e+28
0.0006547231182465214 9.921409923024983e+28
0.0006581964504388106 1.015047628792918e+29
0.0006617068315078176 1.0547865628404283e+29
0.0006652548574140258 1.0952055632021288e+29
0.0006688411369688183 1.0658745066815286e+29
0.0006724662921827415 1.0395236710100579e+29
0.0006761309586251542 1.0490567280210103e+29
0.0006798357857957031 1.0597875423098044e+29
0.0006835814375080759 1.06170975297453e+29
0.0006873685922865142 1.0800961195656486e+29
0.0006911979437755755 1.09135426128121e+29
0.000695070201163674 1.1021685299546474e+29
0.0006989860896209341 1.1139928011818255e+29
0.0007029463507519308 1.1251251777814388e+29
0.0007069517430639076 1.135860535101513e+29
0.0007110030424510934 1.1479360654390754e+29
0.0007151010426957684 1.1495267110840046e+29
0.0007192465559867583 1.1718383197481892e+29
0.0007234404134560689 1.183751489428603e+29
0.0007276834657344035 1.1972762835849913e+29
0.0007319765835263469 1.2136438806185256e+29
0.0007363206582060285 1.2144729308969136e+29
0.0007407166024341243 1.2343575834995455e+29
0.0007451653507970919 1.2478270152628743e+29
0.000749667860469582 1.2615085862717377e+29
0.0007542251119010079 1.2640041083674965e+29
0.0007588381095273137 1.2884277542045252e+29
0.0007635078825090204 1.3028607482433918e+29
0.0007682354854966923 1.3052646837110657e+29
0.0007730219994250205 1.3316097037258592e+29
0.0007766512106899267 1.3433555888060356e+29
0.0007790896760296126 1.3496381135509326e+29
0.0007815435017808869 1.3327989004568704e+29
0.0007840128335400683 1.3672535672727893e+29
0.000786497818749387 1.3769513456110188e+29
0.0007889986067263325 1.3651515282496115e+29
0.0007915153486935617 1.3859462197519948e+29
0.0007940481978093812 1.3977652000760402e+29
0.0007965973091988173 1.3803047438415352e+29
0.0007991628399852869 1.4111215056519126e+29
0.0008017449493228808 1.4161902840258533e+29
0.0008043437984292758 1.4066092422949526e+29
0.0008069595506192897 1.4293044764675898e+29
0.0008095923713390917 1.4259532183060025e+29
0.0008122424282010855 1.4298698354564032e+29
0.0008149098910194798 1.4527898820323239e+29
0.0008175949318465621 1.450766104176438e+29
0.0008202977250096913 1.4558789659214653e+29
0.0008230184471490269 1.4639878739192966e+29
0.000825757277256012 1.469449559736008e+29
0.0008285143967126263 1.4831827165247368e+29
0.0008312899893314292 1.493448642915341e+29
0.0008340842413964087 1.507643499968174e+29
0.0008368973417046597 1.5235063327643756e+29
0.0008397294816089055 1.5412143928844629e+29
0.0008425808550608882 1.5484197257201435e+29
0.0008454516586556442 1.5472047717488e+29
0.0008486322223509972 1.552998695500243e+29
0.0008515444811785574 1.5599656817826648e+29
0.000854182656851744 1.5656860381422781e+29
0.0008571332014349969 1.5737061590119184e+29
0.0008601042004001095 1.5833100846747778e+29
0.0008630958671841098 1.59391032356285e+29
0.0008661084182039498 1.6051505191053752e+29
0.0008691420729086922 1.616355564544853e+29
0.0008721970538328 1.625199427975311e+29
0.0008752735866505523 1.6337557464737286e+29
0.0008783719002316162 1.64340112726577e+29
0.0008814922266978031 1.653933817064773e+29
0.0008846348014810397 1.6643883842024292e+29
0.0008877998633825818 1.6751806692182897e+29
0.0008909876546335067 1.6858835783576808e+29
0.0008941984209565103 1.697408225457568e+29
0.0008974324116290475 1.7096315454821718e+29
0.0009006898795478461 1.7203417744426103e+29
0.0009039710812948328 1.729647694310907e+29
0.0009072762772045031 1.7404991345167353e+29
0.0009106057314327765 1.7518781949710183e+29
0.0009139597120273725 1.7635301423054282e+29
0.0009173384909997471 1.7752473571385835e+29
0.000920742344398633 1.788438758408955e+29
0.0009241715523852201 1.8002353810437552e+29
0.0009276263993100247 1.8111154053044978e+29
0.0009311071737914882 1.8225594657454653e+29
0.0009346141687963525 1.8348220439684278e+29
0.0009381476817218586 1.8476289904946588e+29
0.0009417080144798163 1.8606646796349683e+29
0.0009452954735825965 1.873929452316257e+29
0.0009489103702310961 1.8854454815271587e+29
0.0009525530204047278 1.8982260838583836e+29
0.0009562237449534936 1.9111111114801696e+29
0.0009599228696921918 1.927235387997234e+29
0.0009636507254968217 1.9452603302797776e+29
0.0009674076484032421 1.93303811669012e+29
0.0009711939797081473 1.9733270395697143e+29
0.0009750100660724228 1.980772179697284e+29
0.000978856259626949 1.9928372576800008e+29
0.0009827329180809173 2.0063964483086667e+29
0.00098664040483273 2.020961947801662e+29
0.0009905790890835592 2.0351387165325523e+29
0.0009945493459536335 2.0492911098313952e+29
0.0009985515566013343 2.0650333989250002e+29
0.0010025861083451783 2.0794958990498056e+29
0.001006653394788769 2.0946659479364753e+29
0.001010753815948805 2.1099817282754752e+29
0.0010148877783862232 2.1254805977371798e+29
0.0010190556953405816 2.141097736093648e+29
0.0010232579868677592 2.1570008146027797e+29
0.0010274950799810832 2.1727461259339954e+29
0.0010317674087959733 2.1892823324118254e+29
0.0010360754146782113 2.2039730225126694e+29
0.0010404195463959397 2.222820458556443e+29
0.0010448002602755015 2.23857514383636e+29
0.0010492180203612329 2.2559686191280393e+29
0.0010536732985793275 2.2725744802325496e+29
0.0010581665749058917 2.3001758219870184e+29
0.0010626983375393215 2.340505001845979e+29
0.001067269083077125 2.373819052553523e+29
0.0010718793166973287 2.3656902252488387e+29
0.0010765295523446057 2.36205654482388e+29
0.0010812203129212706 2.3796845111348146e+29
0.0010859521304832894 2.3982065361134468e+29
0.0010907255464414577 2.4174796116118822e+29
0.0010955411117679098 2.434406775098849e+29
0.0011003993872081223 2.4526724458247177e+29
0.0011053009434985818 2.475196040873727e+29
0.0011102463615902981 2.4953301370238616e+29
0.0011152362328783441 2.5169556796267275e+29
0.0011202711594376145 2.5368690573829477e+29
0.0011253517542649959 2.555896106808383e+29
0.0011304786415281623 2.579154981620709e+29
0.0011356524568211974 2.562808996054494e+29
0.0011408738474272717 2.630321967836192e+29
0.0011461434725885988 2.650644623156479e+29
0.0011514620037839053 2.65582078963528e+29
0.0011568301250136671 2.6835636899403345e+29
0.0011622485330933564 2.7035100291605888e+29
0.0011677179379549721 2.7293946559928005e+29
0.0011732390629571234 2.752377349065121e+29
0.0011788126452039506 2.775111152266954e+29
0.0011844394358731818 2.8010267102663844e+29
0.0011901202005536288 2.828827834283885e+29
0.0011958557195924416 2.8496088593902202e+29
0.0012016467884524533 2.8705092479282244e+29
0.001207494218079959 2.8981220558629185e+29
0.001213398835283284 2.933354109515861e+29
0.001219361483122514 3.0152385316673375e+29
0.0012253830213107735 3.1062712510863166e+29
0.0012314643266274521 3.0314531100641954e+29
0.0012376062933437985 3.0179291919536778e+29
0.0012419422513284865 3.0458298184356416e+29
0.0012444336099068786 3.0542562216982632e+29
0.0012469349839971436 3.064801039416247e+29
0.0012494464341159697 3.0755309004074472e+29
0.001251968021268575 3.0860193006699473e+29
0.001254499806953648 3.096884487108771e+29
0.0012570418531683465 3.1085864466231287e+29
0.0012595942224133585 3.1198105706687504e+29
0.0012621569776980245 3.131258101163302e+29
0.001264730182545523 3.143624099738928e+29
0.0012673139009981185 3.1562425234942367e+29
0.001269908197622475 3.1684842930547228e+29
0.001272513137515034 3.17939881845302e+29
0.0012751287863074594 3.189738724995007e+29
0.0012777552101721503 3.1988437853688536e+29
0.0012803924758278205 3.21013111474241e+29
0.0012830406505451477 3.2209539420380905e+29
0.0012856998021524954 3.233774373690027e+29
0.0012883699990417009 3.240561891597405e+29
0.0012910513101739417 3.257570394553242e+29
0.0012937438050856704 3.2723160150362954e+29
0.001296447553894627 3.2840587670193304e+29
0.0012991626273059246 3.177822599622489e+29
0.001301889096618214 3.301395745337724e+29
0.0013046270337299243 3.316804173605949e+29
0.0013073765111455827 3.331790997626893e+29
0.0013101376019822154 3.340531417661966e+29
0.0013129103799758284 3.3560563302291085e+29
0.0013156949194879724 3.370189633831034e+29
0.0013184912955123888 3.3826863100760836e+29
0.0013212995836817444 3.4080188953734904e+29
0.0013241198602744484 3.431395333561501e+29
0.0013269522022215595 3.448918101446457e+29
0.0013297966871137813 3.456578808669668e+29
0.0013326533932085478 3.4578528498181786e+29
0.001335522399437199 3.460858769186254e+29
0.0013384037854122525 3.460116831469659e+29
0.0013412976314347653 3.4770369953125135e+29
0.0013442040185017963 3.366444114309048e+29
0.001347123028313961 3.5021829067874674e+29
0.0013500547432830881 3.520479266363586e+29
0.0013529992465399758 3.533352312060249e+29
0.0013559566219422492 3.548064658803212e+29
0.0013589269540823198 3.560021666022687e+29
0.0013619103282954534 3.5738792550050135e+29
0.0013649068306679408 3.583802608932656e+29
0.0013679165480453782 3.596893344806002e+29
0.0013709395680410585 3.6170148818157796e+29
0.0013739759790444717 3.605613352022354e+29
0.00137702587022992 3.5354741111297985e+29
0.001380089331565248 3.655754859063103e+29
0.001383166453820689 3.674575199265894e+29
0.0013862573285778302 3.688312317962686e+29
0.0013893620482386987 3.700021945308109e+29
0.0013924807060349696 3.715851785556776e+29
0.001395613396037298 3.731314768130894e+29
0.001398760213164778 3.616900700467821e+29
0.001401921253194529 3.7436898127987315e+29
0.0014050966127714132 3.772143815649373e+29
0.0014082863894178865 3.787366417323841e+29
0.0014114906815439795 3.803084704226391e+29
0.001414709588457421 3.810919277244413e+29
0.001417943210373895 3.695255326114773e+29
0.0014211916484274433 3.842090742293392e+29
0.001424455004681008 3.862890483487565e+29
0.0014277333821371208 3.876458834780054e+29
0.0014310268847487406 3.749435186914388e+29
0.0014343356174302405 3.900801774393525e+29
0.0014376596860685494 3.9236382068962064e+29
0.0014409991975344461 3.849313443479773e+29
0.001444354259694014 3.891315667638554e+29
0.0014477249814202544 3.971370533612234e+29
0.0014511114726048632 3.836836073315303e+29
0.0014545138441701736 3.995318856272079e+29
0.001457932208081267 3.876400939882176e+29
0.0014613666773582543 4.013281065183285e+29
0.0014648173660887344 3.900771663577509e+29
0.0014682843894404237 3.967997907269085e+29
0.0014717678636739714 3.989817727569591e+29
0.0014752679061559547 3.95365291513009e+29
0.0014787846353720598 3.958981351576609e+29
0.0014823181709404517 3.941796251091571e+29
0.0014858686336253388 3.979600083341599e+29
0.00148943614535073 3.979766196741285e+29
0.00149302082921439 4.005678071979916e+29
0.001496622809502 4.0390904085197896e+29
0.001500242211701521 4.07946082374413e+29
0.0015038791625177673 4.1106075837231724e+29
0.0015075337898871907 4.124121335579589e+29
0.0015112062229928843 4.132817652194289e+29
0.0015148965922798022 4.083058538748491e+29
0.0015186050294702057 4.0969261526706394e+29
0.001522331667579335 4.1125202731235104e+29
0.0015260766409313138 4.130167242523523e+29
0.0015298400851752872 4.146335639578007e+29
0.0015336221373018022 4.163486991698453e+29
0.0015374229356594274 4.181761852861817e+29
0.0015412426199716248 4.198683565651941e+29
0.0015450813313538706 4.216142686129953e+29
0.0015489392123310337 4.233415489227639e+29
0.0015528164068550163 4.245750463117788e+29
0.0015567130603226576 4.2684784036738505e+29
0.0015606293195939095 4.284456915650081e+29
0.0015645653330102875 4.304585558232494e+29
0.0015685212504136005 4.322282460927294e+29
0.0015724972231649656 4.3353647712913516e+29
0.0015764934041641143 4.3548554677024726e+29
0.0015805099478689909 4.375154611546165e+29
0.001584547010315655 4.396804645496094e+29
0.0015886047491384865 4.415388219371175e+29
0.0015926833235907036 4.433868074605193e+29
0.001596782894565197 4.4376557510019085e+29
0.0016009036246156876 4.472002275657982e+29
0.001605045677978212 4.4915856710378425e+29
0.0016092092205929416 4.509435556474106e+29
0.0016133944201263434 4.5302594012310484e+29
0.001617601445993687 4.550633656955466e+29
0.001621830469381906 4.572810199432969e+29
0.0016260816632728153 4.600648178846195e+29
0.001630355202466699 4.6277216964107456e+29
0.0016346512636062687 4.644464000660342e+29
0.0016389700252010012 4.6573945809513646e+29
0.001643311667651865 4.671078848418271e+29
0.0016476763732764384 4.688415533277209e+29
0.0016520643263344314 4.7074408072270064e+29
0.0016564757130536156 4.728884238307101e+29
0.0016609107216561687 4.74816944815873e+29
0.001665369542385447 4.7704866953171144e+29
0.001669852367533187 4.790972671179388e+29
0.0016743593914671498 4.812656393557009e+29
0.0016788908106592127 4.8348865875982516e+29
0.0016834468237139186 4.856177335308167e+29
0.001688027631397494 4.877369474799557e+29
0.001692633436667337 4.89866149532422e+29
0.0016972644447019944 4.9193799699053546e+29
0.0017019208629316296 4.938063367912342e+29
0.001706602901068993 4.965232461609972e+29
0.0017113107711409076 4.9871892750788536e+29
0.0017160446875202737 5.0053087741657226e+29
0.0017208048669586102 5.039637258261775e+29
0.001725591528619135 5.069030769011152e+29
0.0017304048941104017 5.0979566591339326e+29
0.0017352451875205007 5.135087587868364e+29
0.0017401126354518344 5.1806579333688134e+29
0.001745007467056481 5.218300473361318e+29
0.001749929914072155 5.2207450843242106e+29
0.0017548802108587806 5.1932880830487504e+29
0.0017598585944356851 5.214157699041901e+29
0.0017648653045194281 5.2412898851611354e+29
0.0017699005835622797 5.26411321595924e+29
0.0017749646767913562 5.2890896789994904e+29
0.0017800578322484332 5.313453293275205e+29
0.0017851803008304432 5.338383964259788e+29
0.0017903323363306753 5.363613420513012e+29
0.0017955141954806918 5.393925420552234e+29
0.0018007261379929724 5.419928930257392e+29
0.0018059684266043055 5.4413019045518176e+29
0.0018112413271199387 5.4628818353349134e+29
0.0018165451084585036 5.486646427814252e+29
0.0018218800426977359 5.5127568886401976e+29
0.0018272464051209986 5.537541315411162e+29
0.0018326444742646352 5.565789607537141e+29
0.00183807453196616 5.592574119128781e+29
0.0018435368634133107 5.61862974660585e+29
0.0018490317571939763 5.648373581871039e+29
0.0018545595053470225 5.672269752692465e+29
0.00186012040341403 5.697183548360131e+29
0.001865714750491967 5.728127694428829e+29
0.0018713428492868145 5.7558780267431966e+29
0.0018770050061681666 5.796297464799691e+29
0.0018827015312248225 5.850442844977545e+29
0.0018884327383213973 5.7130983751632094e+29
0.0018941989451559664 5.921595226368953e+29
0.0019000004733187718 5.923434486619611e+29
0.0019058376483520093 5.922439821656966e+29
0.0019117107998107212 5.946605149337638e+29
0.001917620261324819 5.9765963063691455e+29
0.0019235663706622605 5.999965571888137e+29
0.001929549469793403 6.035275708539314e+29
0.0019355699049565646 6.063430433964563e+29
0.001941628026724817 6.093958280039025e+29
0.0019477241900740315 6.112531563605932e+29
0.0019538587544522174 6.138000350971975e+29
0.0019600320838501703 6.1827834294045075e+29
0.0019662445468734673 6.2109031662911125e+29
0.0019724965168158317 6.242960249873075e+29
0.0019787883717339045 6.274034154996497e+29
0.001985120494523453 6.29765863566818e+29
0.0019914932729970434 6.3362234999357686e+29
0.001997907099963217 6.367732968045222e+29
0.002004362373307202 6.399365889298914e+29
0.0020108594960731897 6.430768194696745e+29
0.0020173988765482243 6.454490510392203e+29
0.0020239809283477293 6.495927727188323e+29
0.002030606070502714 6.528127392886505e+29
0.0020372747275486996 6.560676239284878e+29
0.0020439873296164055 6.594002349774691e+29
0.002050744312524228 6.627553423464458e+29
0.002057546117872567 6.661388269635283e+29
0.00206439319314003 6.695762634621841e+29
0.002071285991781566 6.724368999314019e+29
0.002078224973328573 6.763529645081564e+29
0.002085210603491022 6.792975783670798e+29
0.0020922433542616492 6.834693081835477e+29
0.0020993237040222643 6.870176071163924e+29
0.0021064521376522208 6.903079907440275e+29
0.0021136291466391107 6.91253786988087e+29
0.002120855229191723 6.983894840595342e+29
0.0021281308903553313 7.026819204451886e+29
0.0021354566421293597 7.073027749448737e+29
0.002142833003587492 7.11053912112761e+29
0.002150260501000274 7.138725105938824e+29
0.002157739667960275 7.165028900175494e+29
0.0021652710455098744 7.203803644118341e+29
0.0021728551822717303 7.242366454887654e+29
0.0021804926345820002 7.279554185125016e+29
0.002188183966626381 7.29511727855907e+29
0.002195929750579041 7.33206463034355e+29
0.0022037305667445078 7.381161393398815e+29
0.002211587003702599 7.420394184019634e+29
0.0022194996584564545 7.461034430320837e+29
0.0022274691365837666 7.501386451542857e+29
0.002235496052391276 7.544304047685907e+29
0.002243581029072618 7.584238390969206e+29
0.0022517246988696155 7.625542496929538e+29
0.002259927703237082 7.670740866512427e+29
0.0022681906930112575 7.714292688938118e+29
0.002276514328581941 7.770520555668886e+29
0.002284899280068431 7.839120831191473e+29
0.002293346227499368 7.89731080070851e+29
0.002301855860996583 7.914245354677415e+29
0.0023104288809630506 7.939846820874695e+29
0.002319065998275062 7.981601453918866e+29
0.0023277679344787207 8.029497594390798e+29
0.0023365354219908813 8.067374390072122e+29
0.0023453692043046465 8.124869067219507e+29
0.0023542700361995406 8.158731589653152e+29
0.0023632386839564914 8.217283119640543e+29
0.00237227592557774 8.25787253680147e+29
0.0023813825510118195 8.307837193455194e+29
0.002390559362383734 8.365049171826042e+29
0.0023998071742304798 8.407060172085575e+29
0.002409126813742055 8.458907591631432e+29
0.002418519121008105 8.515711738232516e+29
0.0024279849492703683 8.565998885536072e+29
0.002437525165181057 8.622839459742298e+29
0.002447140649067373 8.675631667097626e+29
0.0024568322952022927 8.705284395815624e+29
0.0024666010120818252 8.778477400506138e+29
0.0024764477227088985 8.805308286685676e+29
0.0024863733648840844 8.896145568901564e+29
0.002496378891503336 8.958184285434945e+29
0.002506465270862945 9.018771731428003e+29
0.0025166334869719227 9.0451073518793e+29
0.0025268845398720126 9.126549369705079e+29
0.002537219445965558 9.196759342437304e+29
0.0025476392383514536 9.038829060153848e+29
0.002558144967169398 9.304535290371934e+29
0.002568737699952708 9.360008779679203e+29
0.002579418521989934 9.413262352122907e+29
0.002590188536695528 9.479584733304666e+29
0.002601048865989849 9.543975749415841e+29
0.0026120006506887535 9.597581272755296e+29
0.002623045050903082 9.698385418983726e+29
0.0026341832464483184 9.902426534956984e+29
0.0026454164372647295 1.0207474729427712e+30
0.002656745843848304 1.0095167373452963e+30
0.0026681727076928127 9.938369138321124e+29
0.0026796982917433217 9.981951820969377e+29
0.002691323880861514 1.0056786624090255e+30
0.002703050782303177 1.0094755673202018e+30
0.0027148803262082234 1.018605119639226e+30
0.002726813866103644 1.0249253609550769e+30
0.002738852779419775 1.0322827278396094e+30
0.0027509984680203063 1.0382952790740178e+30
0.0027632523587464543 1.043191287019038e+30
0.002775615903975745 1.048804415898103e+30
0.0027880905821958605 1.0595208757077023e+30
0.002800677898594036 1.065903111895529e+30
0.0028133793856624898 1.0736490166972781e+30
0.0028261966038204056 1.0788114454783662e+30
0.002839131142052993 1.0893337845152516e+30
0.0028521846185681795 1.074232706040041e+30
0.0028653586814714966 1.1015522376539797e+30
0.002878655009459763 1.111106706224989e+30
0.002892075312534168 1.1195411532875722e+30
0.0029056213327333913 1.1253881003285176e+30
0.0029192948448874306 1.1352122631464226e+30
0.0029330976573928086 1.1438688656991174e+30
0.0029470316130098765 1.1535804067386994e+30
0.0029610985896829545 1.1608213590289097e+30
0.0029753005013840716 1.1667633622805711e+30
0.002989639298981104 1.1750626861142775e+30
0.0030041169711311332 1.1814286299230824e+30
0.003018735545199898 1.1684650352064004e+30
0.0030334970882082103 1.2024663726500252e+30
0.0030484037078062852 1.2113982240834481e+30
0.0030634575532769333 1.2223634401111994e+30
0.0030786608165686304 1.2240898279431514e+30
0.0030940157333594967 1.2368314717612816e+30
0.003109524584153278 1.247716592186354e+30
0.0031251896954084587 1.2256143257078605e+30
0.003141013440701666 1.2661378772092213e+30
0.003156998241926611 1.2699322481204682e+30
0.0031731465705298156 1.2839765476406643e+30
0.003189460948784468 1.2670050938802541e+30
0.0032059439511037675 1.300214575619181e+30
0.0032225982053952157 1.3116490386047284e+30
0.0032394263944573315 1.2914343377403575e+30
0.003256431257420362 1.3271132362857232e+30
0.003273615591232607 1.320867262976199e+30
0.003290982252194053 1.3236670682514279e+30
0.003308534157539088 1.3344279131827361e+30
0.0033262742870701287 1.3129191954423775e+30
0.003344205684844092 1.3164021634608731e+30
0.0033623314609137075 1.267968572853636e+30
0.003380654793125771 1.2544290695968565e+30
0.0033991789289785153 1.2727373392210025e+30
0.0034085173326295548 1.172155796741556e+30
0.00341790718754038 1.1762923871205443e+30
0.003436842961432571 1.1859264092154481e+30
0.0034559897188778774 1.1953165623097861e+30
0.00347535100581837 1.205644351891348e+30
0.0034949304481046704 1.2154407929033821e+30
0.003514731753759654 1.2255079874488773e+30
0.0035347587153195387 1.2364161202903731e+30
0.003555015212255467 1.2528541457116514e+30
0.0035755052134788415 1.2577985753714016e+30
0.0035962327799337916 1.265516326745175e+30
0.003617202067280344 1.2730247044107374e+30
0.0036384173286720177 1.2848977941613518e+30
0.0036598829176317346 1.2944185780418902e+30
0.003681603291030142 1.3055028726698827e+30
0.003703583012170621 1.3163277125424613e+30
0.0037258267539854594 1.3284660264338267e+30
0.003748339302347909 1.340323598064056e+30
0.0037711255595050393 1.3510505412457277e+30
0.003794190547636569 1.3624462995559685e+30
0.003817539412545102 1.374080210473311e+30
0.0038411774274834613 1.3889339642093384e+30
0.0038651099971251032 1.418005008863724e+30
0.003889342661683881 1.4128777605061744e+30
0.003913881101189773 1.4227262588521946e+30
0.003938731139927485 1.4361488700291782e+30
0.003963898751045233 1.4475352835260215e+30
0.003989390061341344 1.4604505998451387e+30
0.004015211356236757 1.4748605531018762e+30
0.004041369084941883 1.4874061001015664e+30
0.004067869865826747 1.5011516115668502e+30
0.004094720492003822 1.5154525895926057e+30
0.004121927937133415 1.5290806970779396e+30
0.004149499361462067 1.5423130526586663e+30
0.0041774421181049095 1.5543983224786114e+30
0.0042057637595835865 1.5662851494720173e+30
0.004234472044631938 1.581594159654501e+30
0.00426357494528233 1.5981545557316952e+30
0.004285666007174984 1.60328132063209e+30
0.004300521002000548 1.612082761415948e+30
0.00431547933592055 1.6173068816898347e+30
0.004330542091019749 1.6272365236591576e+30
0.0043457103645434605 1.630243592044392e+30
0.0043609852691640005 1.6357111893205047e+30
0.004376367933252762 1.645326828635038e+30
0.004391859501158082 1.6589451912766875e+30
0.0044074611334890155 1.667325508675889e+30
0.004423174007405198 1.667917064628164e+30
0.004438999316912909 1.6689331904703966e+30
0.004454938273167533 1.6884589008223437e+30
0.004470992104782552 1.6958123845194472e+30
0.004487162058145236 1.6982387255185078e+30
0.004503449397739231 1.703888593263773e+30
0.004519855406474164 1.7165429016744106e+30
0.004536381386022515 1.7413545384411806e+30
0.004553028657163882 1.73570323009122e+30
0.004569798560136862 1.740982830228719e+30
0.004586692454998736 1.7525129821568564e+30
0.004603711721993166 1.758342825370623e+30
0.004620857761926101 1.7703432879163361e+30
0.004638131996550124 1.779812170670134e+30
0.004655535868957441 1.7829932993020597e+30
0.004673070843981763 1.7981472846029934e+30
0.004690738408609293 1.8073447473878884e+30
0.004708540072399081 1.8073072566481196e+30
0.004726477367912983 1.8148941322788015e+30
0.00474455185115548 1.8202711414052417e+30
0.004762765102023639 1.8283021020580985e+30
0.004781118724767468 1.8425462081175127e+30
0.0047996143484609595 1.8514886033866593e+30
0.00481825362748411 1.8606878630320134e+30
0.00483703824201621 1.8611314512686138e+30
0.0048559698985407365 1.8717868608454463e+30
0.004875050330362114 1.8738996546490374e+30
0.004894281298134746 1.8872267638639505e+30
0.004913664590404585 1.897914747471696e+30
0.004927324499909285 1.9150074640453307e+30
0.004937128169825539 1.9117742150669278e+30
0.004952895445417797 1.9263311512923607e+30
0.004972746729768169 1.9227186263701113e+30
0.004992757783006672 1.9406500858468037e+30
0.00501293054172589 1.942683963891535e+30
0.0050332669739438455 1.9565797841648887e+30
0.005053769079744025 1.9669380297963965e+30
0.005074438891931116 1.9794037610874975e+30
0.005095278476702907 1.981047646387063e+30
0.005116289934338796 1.997419653799595e+30
0.005137475399905416 2.001828818803749e+30
0.005158837043979868 2.0102109186289274e+30
0.005180377073391056 2.0290738637457348e+30
0.005202097731979698 2.0292326288134237e+30
0.005224001301377507 2.0449866389294694e+30
0.005246090101806164 2.052933034279224e+30
0.005268366492896637 2.071329532405306e+30
0.005290832874529459 2.0730140728312484e+30
0.005313491687696608 2.085256394428862e+30
0.005336345415385625 2.060948836346317e+30
0.005359396583486643 2.1166761559873055e+30
0.005382647761723028 2.1321514949999696e+30
0.005406101564606354 2.1400115293601295e+30
0.005429760652416447 2.161958328401e+30
0.005453627732207288 2.169633209889199e+30
0.00547770555883955 2.1773192272975095e+30
0.0055019969360406125 2.1846838348235167e+30
0.005526504717492909 2.199235486794104e+30
0.00555123180795149 2.2171232100966727e+30
0.005576181164391721 2.219294953131433e+30
0.005601355797188072 2.236200144734344e+30
0.0056267587713249795 2.2537214464519395e+30
0.005652393207640811 2.2696897467196202e+30
0.005678262284105986 2.2721735001059021e+30
0.005704369237136359 2.289335409231537e+30
0.005730717362942993 2.3019556774192306e+30
0.005757310018919526 2.3183113641066092e+30
0.005784150625068336 2.3216405146974596e+30
0.005811242665466783 2.3332697069333915e+30
0.005838589689774861 2.354948380461019e+30
0.005866195314785617 2.332713069348472e+30
0.005894063226019753 2.3737697534600538e+30
0.005922197179365909 2.3753589585593475e+30
0.005950601002768143 2.3228881837743328e+30
0.00597064633819614 2.342601343349701e+30
0.005982161567392276 2.4242839892547523e+30
0.0060082339422622665 2.3492232193471198e+30
0.006037471090399796 2.431139168112405e+30
0.006066994176416421 2.380924049599537e+30
0.0060968074156125705 2.3533312638861423e+30
0.0061269151065538666 2.4265007454709377e+30
0.006157321633137261 2.4330233752482863e+30
0.006188031466718993 2.4187279305269058e+30
0.006219049168306556 2.4544126701260837e+30
0.0062535297836550305 2.4638228446547126e+30
0.006278847718001812 2.4846531151958373e+30
0.006307576558602736 2.5012522900610208e+30
0.006346293141059631 2.4136459053492985e+30
0.006378921897568936 2.5317744379651588e+30
0.006411887902207535 2.543960547260009e+30
0.0064451964107904314 2.5207481890753392e+30
0.006478852788914663 2.5245762969434297e+30
0.006512862514840724 2.588637819110664e+30
0.006547231182465214 2.4425000501868435e+30
0.006581964504388106 2.4894738255295204e+30
0.006617068315078176 2.618133135671179e+30
0.006652548574140257 2.61014524906437e+30
0.006688411369688184 2.591015893740816e+30
0.006724662921827415 2.596980865743419e+30
0.006761309586251542 2.686991687343666e+30
0.006798357857957031 2.6809679078304313e+30
0.00683581437508076 2.7137449197887465e+30
0.006873685922865142 2.655932670761574e+30
0.006911979437755755 2.771396610276829e+30
0.00695070201163674 2.6931757139510043e+30
0.006989860896209341 2.707807680735345e+30
0.007029463507519308 2.7941288713723936e+30
0.007069517430639077 2.8282708161741934e+30
0.007110030424510934 2.6819764038440515e+30
0.007151010426957683 2.8532218174375895e+30
0.007192465559867583 2.641832237825932e+30
0.007234404134560688 2.6523783320051526e+30
0.007276834657344035 2.8762396806066035e+30
0.007319765835263469 2.860954320716892e+30
0.007363206582060284 2.952289056197215e+30
0.007398332194854848 2.60065316714684e+30
0.007420456394002141 2.724893391745032e+30
0.007451653507970919 2.7636196521519784e+30
0.007496678604695818 2.993247504934387e+30
0.0075422511190100785 2.999365332473617e+30
0.007588381095273138 2.861927917606708e+30
0.007635078825090204 3.0298487360961075e+30
0.0076823548549669225 2.839411342309281e+30
0.0077302199942502065 3.045640791839416e+30
0.007778685323367762 3.0442669224707794e+30
0.007827762202379546 2.844242413909403e+30
0.00787746227985497 2.7526003070105755e+30
0.007927797502090467 2.934998294308613e+30
0.007978780122682688 3.7596484672329195e+30
0.008030422712473515 1.973057473039823e+30
0.008082738169883766 2.5132292004548988e+30
0.008135739731653494 3.130416657570717e+30
0.008178644094114423 2.91489678369486e+30
0.00820568987484893 3.101467156177914e+30
0.00824385587426683 3.111407019446018e+30
0.008298998722924134 3.293556939938306e+30
0.008354884236209819 3.2387756854637614e+30
0.008411527519167173 3.3217755309462154e+30
0.008468944089263877 3.224603407020385e+30
0.00852714989056466 3.219077367180829e+30
0.008574293773857346 3.364780729905773e+30
0.008604024334793051 3.3567439025712894e+30
0.008645995185206676 3.2734313302437144e+30
0.00870666883562918 3.1474584284374314e+30
0.008768200064149526 3.3797016994878566e+30
0.00883060718204383 3.25826764240924e+30
0.00889390902564271 3.4159746289167953e+30
0.00895812497528634 3.371148081751428e+30
0.009023274975106603 3.8273058832262497e+30
0.009089379553678813 2.3775682467800557e+30
0.009156459845587881 3.191728206989088e+30
0.009224537613956566 3.635557967802193e+30
0.009293635273986202 3.156140375937948e+30
0.009363775917563457 3.4068127768875573e+30
0.009434983338989794 3.428939230670379e+30
0.00950728206189393 3.6526424228142205e+30
0.00958069736739118 3.208848505409531e+30
0.00965525532355765 3.7057928584373366e+30
0.009730982816291435 3.704194984289096e+30
0.009807907581637612 3.726795486852892e+30
0.00988605823965863 3.6778857821203285e+30
0.009965464329937012 5.481998475755366e+30
0.010046156348802899 1.577151308087784e+30
0.010128165788384963 3.0275744316012167e+30
0.010211525177589779 2.908717421143461e+30
0.010296268125121643 3.7810002790397385e+30
0.01038242936466241 3.8775071216294667e+30
0.010470044802338886 3.3575175854516667e+30
0.01055915156661411 2.7273024030061085e+30
0.010649788060748138 3.5578922298731854e+30
0.010741994017984053 3.8888678243804177e+30
0.010835810559625835 3.7141210040259e+30
0.010931280256186414 3.932947056842534e+30
0.011028447191796959 3.5041874935031454e+30
0.011127357032082135 3.4502040027982515e+30
0.011228057095720887 4.052379152839115e+30
0.011330596429928385 4.132117738891997e+30
0.011435025890112055 3.561381119728444e+30
0.011541398223973562 4.0974426304729557e+30
0.0116497681603489 4.219832511756936e+30
0.011760192503101024 4.1713023428567706e+30
0.011872730230403425 4.393014140318478e+30
0.011987442599779304 3.214273045813682e+30
0.012104393259289347 2.529921559170277e+30
0.012223648365292198 3.492204194790622e+30
0.012345276707235403 4.240373493206886e+30
0.012469349839971437 3.1777469968024793e+30
0.012595942224133586 4.000680948402709e+30
0.012725131375150339 4.079714177258646e+30
0.012856998021524953 4.364187932801816e+30
0.012991626273059246 3.984404534242105e+30
0.013129103799758285 6.055491843151476e+30
0.013269522022215595 5.511882759167617e+30
0.013412976314347654 4.0678938632060315e+30
0.013559566219422493 4.290757677169087e+30
0.013709395680410585 2.2505257219232554e+30
0.013862573285778302 2.3083972031065904e+30
0.01401921253194529 2.2618547594121043e+30
0.014179432103738948 2.1095253279963987e+30
0.014343356174302404 2.0908029984297545e+30
0.014511114726048631 2.177960828010529e+30
0.014682843894404236 2.2135322703348785e+30
0.01485868633625339 1.9329302670906933e+30
0.015038791625177673 2.213661610920483e+30
0.015223316675793349 2.2106561219102008e+30
0.015412426199716249 2.1993973855727946e+30
0.015606293195939095 2.413872199977922e+30
0.01580509947868991 5.427373913447764e+29
0.016009036246156877 2.100510013272111e+30
0.01621830469381906 2.363471877611239e+30
0.016433116676518648 7.353435914054004e+29
0.01665369542385447 1.9065263209253208e+30
0.01688027631397494 2.027136277106003e+30
0.0170895359377019 2.1816186427205697e+30
0.017328216607222877 2.1979206554322483e+30
0.01759858594435685 1.8414791345695453e+30
0.017851803008304433 1.9795780030529837e+30
0.018112413271199387 2.0044938929870703e+30
0.0183807453196616 1.9036229598552344e+30
0.01865714750491967 1.7372170335596305e+30
0.018855627797525195 1.7966504857028666e+30
0.019087697062725506 1.9550454229232073e+30
0.019385942329330594 1.586805918339505e+30
0.01969365569963743 2.0369161180093502e+30
0.020011295307696096 1.5765916109771557e+30
0.020339349329133737 2.692465706943475e+30
0.0206783384846193 1.1159657587773016e+30
0.02102881879791793 1.9610184687449924e+30
0.021391384639261345 1.3296182702165987e+30
0.021766672089072948 1.3773810584884426e+30
0.022155362662092108 1.5320142509427615e+30
0.02255818743776651 3.193048056367101e+29
0.022975931649577 2.7316790305783286e+29
0.02340943979390864 1.534067333419941e+30
0.023859621328406883 1.5935289899936883e+30
0.024232427911663242 1.238496545979976e+30
0.02451976895409403 1.0822272145818938e+30
0.02481400618154316 1.4431000746822832e+30
0.02532041447096241 7.942689777111751e+29
0.025847923105774124 6.551843728834721e+29
0.026397878916535274 1.2963673685939643e+30
0.026971745849503438 5.4879206380693956e+29
0.02750998468020306 1.1074886429250775e+30
0.028133793856624897 3.979244178224807e+29
0.028853495559933908 6.611256740438407e+29
0.02940048125775256 6.881258492267888e+29
0.029968606499448262 5.8542600226063206e+29
0.030634575532769333 4.524395833075115e+29
0.031410134407016656 3.610694948340285e+29
0.032225982053952155 7.081499445643784e+29
0.03308534157539088 3.906702264415712e+29
0.03389891554855623 4.484152773905517e+29
0.034753510058183695 9.871354175786238e+28
0.03565230773210224 5.1970083384530446e+29
0.036707109736010594 3.7615438761315374e+29
0.037826228935279205 6.714288738945092e+29
0.039015732989847736 3.192077564129631e+29
0.040282477567440196 3.884597636666225e+29
0.041219279371334155 3.046813640915793e+29
0.04191555098233642 1.7003177415463074e+29
0.04278276927852269 1.1622146710164103e+29
0.043686630601308375 2.0743605488670448e+29
0.04446954512821354 1.9926929359098717e+29
0.04528103317799847 4.6601887804404455e+29
0.04612268806978283 1.2471732556795947e+29
0.04699622382868023 1.3798363724662826e+29
0.047719242656813765 8.922496631418913e+28
0.048276276617788244 4.152556842512538e+29
0.04923413924909357 1.946651574608559e+29
0.050434971913705606 1.3509107186098068e+29
0.05169584621154825 4.486209231502748e+28
0.05302138072979307 3.267961660676654e+28
0.053943491699006876 2.8883001473470677e+28
0.05465640128093207 2.233298033739338e+28
0.05563678516041067 2.2023919411646493e+28
0.05639546859441627 2.0372341289487682e+28
0.0574398291239425 2.0010736385061063e+28
0.059080967098912286 2.0213012803629385e+28
0.06052196629644673 1.6576488243228742e+28
0.06142080738005733 1.6208653959173006e+28
0.06266163177157363 1.579560192390645e+28
0.06395362417923495 9.550395002199875e+27
0.06495813136529624 1.3616502064453542e+28
0.06670431769232033 9.02182826203624e+27
0.0681703466525911 1.0736692711763005e+28
0.068927794948731 1.0451514482217065e+28
0.07009606265972644 1.0044723362122256e+28
0.07171678087151202 8.701252586493653e+27
0.07298237112218577 7.16111644131352e+27
0.0747409824745276 7.246348394086897e+27
0.07658643883192334 6.218276059549607e+27
0.07803146597969547 8.258657449856626e+27
0.08004518123078438 7.819742534210541e+27
0.08216558338259325 7.303100290799367e+27
0.0844013815698747 5.373818137521802e+27
0.08676225937602504 5.940067914456611e+27
0.08862145064836843 4.942186886731366e+27
0.09056206635599694 4.895343058108125e+27
0.09258957530426552 4.2764921198226756e+27
0.09399244765736046 4.060729756906611e+27
0.09470994725779831 3.8896336031487734e+27
0.09692971164665297 3.6479673095602594e+27
0.09769293772261087 3.802903084031682e+27
0.09925602472617263 3.4992614890203555e+27
0.10253721562621142 3.1421913214738253e+27
0.10514409398958967 2.7324070819969746e+27
0.10883336044536475 2.3838918246785005e+27
0.11279093718883254 1.9626857839906098e+27
0.114879658247885 1.9625218082664194e+27
0.11704719896954321 1.793374331922772e+27
0.11929810664203443 1.6201283322185885e+27
0.12163728520364293 1.490002335130761e+27
0.1240700309077158 1.2861264272103283e+27
0.12660207235481205 1.1246502768826729e+27
0.12923961552887062 1.0438559914869303e+27
0.1319893945826764 9.578631642504287e+26
0.1363406933051822 8.590186352687734e+26
