#"E (kev)" "Fv (kev/s/cm^2/kev)"
1.240700309077158e-07 6.592104348760951e+20
1.2522207398840916e-07 6.715386225169406e+20
1.2638283682155016e-07 6.839944069791661e+20
1.2755220613520696e-07 6.967266873565155e+20
1.2873005904515024e-07 7.096341012010201e+20
1.2991626273059247e-07 7.227808590583373e+20
1.3112453065706595e-07 7.363126175603297e+20
1.3232725139474809e-07 7.498878171152004e+20
1.335522399437199e-07 7.637747290435631e+20
1.3480012049947392e-07 7.7813391081152e+20
1.360417005567059e-07 7.925848110997739e+20
1.373063644397032e-07 8.073269457212127e+20
1.3856380490028567e-07 8.222312818315921e+20
1.3984448930085188e-07 8.37515103626384e+20
1.4114906815439796e-07 8.532430087705667e+20
1.4244550046810078e-07 8.689249256399914e+20
1.437659686068549e-07 8.850894803833831e+20
1.4509417718128381e-07 9.015575396082475e+20
1.4644715640665228e-07 9.184525088461269e+20
1.4779038821645716e-07 9.353547827749688e+20
1.4915848870848257e-07 9.527485476355058e+20
1.505521549662854e-07 9.706060997095123e+20
1.519348896739111e-07 9.886287876235594e+20
1.5334325906280533e-07 1.0069866670153631e+21
1.5475867644719446e-07 1.0256463901752934e+21
1.562004669617472e-07 1.0448028444852489e+21
1.5764934041641146e-07 1.0643485240735873e+21
1.591049383274119e-07 1.084096508053451e+21
1.605668835352864e-07 1.1041113941764255e+21
1.6205594423682836e-07 1.1246250758973196e+21
1.6355131941433667e-07 1.1455065682844877e+21
1.6507454883943029e-07 1.1668951765410162e+21
1.6660404311496683e-07 1.1887216579458535e+21
1.6813935615627564e-07 1.210642651019896e+21
1.697032292541592e-07 1.2333219536379922e+21
1.7127282013765298e-07 1.256196643082862e+21
1.728476329168512e-07 1.2793927173238882e+21
1.7445167450466224e-07 1.3032628046809827e+21
1.760607789239617e-07 1.3274542818007423e+21
1.776998437520994e-07 1.3522492169695823e+21
1.793437856428387e-07 1.37736771875941e+21
1.8099202174721489e-07 1.4028319756789799e+21
1.826708346697818e-07 1.4289985064163593e+21
1.8435368634133107e-07 1.4555430407667314e+21
1.8606783279501472e-07 1.4827150130292654e+21
1.877857286328376e-07 1.5101565007335472e+21
1.895356414722209e-07 1.5383666492331757e+21
1.9128897765605273e-07 1.56690950907607e+21
1.9304501463780272e-07 1.5957803010757118e+21
1.948335912495537e-07 1.625561465381703e+21
1.9662445468734676e-07 1.6557477045383872e+21
1.9844854591765164e-07 1.6863924739526513e+21
2.0030679836570198e-07 1.718193989543557e+21
2.0213429603733432e-07 1.7495610777479416e+21
2.040289934348229e-07 1.7825903506886602e+21
2.058911896908659e-07 1.815334616409955e+21
2.078224973328573e-07 1.8496730806311778e+21
2.0971945724766025e-07 1.883450553267248e+21
2.1168747808857839e-07 1.919015725979403e+21
2.136191992212738e-07 1.9543627320728711e+21
2.1562396751427842e-07 1.9911406663031896e+21
2.1759037339129395e-07 2.027547484661388e+21
2.196318479513468e-07 2.065674196423422e+21
2.2163278118563024e-07 2.1037680185707447e+21
2.237108382757227e-07 2.1430753220170974e+21
2.2578713540985587e-07 2.1831506619400444e+21
2.278604791693587e-07 2.2233729033341507e+21
2.299722537677772e-07 2.2649849578831838e+21
2.3208011767249495e-07 2.306669172748893e+21
2.3422697924809479e-07 2.349622105123393e+21
2.3641393084549503e-07 2.3934467464346914e+21
2.3859621328406886e-07 2.4379424423318425e+21
2.408191593705664e-07 2.483618000076528e+21
2.4303629952539824e-07 2.5293743466441726e+21
2.4529464394566194e-07 2.5768193034533764e+21
2.4754595153175537e-07 2.6243577852155653e+21
2.4983896678960086e-07 2.6728648975099217e+21
2.5217485956852805e-07 2.723102866586303e+21
2.5450262750300677e-07 2.773685592007991e+21
2.568205980288052e-07 2.8240849716796777e+21
2.5923533411557833e-07 2.8780142840043605e+21
2.616407231288819e-07 2.931648828184134e+21
2.640349668178672e-07 2.9852154865779684e+21
2.664734340801456e-07 3.040697471321738e+21
2.689573616035461e-07 3.097838722747367e+21
2.7142863904553885e-07 3.1550978480855366e+21
2.739457516178313e-07 3.2137919384442136e+21
2.765099864223664e-07 3.273963240193604e+21
2.790598985778583e-07 3.334586849886549e+21
2.815933520374848e-07 3.3955282863920974e+21
2.8423832968548866e-07 3.459820014015574e+21
2.868671234860481e-07 3.523824715193746e+21
2.895449962840509e-07 3.590342020570619e+21
2.9220450048920346e-07 3.6563646047577393e+21
2.949133133057186e-07 3.724425716971423e+21
2.976014173847825e-07 3.7926137353143813e+21
3.0041169711311335e-07 3.864791402373696e+21
3.031273660095671e-07 3.935186934142125e+21
3.0596801703505746e-07 4.008903246658775e+21
3.0878554232880985e-07 4.0834217850223775e+21
3.116554406121974e-07 4.159495742584772e+21
3.144994446329932e-07 4.235574694872549e+21
3.1747704940561877e-07 4.3160111109363125e+21
3.203460648275647e-07 4.3946641014201836e+21
3.2335165730444563e-07 4.477382368247394e+21
3.263283295836818e-07 4.5601749722616064e+21
3.2936031565626706e-07 4.6454595355878815e+21
3.3236011494164423e-07 4.730562210278045e+21
3.3550576232481283e-07 4.820812794832602e+21
3.3861907998830734e-07 4.910051212072348e+21
3.41696587462726e-07 5.000141676344369e+21
3.4492641342150627e-07 5.095227671996055e+21
3.480225270903669e-07 5.186631356452087e+21
3.5127415319285333e-07 5.284106754354547e+21
3.5458711319724434e-07 5.38450336083707e+21
3.578599103193418e-07 5.483937788257895e+21
3.610885649235035e-07 5.583556684970937e+21
3.644830520203167e-07 5.689181990048175e+21
3.6783288143408183e-07 5.79427935976821e+21
3.712448560972944e-07 5.902463219570736e+21
3.7472072155758324e-07 6.013606830122056e+21
3.781470006330869e-07 6.123654737474471e+21
3.816365146346226e-07 6.237296592128342e+21
3.8519103044928846e-07 6.354086538120281e+21
3.886905730191598e-07 6.469746275850837e+21
3.923783393665902e-07 6.593189562969054e+21
3.9601031250467857e-07 6.71573081480174e+21
3.9958141999264346e-07 6.837375192621376e+21
4.033486050315858e-07 6.967156741415111e+21
4.070539071775453e-07 7.095814533770987e+21
4.1082791691296625e-07 7.22778682223378e+21
4.146725631942373e-07 7.363341445407386e+21
4.1844867085232985e-07 7.498468109583455e+21
4.222941828036617e-07 7.636990058670939e+21
4.262110302566671e-07 7.779417163731224e+21
4.302012167396526e-07 7.925848110997738e+21
4.3411487371489084e-07 8.070153623668415e+21
4.382551427330124e-07 8.225495413989873e+21
4.423174007405198e-07 8.378388781618526e+21
4.462950752076108e-07 8.529398913985598e+21
4.505084637171961e-07 8.691495312295493e+21
4.546355108380938e-07 8.851548188207488e+21
4.5883887170013237e-07 9.016008516222588e+21
4.631206827462329e-07 9.184619903718167e+21
4.6730708439817624e-07 9.35107909358402e+21
4.717491669494897e-07 9.530301380474073e+21
4.760937486865533e-07 9.706060997095122e+21
4.80519097241347e-07 9.888176439481554e+21
4.848379480567245e-07 1.0066243379298113e+22
4.894281298134746e-07 1.025805141197195e+22
4.939093587090598e-07 1.0447029013720815e+22
4.984734066199911e-07 1.0640519538413824e+22
5.031225908666497e-07 1.0840772869254896e+22
5.078593160364953e-07 1.104497572806533e+22
5.124743118864758e-07 1.124723195903087e+22
5.171739512618416e-07 1.145411365950637e+22
5.219605843824813e-07 1.1667481962374131e+22
5.268366492896637e-07 1.1886371318339755e+22
5.318046759867801e-07 1.2111389280952063e+22
5.366350817807777e-07 1.2332794158075355e+22
5.415540415002872e-07 1.2559465605815786e+22
5.465640128093207e-07 1.2792769583836171e+22
5.516675451654772e-07 1.3032930558116968e+22
5.568672841459416e-07 1.3279614933808907e+22
5.61911371864655e-07 1.352106236615229e+22
5.670476732528144e-07 1.3769828639072462e+22
5.722787403492427e-07 1.4025364334114192e+22
5.776072202407626e-07 1.4287476787004138e+22
5.830358595287397e-07 1.45575606741086e+22
5.882884348398094e-07 1.482044534384775e+22
5.939206840962939e-07 1.510624400226841e+22
5.993721299889652e-07 1.538403784273696e+22
6.049245778045626e-07 1.5669931653895972e+22
6.105808607663179e-07 1.596622029848323e+22
6.160378893133854e-07 1.6253324599537017e+22
6.219049168306556e-07 1.6562151834568993e+22
6.275671770749408e-07 1.6864841923900962e+22
6.333334911062573e-07 1.7175943307939736e+22
6.392067537749397e-07 1.749567608225798e+22
6.451899683188549e-07 1.7825694688802373e+22
6.512862514840725e-07 1.816593336573438e+22
6.571505874349354e-07 1.8493660590347628e+22
6.631214906879519e-07 1.8830104982900422e+22
6.692018927061262e-07 1.9177139512769287e+22
6.753948334660632e-07 1.9533660397352593e+22
6.81703466525911e-07 1.990228958215728e+22
6.881310643800101e-07 2.0278062120638293e+22
6.946810241193494e-07 2.0667453841227968e+22
7.009606265972645e-07 2.104190974614682e+22
7.073547942287105e-07 2.142846429364142e+22
7.138666910685604e-07 2.182411652451392e+22
7.20499598767223e-07 2.2231619081826006e+22
7.272569220850868e-07 2.265018900725255e+22
7.341421947202118e-07 2.3080871267460138e+22
7.407166024341242e-07 2.3496634652236993e+22
7.474098247452758e-07 2.3920643506915565e+22
7.546838862999744e-07 2.4389162339545437e+22
7.616330933561436e-07 2.484225266930821e+22
7.687114678297137e-07 2.5307836723954813e+22
7.754376931732238e-07 2.5749115524801544e+22
7.827762202379546e-07 2.624225884509897e+22
7.902549739344955e-07 2.674529158877535e+22
7.97365237196117e-07 2.7226761978908624e+22
8.046046102964707e-07 2.7724837942391067e+22
8.119766420662028e-07 2.823372566742646e+22
8.194850126005006e-07 2.8759731753741925e+22
8.27133539384772e-07 2.9294898456597356e+22
8.349261837665936e-07 2.9851284127304416e+22
8.428670577969822e-07 3.042327228005986e+22
8.503771823695394e-07 3.0970700449810236e+22
8.586161308492443e-07 3.157502733941232e+22
8.664108303611438e-07 3.214966806669697e+22
8.743483503010276e-07 3.273831339746582e+22
8.82432652259714e-07 3.3344997764922476e+22
8.906678457122455e-07 3.397287363056164e+22
8.990581949834478e-07 3.4616456859165103e+22
9.069446703780395e-07 3.5226088908769074e+22
9.156459845587882e-07 3.5903855573291827e+22
9.238274825593135e-07 3.6545889211316976e+22
9.328573752459835e-07 3.726744819824329e+22
9.413507656124112e-07 3.7948072222925055e+22
9.500002366593859e-07 3.864836229386051e+22
9.588101306624096e-07 3.93718175859541e+22
9.677849524782824e-07 4.0111135076406595e+22
9.761607467168827e-07 4.081000291974834e+22
9.85464899981857e-07 4.158876695609342e+22
9.949481227563416e-07 4.239329886133155e+22
1.0038028390591892e-06 4.315057797021936e+22
1.0128165788384964e-06 4.393050951698257e+22
1.0228361987445655e-06 4.479847397940128e+22
1.032196596570015e-06 4.562433764372849e+22
1.0417298984694862e-06 4.647177656063486e+22
1.0514409398958968e-06 4.734134222538995e+22
1.0613347383038135e-06 4.823712235067379e+22
1.0704920699544072e-06 4.907250458012723e+22
1.0807493981508345e-06 5.002144242594128e+22
1.090246317291e-06 5.090166835530749e+22
1.1008875856940178e-06 5.190363488998588e+22
1.110743338475522e-06 5.28365186574219e+22
1.1207771536379026e-06 5.3794707442364595e+22
1.1320258294499618e-06 5.487955656927378e+22
1.1424496400342154e-06 5.589350404170164e+22
1.1530672017445707e-06 5.6939045216357775e+22
1.162793166895181e-06 5.790038479443148e+22
1.1737940483227605e-06 5.900271022796477e+22
1.1850050707518223e-06 6.013672135300214e+22
1.195279681191867e-06 6.1180956425569306e+22
1.2069069154447063e-06 6.238089785695013e+22
1.2175665447273387e-06 6.348475997811703e+22
1.2296336066175994e-06 6.474859681241617e+22
1.240700309077158e-06 6.59210434876095e+22
1.2522207398840917e-06 6.715386225169406e+22
1.2638283682155018e-06 6.839944069791662e+22
1.2755220613520694e-06 6.967266873565154e+22
1.2873005904515026e-06 7.096341012010202e+22
1.2991626273059246e-06 7.227808590583373e+22
1.3112453065706595e-06 7.363126175603297e+22
1.323272513947481e-06 7.498878171152004e+22
1.3355223994371992e-06 7.637747290435632e+22
1.3480012049947394e-06 7.7813391081152e+22
1.3604170055670592e-06 7.925848110997738e+22
1.3730636443970317e-06 8.073269457212127e+22
1.3856380490028568e-06 8.22231281831592e+22
1.398444893008519e-06 8.375151036263839e+22
1.4114906815439797e-06 8.532430087705666e+22
1.4244550046810078e-06 8.689249256399914e+22
1.4376596860685492e-06 8.850894803833831e+22
1.4509417718128384e-06 9.015575396082476e+22
1.4644715640665227e-06 9.184525088461269e+22
1.477903882164572e-06 9.353547827749688e+22
1.4915848870848259e-06 9.527485476355059e+22
1.5055215496628538e-06 9.706060997095122e+22
1.5193488967391111e-06 9.886287876235594e+22
1.5334325906280534e-06 1.006986667015363e+23
1.5475867644719446e-06 1.0256463901752935e+23
1.562004669617472e-06 1.0448028444852488e+23
1.5764934041641144e-06 1.0643485240735873e+23
1.5910493832741191e-06 1.084096508053451e+23
1.605668835352864e-06 1.1041113941764255e+23
1.6205594423682838e-06 1.1246250758973195e+23
1.6355131941433667e-06 1.1455065682844876e+23
1.650745488394303e-06 1.1668951765410162e+23
1.6660404311496684e-06 1.1887216579458534e+23
1.6813935615627564e-06 1.210642651019896e+23
1.697032292541592e-06 1.2333219536379924e+23
1.7127282013765295e-06 1.2561966430828621e+23
1.728476329168512e-06 1.2793927173238882e+23
1.7445167450466227e-06 1.3032628046809827e+23
1.7606077892396168e-06 1.3274542818007425e+23
1.7769984375209941e-06 1.3522492169695822e+23
1.7934378564283869e-06 1.37736771875941e+23
1.8099202174721486e-06 1.40283197567898e+23
1.8267083466978182e-06 1.4289985064163592e+23
1.8435368634133106e-06 1.4555430407667314e+23
1.8606783279501468e-06 1.4827150130292655e+23
1.877857286328376e-06 1.5101565007335473e+23
1.8953564147222088e-06 1.538366649233176e+23
1.912889776560527e-06 1.56690950907607e+23
1.930450146378027e-06 1.5957803010757117e+23
1.948335912495537e-06 1.625561465381703e+23
1.9662445468734675e-06 1.6557477045383872e+23
1.9844854591765163e-06 1.6863924739526515e+23
2.0030679836570197e-06 1.7181939895435572e+23
2.0213429603733433e-06 1.7495610777479416e+23
2.040289934348229e-06 1.7825903506886603e+23
2.058911896908659e-06 1.8153346164099552e+23
2.078224973328573e-06 1.849673080631178e+23
2.0971945724766024e-06 1.8834505532672477e+23
2.116874780885784e-06 1.9190157259794028e+23
2.1361919922127376e-06 1.954362732072871e+23
2.156239675142784e-06 1.9911406663031896e+23
2.1759037339129394e-06 2.0275474846613876e+23
2.196318479513468e-06 2.065674196423422e+23
2.216327811856302e-06 2.1037680185707446e+23
2.237108382757227e-06 2.1430753220170973e+23
2.2578713540985587e-06 2.1831506619400442e+23
2.2786047916935868e-06 2.2233729033341505e+23
2.299722537677772e-06 2.2649849578831837e+23
2.3208011767249496e-06 2.306669172748893e+23
2.3422697924809475e-06 2.3496221051233932e+23
2.3641393084549505e-06 2.3934467464346914e+23
2.385962132840688e-06 2.4379424423318426e+23
2.408191593705664e-06 2.4836180000765277e+23
2.4303629952539826e-06 2.5293743466441726e+23
2.4529464394566192e-06 2.5768193034533767e+23
2.4754595153175536e-06 2.6243577852155865e+23
2.498389667896009e-06 2.6728648975099215e+23
2.5217485956852803e-06 2.7231028665863033e+23
2.5450262750300675e-06 2.7736855920079908e+23
2.568205980288052e-06 2.8240849716796777e+23
2.5923533411557833e-06 2.8780142840043606e+23
2.616407231288819e-06 2.931648828184134e+23
2.6403496681786724e-06 2.9852154865779683e+23
2.6647343408014564e-06 3.040697471321738e+23
2.6895736160354607e-06 3.0978387227473674e+23
2.714286390455388e-06 3.155097848085537e+23
2.739457516178313e-06 3.213791938444214e+23
2.765099864223664e-06 3.2739632401936037e+23
2.790598985778583e-06 3.334586849886549e+23
2.8159335203748477e-06 3.395528286392097e+23
2.8423832968548867e-06 3.459820014015574e+23
2.868671234860481e-06 3.523824715193746e+23
2.8954499628405087e-06 3.590342020570619e+23
2.922045004892035e-06 3.6563646047577394e+23
2.9491331330571854e-06 3.724425716971423e+23
2.976014173847824e-06 3.792613735314381e+23
3.004116971131133e-06 3.8647914023736966e+23
3.0312736600956705e-06 3.935186934142125e+23
3.059680170350575e-06 4.0089032466587745e+23
3.0878554232880982e-06 4.0834217850223776e+23
3.116554406121974e-06 4.1594957425847724e+23
3.1449944463299315e-06 4.235574694872549e+23
3.1747704940561875e-06 4.316011110936313e+23
3.203460648275647e-06 4.3946641014201836e+23
3.233516573044457e-06 4.477382368247394e+23
3.2632832958368175e-06 4.560174972261606e+23
3.29360315656267e-06 4.645459535587882e+23
3.3236011494164426e-06 4.7305622102780456e+23
3.355057623248129e-06 4.820812794832602e+23
3.386190799883073e-06 4.9100512120723486e+23
3.4169658746272594e-06 5.00014167634437e+23
3.449264134215063e-06 5.095227671996055e+23
3.480225270903669e-06 5.1866313564520864e+23
3.5127415319285334e-06 5.284106754354547e+23
3.5458711319724436e-06 5.38450336083707e+23
3.5785991031934176e-06 5.4839377882578957e+23
3.610885649235035e-06 5.583556684970938e+23
3.6448305202031668e-06 5.689181990048175e+23
3.6783288143408182e-06 5.794279359768211e+23
3.7124485609729446e-06 5.902463219570736e+23
3.747207215575832e-06 6.013606830122057e+23
3.7814700063308684e-06 6.123654737474471e+23
3.8163651463462256e-06 6.237296592128342e+23
3.851910304492885e-06 6.354086538120282e+23
3.886905730191597e-06 6.469746275850838e+23
3.9237833936659015e-06 6.593189562969054e+23
3.960103125046786e-06 6.715730814801741e+23
3.995814199926435e-06 6.837375192621377e+23
4.033486050315858e-06 6.967156741415111e+23
4.070539071775453e-06 7.095814533770988e+23
4.108279169129662e-06 7.227786822233779e+23
4.146725631942373e-06 7.363341445407387e+23
4.184486708523299e-06 7.498468109583455e+23
4.222941828036617e-06 7.63699005867094e+23
4.2621103025666715e-06 7.779417163731224e+23
4.302012167396526e-06 7.925848110997738e+23
4.341148737148908e-06 8.070153623668416e+23
4.382551427330124e-06 8.225495413989873e+23
4.423174007405198e-06 8.378388781618527e+23
4.462950752076108e-06 8.529398913985598e+23
4.505084637171961e-06 8.691495312295493e+23
4.546355108380938e-06 8.851548188207489e+23
4.5883887170013235e-06 9.016008516222588e+23
4.631206827462329e-06 9.184619903718168e+23
4.6730708439817624e-06 9.351079093584019e+23
4.717491669494898e-06 9.530301380474071e+23
4.760937486865534e-06 9.706060997095122e+23
4.80519097241347e-06 9.888176439481554e+23
4.8483794805672445e-06 1.0066243379298115e+24
4.894281298134746e-06 1.0258051411971951e+24
4.939093587090597e-06 1.0447029013720813e+24
4.984734066199912e-06 1.0640519538413825e+24
5.031225908666497e-06 1.0840772869254895e+24
5.078593160364953e-06 1.1044975728065329e+24
5.124743118864759e-06 1.1247231959030869e+24
5.171739512618416e-06 1.1454113659506371e+24
5.219605843824813e-06 1.1667481962374132e+24
5.268366492896637e-06 1.1886371318339755e+24
5.318046759867801e-06 1.2111389280952064e+24
5.366350817807777e-06 1.2332794158075355e+24
5.415540415002873e-06 1.2559465605815785e+24
5.465640128093207e-06 1.2792769583836172e+24
5.516675451654771e-06 1.3508232247855952e+24
5.568672841459417e-06 1.6055831593922087e+24
5.619113718646549e-06 1.8487127905353462e+24
5.6704767325281446e-06 2.0924776199329946e+24
5.722787403492427e-06 2.3368392269711213e+24
5.776072202407626e-06 2.581830039212213e+24
5.8303585952873965e-06 2.827554920203516e+24
5.882884348398094e-06 3.061601454831313e+24
5.939206840962939e-06 3.308861705235684e+24
5.9937212998896524e-06 3.544368724324473e+24
6.0492457780456266e-06 3.7806619635699765e+24
6.105808607663179e-06 4.01800795222157e+24
6.160378893133853e-06 4.243480279732943e+24
6.219049168306557e-06 4.4820475401300136e+24
6.275671770749409e-06 4.7090581095994484e+24
6.333334911062572e-06 4.936910153298144e+24
6.392067537749398e-06 5.165629046641845e+24
6.451899683188549e-06 5.395382785297874e+24
6.512862514840725e-06 5.626141959267212e+24
6.571505874349353e-06 5.844710086750356e+24
6.631214906879519e-06 6.064165657810107e+24
6.692018927061262e-06 6.284695590809886e+24
6.7539483346606315e-06 6.506149458073641e+24
6.81703466525911e-06 6.72881630957448e+24
6.8813106438001e-06 6.952220899148026e+24
6.946810241193494e-06 7.176968782619535e+24
7.009606265972644e-06 7.389283100661509e+24
7.073547942287104e-06 7.602845584893166e+24
7.138666910685604e-06 7.817279489192647e+24
7.2049959876722295e-06 8.032920717160369e+24
7.272569220850868e-06 8.249669911765427e+24
7.341421947202118e-06 8.467641539311367e+24
7.407166024341242e-06 8.673185302259789e+24
7.474098247452759e-06 8.879549969821553e+24
7.546838862999745e-06 9.101308139535549e+24
7.616330933561437e-06 9.310576620293159e+24
7.687114678297138e-06 9.521107163293846e+24
7.754376931732238e-06 9.718284248419784e+24
7.827762202379545e-06 9.931707504721724e+24
7.902549739344956e-06 1.0146137372012652e+25
7.97365237196117e-06 1.034747468261035e+25
8.046046102964708e-06 1.0550479900135085e+25
8.119766420662029e-06 1.0754583719574574e+25
8.194850126005006e-06 1.0960388237163813e+25
8.27133539384772e-06 1.1167153253668026e+25
8.349261837665935e-06 1.1376029358780049e+25
8.428670577969824e-06 1.1586483596962047e+25
8.503771823695394e-06 1.1783523477729718e+25
8.586161308492443e-06 1.1997241522733082e+25
8.664108303611439e-06 1.2197028194337481e+25
8.743483503010276e-06 1.2398266084699493e+25
8.82432652259714e-06 1.2601288620329417e+25
8.906678457122455e-06 1.284778520526194e+25
8.99058194983448e-06 1.3131330267951104e+25
9.069446703780395e-06 1.3394632963750456e+25
9.156459845587883e-06 1.3681605888697425e+25
9.238274825593134e-06 1.3948175763420872e+25
9.328573752459835e-06 1.4239561778269506e+25
9.413507656124113e-06 1.4510019450906937e+25
9.500002366593858e-06 1.4782426011670698e+25
9.588101306624096e-06 1.5057201635043278e+25
9.677849524782825e-06 1.5333568100404293e+25
9.761607467168829e-06 1.5589031018655842e+25
9.85464899981857e-06 1.5869343033967552e+25
9.949481227563417e-06 1.6152289845004426e+25
1.0038028390591894e-05 1.6413630353621695e+25
1.0128165788384964e-05 1.667726274720171e+25
1.0228361987445657e-05 1.6966589548449831e+25
1.032196596570015e-05 1.7234869712472162e+25
1.0417298984694862e-05 1.7605040473758466e+25
1.0514409398958966e-05 1.7999591707401855e+25
1.0613347383038135e-05 1.8396774494990562e+25
1.0704920699544073e-05 1.8759979251314041e+25
1.0807493981508344e-05 1.9162533912872046e+25
1.090246317291e-05 1.9530283000304612e+25
1.1008875856940179e-05 1.993814901514825e+25
1.1107433384755221e-05 2.031119466849031e+25
1.1207771536379025e-05 2.0686760403910694e+25
1.1320258294499616e-05 2.1103022733683716e+25
1.1424496400342155e-05 2.1484219997573563e+25
1.1530672017445707e-05 2.1868597664949386e+25
1.162793166895181e-05 2.221664939419634e+25
1.1737940483227607e-05 2.260673388508409e+25
1.1850050707518224e-05 2.300007569846972e+25
1.1952796811918672e-05 2.3356342965025337e+25
1.2069069154447062e-05 2.3756247112568196e+25
1.2175665447273385e-05 2.411872874046004e+25
1.2296336066175995e-05 2.452523274896343e+25
1.2407003090771581e-05 2.4894576664155175e+25
1.2522207398840916e-05 2.5491472795789204e+25
1.2638283682155017e-05 2.60844928505805e+25
1.2755220613520696e-05 2.667529511659025e+25
1.2873005904515024e-05 2.7262484032535007e+25
1.2991626273059245e-05 2.784722548420237e+25
1.3112453065706594e-05 2.843572670737027e+25
1.3232725139474808e-05 2.901440766449348e+25
1.3355223994371992e-05 2.9596356056661273e+25
1.3480012049947392e-05 3.018283568066159e+25
1.3604170055670592e-05 3.0760119526920544e+25
1.3730636443970319e-05 3.1340276407616068e+25
1.3856380490028569e-05 3.1911976202067234e+25
1.398444893008519e-05 3.24872060577687e+25
1.4114906815439796e-05 3.3067164425283615e+25
1.424455004681008e-05 3.3636350405876386e+25
1.4376596860685493e-05 3.42102648476861e+25
1.4509417718128382e-05 3.4782175478070547e+25
1.4644715640665226e-05 3.5358551955000274e+25
1.4779038821645717e-05 3.59246320188621e+25
1.4915848870848256e-05 3.649547298494645e+25
1.5055215496628541e-05 3.7071223113649375e+25
1.519348896739111e-05 3.7638269611829275e+25
1.5334325906280535e-05 3.8208894708142524e+25
1.5475867644719448e-05 3.877730202321527e+25
1.5620046696174718e-05 3.969056056729265e+25
1.5764934041641144e-05 4.069789618381588e+25
1.591049383274119e-05 4.169634632414346e+25
1.605668835352864e-05 4.268642002837087e+25
1.6205594423682837e-05 4.36814677643008e+25
1.6355131941433668e-05 4.466902646623324e+25
1.650745488394303e-05 4.5661789465174155e+25
1.6660404311496683e-05 4.664791792185976e+25
1.6813935615627565e-05 4.762391350791932e+25
1.6970322925415922e-05 4.860739634189154e+25
1.7127282013765297e-05 4.958196233515365e+25
1.728476329168512e-05 5.05484983796374e+25
1.7445167450466226e-05 5.1522012097968175e+25
1.760607789239617e-05 5.24874787405794e+25
1.776998437520994e-05 5.345930056178974e+25
1.7934378564283868e-05 5.4423075309746965e+25
1.8099202174721487e-05 5.53792954510054e+25
1.826708346697818e-05 5.634264220645763e+25
1.8435368634133105e-05 5.72986314289929e+25
1.860678327950147e-05 5.82610248407977e+25
1.877857286328376e-05 5.921512467709139e+25
1.895356414722209e-05 6.017689256212727e+25
1.9128897765605272e-05 6.1130908184239e+25
1.930450146378027e-05 6.2077123472710275e+25
1.948335912495537e-05 6.303264732230074e+25
1.9662445468734677e-05 6.398109299027272e+25
1.9844854591765163e-05 6.493421768897875e+25
2.0030679836570197e-05 6.589921194175212e+25
2.021342960373343e-05 6.68373419401733e+25
2.040289934348229e-05 6.7803334387539714e+25
2.0589118969086592e-05 6.8744348824764085e+25
2.0782249733285726e-05 7.0330971294657525e+25
2.0971945724766023e-05 7.238488186103008e+25
2.116874780885784e-05 7.448835985842742e+25
2.1361919922127373e-05 7.6526246157193904e+25
2.156239675142784e-05 7.861025559556596e+25
2.1759037339129394e-05 8.062690258952235e+25
2.196318479513468e-05 8.269298937061264e+25
2.216327811856302e-05 8.469521251252606e+25
2.2371083827572267e-05 8.674139276430887e+25
2.2578713540985585e-05 8.876339966052611e+25
2.278604791693587e-05 9.075553607060928e+25
2.2997225376777723e-05 9.276148136315688e+25
2.3208011767249497e-05 9.473657162130624e+25
2.3422697924809478e-05 9.672425608084947e+25
2.3641393084549505e-05 9.872084018682682e+25
2.3859621328406886e-05 1.0069274407861397e+26
2.4081915937056637e-05 1.026764214887408e+26
2.4303629952539823e-05 1.0462909687077516e+26
2.4529464394566193e-05 1.0659909612387866e+26
2.475459515317554e-05 1.085382083013633e+26
2.498389667896009e-05 1.1048723863617272e+26
2.5217485956852804e-05 1.1245362566591713e+26
2.545026275030068e-05 1.1439163792991213e+26
2.5682059802880522e-05 1.1629633259928552e+26
2.5923533411557836e-05 1.1826835173557757e+26
2.616407231288819e-05 1.2020573942584477e+26
2.6403496681786724e-05 1.2211061383689817e+26
2.6647343408014564e-05 1.2403486404391445e+26
2.6895736160354605e-05 1.2597597733293422e+26
2.7142863904553883e-05 1.2788666220601146e+26
2.739457516178313e-05 1.2981151682262266e+26
2.7650998642236638e-05 1.3175159204346508e+26
2.790598985778583e-05 1.336645878078988e+26
2.815933520374848e-05 1.3554915718636578e+26
2.8423832968548864e-05 1.3749891405461842e+26
2.8686712348604812e-05 1.3941434994802688e+26
2.8954499628405086e-05 1.4135523342081876e+26
2.922045004892035e-05 1.4325903758427483e+26
2.9491331330571855e-05 1.4518420036705348e+26
2.9760141738478244e-05 1.4707857024656143e+26
3.0041169711311335e-05 1.4904474230332463e+26
3.0312736600956707e-05 1.5092979270562927e+26
3.059680170350574e-05 1.5287994638333824e+26
3.087855423288099e-05 1.5480657755163858e+26
3.1165544061219745e-05 1.5940083296620923e+26
3.144994446329932e-05 1.663357003188592e+26
3.1747704940561877e-05 1.7348648747021502e+26
3.203460648275647e-05 1.802760474188709e+26
3.233516573044457e-05 1.8727817878603365e+26
3.2632832958368175e-05 1.9410981231966554e+26
3.2936031565626704e-05 2.009668354641638e+26
3.3236011494164424e-05 2.0765037042907982e+26
3.355057623248129e-05 2.1455715406675996e+26
3.386190799883073e-05 2.21282771927439e+26
3.4169658746272596e-05 2.27845492130672e+26
3.4492641342150625e-05 2.3462992720940912e+26
3.480225270903669e-05 2.4103611372507725e+26
3.5127415319285335e-05 2.4767333290119996e+26
3.5458711319724434e-05 2.5433895990943216e+26
3.578599103193418e-05 2.6082544043243383e+26
3.610885649235035e-05 2.6714230364003058e+26
3.644830520203167e-05 2.736925044805327e+26
3.6783288143408185e-05 2.8006372919897604e+26
3.712448560972944e-05 2.8646779989245848e+26
3.747207215575832e-05 2.929004526011735e+26
3.781470006330868e-05 2.9915133356854113e+26
3.816365146346226e-05 3.0544015946726238e+26
3.851910304492884e-05 3.117577358090793e+26
3.8869057301915976e-05 3.178956738708189e+26
3.923783393665901e-05 3.242814132559071e+26
3.960103125046786e-05 3.3048801444104625e+26
3.995814199926435e-05 3.3651547751609186e+26
4.033486050315858e-05 3.427932076642392e+26
4.070539071775452e-05 3.488912999337865e+26
4.1082791691296624e-05 3.55022574502326e+26
4.1467256319423736e-05 3.611893299776209e+26
4.184486708523298e-05 3.671795787649939e+26
4.222941828036617e-05 3.732051413766691e+26
4.262110302566672e-05 3.792707815702554e+26
4.3020121673965253e-05 3.8537649893840874e+26
4.341148737148909e-05 3.9129141608143465e+26
4.382551427330124e-05 3.9748664798793214e+26
4.423174007405198e-05 4.034864811528833e+26
4.462950752076108e-05 4.092958454074908e+26
4.505084637171961e-05 4.153897873597478e+26
4.546355108380938e-05 4.212907940922367e+26
4.588388717001324e-05 4.272366378553357e+26
4.631206827462329e-05 4.3322698563621525e+26
4.673070843981763e-05 4.39020296819208e+26
4.717491669494897e-05 4.4511640627419825e+26
4.7609374868655334e-05 4.510062818985287e+26
4.8051909724134705e-05 4.5695921466953166e+26
4.8483794805672445e-05 4.627026179892161e+26
4.894281298134746e-05 4.687547399904582e+26
4.9390935870905965e-05 4.746063604479932e+26
4.984734066199911e-05 4.80503637579134e+26
5.0312259086664966e-05 4.8647020166568555e+26
5.078593160364953e-05 4.924758537424378e+26
5.1247431188647585e-05 4.9829019654152375e+26
5.1717395126184165e-05 5.0415396130327844e+26
5.219605843824813e-05 5.100814352637789e+26
5.268366492896637e-05 5.160678538193703e+26
5.318046759867801e-05 5.2211222573660076e+26
5.366350817807777e-05 5.279513364639473e+26
5.415540415002872e-05 5.3384166628567445e+26
5.465640128093207e-05 5.398016057981947e+26
5.516675451654771e-05 5.4583000769027585e+26
5.568672841459417e-05 5.5192325848978825e+26
5.6191137186465493e-05 5.577939904040094e+26
5.6704767325281444e-05 5.637385985060314e+26
5.722787403492426e-05 5.697528106263636e+26
5.776072202407626e-05 5.7583136998199246e+26
5.830358595287397e-05 5.819915126185732e+26
5.882884348398094e-05 5.879089407511824e+26
5.939206840962939e-05 5.9422830888523166e+26
5.993721299889652e-05 6.002957687967166e+26
6.049245778045627e-05 6.064459461882633e+26
6.10580860766318e-05 6.1270035223136456e+26
6.160378893133854e-05 6.1869003712225525e+26
6.219049168306556e-05 6.296305727945514e+26
6.275671770749408e-05 6.556263636091321e+26
6.333334911062573e-05 6.817048606625555e+26
6.392067537749397e-05 7.077759731495395e+26
6.451899683188549e-05 7.338727611113465e+26
6.512862514840725e-05 7.600249710732935e+26
6.571505874349354e-05 7.847443880922525e+26
6.631214906879519e-05 8.095073559730985e+26
6.692018927061263e-05 8.342744873462015e+26
6.753948334660632e-05 8.591035665211867e+26
6.81703466525911e-05 8.839408140815198e+26
6.8813106438001e-05 9.088433892431494e+26
6.946810241193494e-05 9.337179167940885e+26
7.009606265972643e-05 9.572126791841707e+26
7.073547942287104e-05 9.807421080924016e+26
7.138666910685605e-05 1.004267749445199e+27
7.20499598767223e-05 1.0278760747867916e+27
7.272569220850867e-05 1.0515107830720482e+27
7.341421947202118e-05 1.0751280957252653e+27
7.407166024341242e-05 1.0973458709243188e+27
7.47409824745276e-05 1.1196228849636306e+27
7.546838862999744e-05 1.1433691242979414e+27
7.616330933561437e-05 1.1657038629475456e+27
7.687114678297137e-05 1.1880730912342036e+27
7.754376931732237e-05 1.2089580562793519e+27
7.827762202379545e-05 1.2314140604540862e+27
7.902549739344956e-05 1.2538716962551557e+27
7.97365237196117e-05 1.2748873186324615e+27
8.046046102964707e-05 1.295933869763851e+27
8.119766420662029e-05 1.3170694223361818e+27
8.194850126005006e-05 1.3382144597141226e+27
8.27133539384772e-05 1.3593864224697037e+27
8.349261837665935e-05 1.380625852033474e+27
8.428670577969823e-05 1.4018722019343061e+27
8.503771823695394e-05 1.421669686546331e+27
8.586161308492443e-05 1.4430473812957715e+27
8.664108303611439e-05 1.462945341825525e+27
8.743483503010275e-05 1.4828804555451864e+27
8.824326522597141e-05 1.5028461683500515e+27
8.906678457122455e-05 1.5228640266162968e+27
8.990581949834478e-05 1.5429193786379944e+27
9.069446703780395e-05 1.561529914196742e+27
9.156459845587883e-05 1.5816874335488648e+27
9.238274825593135e-05 1.6003429085598015e+27
9.328573752459834e-05 1.620637764649117e+27
9.413507656124112e-05 1.6393844361218788e+27
9.50000236659386e-05 1.6581957868485978e+27
9.588101306624096e-05 1.6770899176198945e+27
9.677849524782824e-05 1.696004190162019e+27
9.761607467168827e-05 1.7133973549608007e+27
9.85464899981857e-05 1.7324496667811322e+27
9.949481227563417e-05 1.7515107311646966e+27
0.00010038028390591894 1.769088232580062e+27
0.00010128165788384963 1.786692826388781e+27
0.00010228361987445656 1.8059664235290015e+27
0.0001032196596570015 1.823691065413392e+27
0.00010417298984694862 1.8415113151724755e+27
0.00010514409398958965 1.859337271845967e+27
0.00010613347383038135 1.8772650845409855e+27
0.00010704920699544072 1.8935947331406447e+27
0.00010807493981508344 1.9116208636535113e+27
0.0001090246317291 1.9280489192620494e+27
0.00011008875856940179 1.9462815355273632e+27
0.0001110743338475522 1.962819057259436e+27
0.00011207771536379025 1.9794602508211827e+27
0.00011320258294499617 1.997830312177341e+27
0.00011424496400342156 2.014658866068394e+27
0.00011530672017445707 2.0314657400187503e+27
0.00011627931668951809 2.0466785923469543e+27
0.00011737940483227608 2.0637198481348133e+27
0.00011850050707518224 2.080761324367933e+27
0.0001195279681191867 2.0962112933891545e+27
0.00012069069154447063 2.1133717951721244e+27
0.00012175665447273385 2.1290210063822646e+27
0.00012296336066175997 2.1463320100764756e+27
0.0001240700309077158 2.1654701221934327e+27
0.0001243186682442042 2.1730757556845058e+27
0.0001248189445751668 2.1893677768585112e+27
0.00012532326354314729 2.2079319119158824e+27
0.00012583167434859614 2.2263564783709187e+27
0.00012634422699360061 2.2455176079717545e+27
0.0001268609722982779 2.2950159140257906e+27
0.0001273819619175727 2.435061051755251e+27
0.0001279072483584699 2.6068867635442107e+27
0.0001284368849976354 2.3646985475977143e+27
0.00012897092609949666 2.3309120045246144e+27
0.0001295094268347764 2.350598726367639e+27
0.00013005244329949246 2.3644044841235444e+27
0.00013060003253443769 2.380752269236604e+27
0.0001311522525451541 2.3996002110429792e+27
0.00013170916232241593 2.4200232948735129e+27
0.00013227082186323646 2.4422323510604315e+27
0.0001328372921924152 2.4593974333737482e+27
0.00013340863538464063 2.487343758189318e+27
0.0001339849145871661 2.516605392851865e+27
0.00013456619404307571 2.518948259110645e+27
0.00013515253911515883 2.5400835548087555e+27
0.00013574401631041117 2.576702392851439e+27
0.0001363406933051822 2.614701237377528e+27
0.00013694263897098873 2.603010556259847e+27
0.00013754992340101529 2.623138175580608e+27
0.00013816261793732273 2.646902614898183e+27
0.00013878079519878727 2.669571612724692e+27
0.00013940452910979302 2.692335878631066e+27
0.00014003389492970182 2.711002412131197e+27
0.00014066896928312448 2.734502439489601e+27
0.00014130983019102028 2.763742497718608e+27
0.00014195655710264968 2.792104353182199e+27
0.00014260923092840897 2.806522673270226e+27
0.00014326793407357484 2.8335805393320775e+27
0.00014393275047298816 2.855947879633058e+27
0.0001446037656267084 2.879571858967356e+27
0.00014528106663666955 2.903568465727334e+27
0.00014596474224437152 2.92908981552508e+27
0.00014665488286964043 2.9558522414527315e+27
0.00014735158065049382 2.9865620741147236e+27
0.00014805492948414772 3.0123788942061464e+27
0.0001487650250692036 3.035565760513728e+27
0.0001494819649490552 3.0627616908726486e+27
0.00015020584855655666 3.090829351833393e+27
0.00015093677725999487 3.1192453275920304e+27
0.0001516748544104105 3.1489412997028576e+27
0.00015242018539031425 3.1793497955303016e+27
0.00015317287766384669 3.2085048035291236e+27
0.00015393304082843152 3.254824230769436e+27
0.0001547007866679748 3.284537601491619e+27
0.0001554762292076639 3.2993969008565647e+27
0.00015625948477042292 3.3286105607120073e+27
0.00015705067203508329 3.3597742323414154e+27
0.00015784991209633054 3.391952948259278e+27
0.00015865732852649077 3.4246143835059956e+27
0.0001594730474392234 3.458172336512509e+27
0.00016029719755518835 3.4917885620930446e+27
0.00016112991026976078 3.5282904337558127e+27
0.00016197131972286657 3.56252737797656e+27
0.00016282156287101808 3.595825485805748e+27
0.00016368077956163034 3.6329021902018265e+27
0.00016454911260970265 3.676842905779107e+27
0.0001654267078769544 3.767739802669388e+27
0.00016631371435350646 3.8770309620811103e+27
0.00016721028424220458 3.807153783491814e+27
0.00016811657304568537 3.820495782394272e+27
0.00016903273965628856 3.85850782349078e+27
0.00016995894644892577 3.8993596639232655e+27
0.00017089535937701898 3.950281840807541e+27
0.00017184214807162854 4.0264319377239726e+27
0.00017279948594389389 4.053570783309315e+27
0.0001737675502909185 4.066209583539791e+27
0.00017474652240523353 4.114713107070665e+27
0.0001757365876879827 4.1548676566822037e+27
0.0001767379357659769 4.2072396543495504e+27
0.00017775076061277335 4.355931783312265e+27
0.0001787752606739421 4.6825481904556784e+27
0.00017981163899668956 4.3515924255629136e+27
0.00018086010336401721 4.3852291550870064e+27
0.00018192086643360088 4.4355942138477676e+27
0.00018299414588158672 4.488905137543877e+27
0.00018408016455150712 4.535991167524007e+27
0.00018517915060853107 4.587373081550808e+27
0.00018629133769927297 4.649065229569143e+27
0.0001874169651173955 4.6904183300970175e+27
0.00018855627797525196 4.7470416076665096e+27
0.00018970952738182843 4.825194359785101e+27
0.0001908769706272551 4.8624497820618636e+27
0.00019205887137417306 4.912965148678724e+27
0.00019325549985625513 4.970933275508443e+27
0.00019416280267248168 5.01527358678434e+27
0.00019477241900740314 5.045227499763171e+27
0.00019538587544522173 5.075662369460099e+27
0.00019600320838501707 5.10655711815179e+27
0.00019662445468734675 5.139165652782688e+27
0.00019724965168158314 5.174217972587525e+27
0.00019787883717339042 5.204715558236283e+27
0.0001985120494523453 5.240076024845516e+27
0.00019914932729970432 5.271083836587797e+27
0.00019979070999632173 5.296350693168902e+27
0.0002004362373307202 5.327561485540471e+27
0.00020108594960731896 5.360339278794687e+27
0.00020173988765482244 5.393854452865278e+27
0.00020239809283477292 5.428478820111438e+27
0.00020306060705027138 5.46478512306886e+27
0.00020372747275486996 5.497339578255357e+27
0.00020439873296164052 5.52970056843528e+27
0.00020507443125242282 5.564439253950456e+27
0.00020575461178725673 5.600012614324887e+27
0.000206439319314003 5.637805742073229e+27
0.00020712859917815658 5.684332779890598e+27
0.0002078224973328573 5.749618950724755e+27
0.00020852106034910219 5.783100755009928e+27
0.0002092243354261649 5.798104197354106e+27
0.00020993237040222638 5.846723899502235e+27
0.00021064521376522205 5.873214560819955e+27
0.00021136291466391106 5.895335189953152e+27
0.0002120855229191723 5.933011280552634e+27
0.0002128130890355331 5.973609128772687e+27
0.000213545664212936 6.012791173197903e+27
0.00021428330035874922 6.05050067696314e+27
0.00021502605010002737 6.09046426403132e+27
0.00021577396679602745 6.131135309996587e+27
0.00021652710455098744 6.172687611882616e+27
0.00021728551822717304 6.216031363173899e+27
0.0002180492634582 6.25702780848954e+27
0.00021881839666263808 6.302387724691559e+27
0.00021959297505790405 6.348820538385453e+27
0.00022037305667445078 6.393752285466426e+27
0.00022115870037025991 6.480170854411462e+27
0.00022194996584564544 6.664127072217676e+27
0.00022274691365837667 6.721603622447136e+27
0.00022354960523912758 6.584483834487383e+27
0.00022435810290726186 6.610439417271293e+27
0.00022517246988696153 6.654131911707165e+27
0.0002259927703237082 6.700287671533394e+27
0.00022681906930112578 6.75605151947438e+27
0.00022765143285819413 6.812582417007917e+27
0.00022848992800684312 6.842770708473307e+27
0.00022933462274993678 6.886151163147131e+27
0.00023018558609965825 6.934897558342978e+27
0.00023104288809630503 6.984418389598531e+27
0.00023190659982750617 7.034238292500379e+27
0.00023277679344787204 7.084846689166112e+27
0.00023365354219908812 7.136656048122246e+27
0.00023453692043046465 7.191418424474198e+27
0.00023542700361995408 7.247364955491323e+27
0.00023632386839564913 7.303914038152577e+27
0.00023722759255777402 7.38129144512198e+27
0.00023813825510118195 7.416342861799064e+27
0.0002390559362383734 7.455384889524121e+27
0.00023998071742304796 7.511211503512607e+27
0.00024091268137420543 7.572314744452574e+27
0.00024185191210081053 7.639494574946401e+27
0.00024279849492703682 7.688544025611788e+27
0.0002437525165181057 7.737938007831076e+27
0.00024471406490673725 7.796043726946496e+27
0.00024568322952022933 7.855578006737731e+27
0.0002466601012081825 7.917249434519468e+27
0.0002476447722708898 7.981282245386258e+27
0.0002486373364884084 8.038969195711166e+27
0.0002496378891503336 8.100171805860399e+27
0.00025064652708629457 8.162624292790366e+27
0.0002516633486971923 8.227695617070472e+27
0.00025268845398720123 8.296103350285556e+27
0.0002537219445965558 8.362466116028469e+27
0.0002547639238351454 8.435996840723732e+27
0.0002558144967169398 8.493493730794705e+27
0.0002568737699952708 8.562467732732398e+27
0.0002579418521989933 8.647589711188316e+27
0.0002590188536695528 8.829720507877778e+27
0.0002601048865989849 9.348091939715512e+27
0.00026120006506887537 9.398760869648486e+27
0.0002623045050903082 8.955161895355109e+27
0.00026341832464483187 8.9864370586081e+27
0.0002645416437264729 9.062164487368147e+27
0.0002656745843848304 9.165752328408994e+27
0.00026681727076928127 9.29069888625855e+27
0.0002679698291743322 9.29753073856925e+27
0.00026913238808615143 9.361313395745217e+27
0.00027030507823031766 9.439198908041812e+27
0.00027148803262082234 9.518692633837072e+27
0.0002726813866103644 9.599427711058806e+27
0.00027388527794197746 9.683081760615946e+27
0.00027509984680203057 9.773164611385574e+27
0.00027632523587464545 9.850610649876117e+27
0.00027756159039757453 9.933329062219525e+27
0.00027880905821958603 1.001867509990176e+28
0.00028006778985940363 1.0107663215671181e+28
0.00028133793856624896 1.0209505102544908e+28
0.00028261966038204057 1.0304243851728182e+28
0.00028391311420529936 1.0380389449059644e+28
0.00028521846185681793 1.0467329066494596e+28
0.0002865358681471497 1.056176334359203e+28
0.0002878655009459763 1.066050892433173e+28
0.0002892075312534168 1.0762663408992083e+28
0.0002905621332733391 1.0853814500210787e+28
0.00029192948448874303 1.095567646490948e+28
0.00029330976573928086 1.1114997650685453e+28
0.00029470316130098765 1.1256465051346152e+28
0.00029610985896829544 1.1253633326343034e+28
0.0002975300501384072 1.1357910947410808e+28
0.0002989639298981104 1.1477568272573293e+28
0.0003004116971131133 1.1574821436116378e+28
0.00030187355451998974 1.1708514130515796e+28
0.000303349708820821 1.1826472887522538e+28
0.0003048403707806285 1.196937310743473e+28
0.00030634575532769337 1.235374797924295e+28
0.00030786608165686303 1.2173467332661272e+28
0.0003094015733359496 1.2242322353725174e+28
0.0003109524584153278 1.2355869286197842e+28
0.00031251896954084585 1.248201912863167e+28
0.00031410134407016657 1.2618549311453254e+28
0.0003156998241926611 1.2722594729779829e+28
0.00031731465705298154 1.2846328268846697e+28
0.0003189460948784468 1.297568725541926e+28
0.0003205943951103767 1.3104841554662711e+28
0.00032225982053952156 1.3237125589114862e+28
0.00032394263944573315 1.33685521984129e+28
0.00032564312574203617 1.3509136263319976e+28
0.0003273615591232607 1.3650767075426495e+28
0.0003290982252194053 1.3782401599219126e+28
0.0003308534157539088 1.3939454558935837e+28
0.0003326274287070129 1.4098121825193151e+28
0.00033442056848440916 1.4211536031684423e+28
0.00033623314609137074 1.4363636377063404e+28
0.0003380654793125771 1.452461216090744e+28
0.00033991789289785154 1.4664003375021128e+28
0.00034179071875403797 1.4822155789813748e+28
0.0003436842961432571 1.4979338765498153e+28
0.00034559897188778777 1.514624084217886e+28
0.000347535100581837 1.532292263022623e+28
0.00034949304481046706 1.5553086555293384e+28
0.0003514731753759654 1.5675373754566457e+28
0.0003534758715319538 1.5818118276701876e+28
0.0003555015212255467 1.602684199632752e+28
0.0003575505213478842 1.6180623866935446e+28
0.0003596232779933791 1.6351068838803853e+28
0.00036172020672803443 1.6539067022779855e+28
0.00036384173286720177 1.6729111384785363e+28
0.00036598829176317344 1.6915264084872744e+28
0.00036816032910301423 1.7111994413506115e+28
0.00037035830121706214 1.7312451604406119e+28
0.00037258267539854595 1.7513164487959627e+28
0.000374833930234791 1.7793019219449646e+28
0.0003771125559505039 1.8143653710520563e+28
0.00037941905476365686 1.8150004979697447e+28
0.0003817539412545102 1.8357657576515378e+28
0.0003841177427483461 1.857497674471107e+28
0.00038651099971251027 1.880013731508631e+28
0.00038832560534496336 1.897131811636278e+28
0.0003895448380148063 1.9090345042998017e+28
0.00039077175089044345 1.920663191478796e+28
0.00039200641677003415 1.9334920270506456e+28
0.0003932489093746935 1.9498332604680717e+28
0.00039449930336316627 1.9661452297049355e+28
0.00039575767434678083 1.9724933925978605e+28
0.0003970240989046906 1.9829684415787123e+28
0.00039829865459940864 2.004391957006394e+28
0.00039958141999264346 2.053335815504571e+28
0.0004008724746614404 2.138005271277846e+28
0.0004021718992146379 2.1398829958735867e+28
0.00040347977530964487 2.0624127154952026e+28
0.00040479618566954584 2.0578754009704586e+28
0.00040612121410054275 2.069734380105372e+28
0.0004074549455097399 2.083627254793093e+28
0.00040879746592328105 2.0971190213820215e+28
0.00041014886250484564 2.109746875839832e+28
0.00041150922357451346 2.1228035402937016e+28
0.000412878638628006 2.1366054021847133e+28
0.00041425719835631316 2.150500707393708e+28
0.0004156449946657146 2.164547464045035e+28
0.00041704212069820437 2.1786829326193354e+28
0.0004184486708523298 2.193105943898117e+28
0.00041986474080445276 2.2083384374994172e+28
0.0004212904275304441 2.2240492577087993e+28
0.0004227258293278221 2.237370507113952e+28
0.0004241710458383446 2.251738178890074e+28
0.0004256261780710662 2.26685930969446e+28
0.000427091328425872 2.282478718789262e+28
0.00042856660071749844 2.2996414674770436e+28
0.00043005210020005474 2.319823550458403e+28
0.0004315479335920549 2.3321051970808015e+28
0.0004330542091019749 2.346212058285848e+28
0.0004345710364543461 2.361603956449227e+28
0.0004360985269164 2.381712160914721e+28
0.00043763679332527617 2.4158302388411543e+28
0.0004391859501158081 2.4587143718751714e+28
0.00044074611334890155 2.445860675117908e+28
0.00044231740074051983 2.4456172315707697e+28
0.0004438999316912909 2.4606476095193377e+28
0.00044549382731675334 2.4775766421767502e+28
0.00044709921047825517 2.4951173420087695e+28
0.0004487162058145237 2.513368032991997e+28
0.00045034493977392305 2.5306130972412296e+28
0.0004519855406474164 2.5488635986197392e+28
0.00045363813860225155 2.566731072568733e+28
0.00045530286571638826 2.585432038212428e+28
0.00045697985601368625 2.6054411772025264e+28
0.00045866924549987356 2.6268688456517594e+28
0.0004603711721993165 2.646062920527439e+28
0.00046208577619261007 2.661376660268401e+28
0.00046381319965501234 2.6793416243541667e+28
0.0004655535868957441 2.700238062115844e+28
0.00046730708439817625 2.7200621996495576e+28
0.0004690738408609293 2.741323114208402e+28
0.00047085400723990815 2.766784281685388e+28
0.00047264773679129825 2.798331317791062e+28
0.00047445518511554804 2.8062835293696853e+28
0.0004762765102023639 2.823267624348554e+28
0.0004781118724767468 2.844013600551113e+28
0.0004799614348460959 2.8660781485715014e+28
0.00048182536274841086 2.8885528757208417e+28
0.00048370382420162106 2.9123607389128216e+28
0.00048559698985407363 2.93315290314756e+28
0.0004875050330362114 2.9537300581718844e+28
0.0004894281298134745 2.9764832738131663e+28
0.0004913664590404587 2.998008751646071e+28
0.000493320202416365 3.022769513958666e+28
0.0004952895445417796 3.0464314342463705e+28
0.0004972746729768168 3.0689999431962316e+28
0.0004992757783006672 3.0946360747077153e+28
0.0005012930541725891 3.1184767001449752e+28
0.0005033266973943845 3.1460032169320486e+28
0.0005053769079744025 3.1711111338705775e+28
0.0005074438891931116 3.193928765834395e+28
0.0005095278476702908 3.2199417325617757e+28
0.0005116289934338796 3.2465433570580684e+28
0.0005137475399905416 3.2722729736660874e+28
0.0005158837043979866 3.2981821141196497e+28
0.0005180377073391056 3.324893527805916e+28
0.0005202097731979698 3.3537994299052015e+28
0.0005224001301377507 3.381964534450017e+28
0.0005246090101806164 3.4082183035890997e+28
0.0005268366492896637 3.440815429671625e+28
0.0005290832874529458 3.4763750149616944e+28
0.0005313491687696608 3.4949436094734206e+28
0.0005336345415385625 3.523241504314078e+28
0.0005359396583486644 3.554987707853931e+28
0.0005382647761723029 3.5830441051461436e+28
0.0005406101564606353 3.612720275201298e+28
0.0005429760652416447 3.6435063806715807e+28
0.0005453627732207288 3.6703872493919567e+28
0.0005477705558839549 3.6992237283390848e+28
0.0005501996936040611 3.7308919343860272e+28
0.0005526504717492909 3.7617583253143404e+28
0.0005551231807951491 3.7944525024724995e+28
0.0005576181164391721 3.828384988581194e+28
0.0005601355797188073 3.863560444088724e+28
0.0005626758771324979 3.897992962226387e+28
0.0005652393207640811 3.9490476408236696e+28
0.0005678262284105987 3.993603597015901e+28
0.0005704369237136359 4.005429376988713e+28
0.0005730717362942994 4.044972492482835e+28
0.0005757310018919526 4.074473408335918e+28
0.0005784150625068336 4.11034440752126e+28
0.0005811242665466782 4.1463566078281385e+28
0.0005838589689774861 4.184862080988865e+28
0.0005866195314785617 4.222119449542233e+28
0.0005894063226019753 4.26199920297269e+28
0.0005922197179365909 4.301908267431923e+28
0.0005950601002768144 4.34051148437846e+28
0.0005979278597962208 4.381484018654227e+28
0.0006008233942262266 4.421312166686077e+28
0.0006037471090399795 4.461082183540472e+28
0.000606699417641642 4.508940898603466e+28
0.000609680741561257 4.555320518484746e+28
0.0006126915106553867 4.592054548750516e+28
0.0006157321633137261 4.634900362644134e+28
0.0006188031466718993 4.679447911075822e+28
0.0006219049168306556 4.724791012626905e+28
0.0006250379390816917 4.770544852917271e+28
0.0006282026881403331 4.816795954993289e+28
0.0006313996483853221 4.863788822883871e+28
0.0006346293141059631 4.912027160835696e+28
0.0006378921897568936 4.963977982822755e+28
0.0006411887902207534 5.010197573011469e+28
0.0006445196410790431 5.059100435891166e+28
0.0006478852788914663 5.110249527828886e+28
0.0006512862514840723 5.161680495106107e+28
0.0006547231182465214 5.2148942222123185e+28
0.0006581964504388106 5.291151348336399e+28
0.0006617068315078176 5.47054667073708e+28
0.0006652548574140258 5.609583973971801e+28
0.0006688411369688183 5.477391179427866e+28
0.0006724662921827415 5.485305941855965e+28
0.0006761309586251542 5.541500428213625e+28
0.0006798357857957031 5.600262431423513e+28
0.0006835814375080759 5.659092459373639e+28
0.0006873685922865142 5.71743878711964e+28
0.0006911979437755755 5.777540873857797e+28
0.000695070201163674 5.83885834546975e+28
0.0006989860896209341 5.903657320044262e+28
0.0007029463507519308 5.9649108109423745e+28
0.0007069517430639076 6.0283898932290105e+28
0.0007110030424510934 6.094724441318606e+28
0.0007151010426957684 6.161325125993917e+28
0.0007192465559867583 6.228201758090356e+28
0.0007234404134560689 6.295819470444584e+28
0.0007276834657344035 6.366227854400521e+28
0.0007319765835263469 6.4492443998454585e+28
0.0007363206582060285 6.509335850826296e+28
0.0007407166024341243 6.580503566521948e+28
0.0007451653507970919 6.65447227706105e+28
0.000749667860469582 6.730529402629861e+28
0.0007542251119010079 6.803335392838686e+28
0.0007588381095273137 6.884271531875112e+28
0.0007635078825090204 6.9644134700670545e+28
0.0007682354854966923 7.040640600242817e+28
0.0007730219994250205 7.126014789564408e+28
0.0007766512106899267 7.189308690502488e+28
0.0007790896760296126 7.230251665679233e+28
0.0007815435017808869 7.266278331226746e+28
0.0007840128335400683 7.317587337452087e+28
0.000786497818749387 7.366022803503603e+28
0.0007889986067263325 7.41069859567572e+28
0.0007915153486935617 7.451045142493686e+28
0.0007940481978093812 7.4908239088521725e+28
0.0007965973091988173 7.529608782549112e+28
0.0007991628399852869 7.580644469977484e+28
0.0008017449493228808 7.623934551629602e+28
0.0008043437984292758 7.66622983470198e+28
0.0008069595506192897 7.715194623589364e+28
0.0008095923713390917 7.760395528648281e+28
0.0008122424282010855 7.807025925098857e+28
0.0008149098910194798 7.856437235610507e+28
0.0008175949318465621 7.903549242075817e+28
0.0008202977250096913 7.95159042502308e+28
0.0008230184471490269 8.000479737478844e+28
0.000825757277256012 8.050929845377791e+28
0.0008285143967126263 8.102459950143111e+28
0.0008312899893314292 8.158804632331096e+28
0.0008340842413964087 8.216528630921304e+28
0.0008368973417046597 8.27547603916951e+28
0.0008397294816089055 8.35418129013725e+28
0.0008425808550608882 8.389465626722328e+28
0.0008454516586556442 8.414023736806589e+28
0.0008486322223509972 8.470052949551468e+28
0.0008515444811785574 8.514288918655139e+28
0.000854182656851744 8.551727728761951e+28
0.0008571332014349969 8.599475835527816e+28
0.0008601042004001095 8.654353291822767e+28
0.0008630958671841098 8.710799980196225e+28
0.0008661084182039498 8.770376021598802e+28
0.0008691420729086922 8.831686470139494e+28
0.0008721970538328 8.884493300875022e+28
0.0008752735866505523 8.938778283109206e+28
0.0008783719002316162 8.99712215732414e+28
0.0008814922266978031 9.05635466329265e+28
0.0008846348014810397 9.116410466421843e+28
0.0008877998633825818 9.177152301072355e+28
0.0008909876546335067 9.23840057466299e+28
0.0008941984209565103 9.300926913174056e+28
0.0008974324116290475 9.366822761046628e+28
0.0009006898795478461 9.42811436290183e+28
0.0009039710812948328 9.487510111517894e+28
0.0009072762772045031 9.551126282795891e+28
0.0009106057314327765 9.615704366748353e+28
0.0009139597120273725 9.681086388794737e+28
0.0009173384909997471 9.74785211249974e+28
0.000920742344398633 9.817492960319958e+28
0.0009241715523852201 9.88557798489181e+28
0.0009276263993100247 9.95002433868824e+28
0.0009311071737914882 1.001826657132732e+29
0.0009346141687963525 1.0087848359345277e+29
0.0009381476817218586 1.0158937223405125e+29
0.0009417080144798163 1.023278091190998e+29
0.0009452954735825965 1.0304384386994285e+29
0.0009489103702310961 1.037430952872897e+29
0.0009525530204047278 1.0447494477420243e+29
0.0009562237449534936 1.0522785348318027e+29
0.0009599228696921918 1.0601369646066483e+29
0.0009636507254968217 1.0684424027622853e+29
0.0009674076484032421 1.0772753002290657e+29
0.0009711939797081473 1.0838704420893428e+29
0.0009750100660724228 1.0908671151520931e+29
0.000978856259626949 1.0985029829699034e+29
0.0009827329180809173 1.10644106475528e+29
0.00098664040483273 1.114737527436729e+29
0.0009905790890835592 1.1226934167403105e+29
0.0009945493459536335 1.1310460035051695e+29
0.0009985515566013343 1.139556273001286e+29
0.0010025861083451783 1.1479179426619531e+29
0.001006653394788769 1.15654804863316e+29
0.001010753815948805 1.1652125261138899e+29
0.0010148877783862232 1.173974945676094e+29
0.0010190556953405816 1.182855234060827e+29
0.0010232579868677592 1.1918419305818847e+29
0.0010274950799810832 1.20092623712488e+29
0.0010317674087959733 1.2101739948254867e+29
0.0010360754146782113 1.2187817226088747e+29
0.0010404195463959397 1.2291582539864845e+29
0.0010448002602755015 1.2385855745064678e+29
0.0010492180203612329 1.2480770675961056e+29
0.0010536732985793275 1.2578477425081145e+29
0.0010581665749058917 1.269068159150009e+29
0.0010626983375393215 1.2848724098767784e+29
0.001067269083077125 1.3009423721588455e+29
0.0010718793166973287 1.3007802101088673e+29
0.0010765295523446057 1.3083572235705192e+29
0.0010812203129212706 1.3187485157732548e+29
0.0010859521304832894 1.329394657937263e+29
0.0010907255464414577 1.3401927934597857e+29
0.0010955411117679098 1.3511393714969768e+29
0.0011003993872081223 1.3621172750928266e+29
0.0011053009434985818 1.373304175743735e+29
0.0011102463615902981 1.384622379414525e+29
0.0011152362328783441 1.3964607539599288e+29
0.0011202711594376145 1.4078676003722101e+29
0.0011253517542649959 1.4194368631600723e+29
0.0011304786415281623 1.4320462083532335e+29
0.0011356524568211974 1.4430407693523248e+29
0.0011408738474272717 1.4565801326994694e+29
0.0011461434725885988 1.4696546345796733e+29
0.0011514620037839053 1.4799779228940572e+29
0.0011568301250136671 1.4934955925695387e+29
0.0011622485330933564 1.5060550008536134e+29
0.0011677179379549721 1.5191785334294573e+29
0.0011732390629571234 1.5324406571358603e+29
0.0011788126452039506 1.545877218635457e+29
0.0011844394358731818 1.5597631976220239e+29
0.0011901202005536288 1.5741635028363036e+29
0.0011958557195924416 1.5874340161189043e+29
0.0012016467884524533 1.600915393287548e+29
0.001207494218079959 1.6158783177689606e+29
0.001213398835283284 1.632013438655916e+29
0.001219361483122514 1.663223820019716e+29
0.0012253830213107735 1.7202564488678964e+29
0.0012314643266274521 1.6881015238776637e+29
0.0012376062933437985 1.6903360454985132e+29
0.0012419422513284865 1.7013664558435328e+29
0.0012444336099068786 1.70749160161971e+29
0.0012469349839971436 1.713784228383097e+29
0.0012494464341159697 1.7201219195760214e+29
0.001251968021268575 1.7264183922630615e+29
0.001254499806953648 1.7329397391500814e+29
0.0012570418531683465 1.7394032250889512e+29
0.0012595942224133585 1.74591195861963e+29
0.0012621569776980245 1.752501890101925e+29
0.001264730182545523 1.7592056344846415e+29
0.0012673139009981185 1.7660433730624434e+29
0.001269908197622475 1.7727068667001714e+29
0.001272513137515034 1.77928656831082e+29
0.0012751287863074594 1.7859174752194716e+29
0.0012777552101721503 1.7922407793673912e+29
0.0012803924758278205 1.7990819725131807e+29
0.0012830406505451477 1.8059975674672445e+29
0.0012856998021524954 1.8128742435779847e+29
0.0012883699990417009 1.8196243544485613e+29
0.0012910513101739417 1.8267310326730603e+29
0.0012937438050856704 1.834010301211865e+29
0.001296447553894627 1.841076826782632e+29
0.0012991626273059246 1.843781607426343e+29
0.001301889096618214 1.8541158096807196e+29
0.0013046270337299243 1.8617339172211024e+29
0.0013073765111455827 1.869444467929839e+29
0.0013101376019822154 1.8763231033866242e+29
0.0013129103799758284 1.883987113923016e+29
0.0013156949194879724 1.8916730606164472e+29
0.0013184912955123888 1.899800450163965e+29
0.0013212995836817444 1.9089750401918594e+29
0.0013241198602744484 1.919007456944511e+29
0.0013269522022215595 1.9278592754245268e+29
0.0013297966871137813 1.933945123191116e+29
0.0013326533932085478 1.938559295795296e+29
0.001335522399437199 1.9444395984038755e+29
0.0013384037854122525 1.9517294757721952e+29
0.0013412976314347653 1.9592474462149094e+29
0.0013442040185017963 1.9623786495619294e+29
0.001347123028313961 1.9741162513159393e+29
0.0013500547432830881 1.982933046604491e+29
0.0013529992465399758 1.990626155981318e+29
0.0013559566219422492 1.998736485889737e+29
0.0013589269540823198 2.00683471579926e+29
0.0013619103282954534 2.014762614953868e+29
0.0013649068306679408 2.0227879566550223e+29
0.0013679165480453782 2.0305625293730053e+29
0.0013709395680410585 2.039209620048709e+29
0.0013739759790444717 2.046430082775349e+29
0.00137702587022992 2.0515620545262838e+29
0.001380089331565248 2.0639341878408387e+29
0.001383166453820689 2.072957858555486e+29
0.0013862573285778302 2.0814389065052106e+29
0.0013893620482386987 2.089845183164235e+29
0.0013924807060349696 2.0985070407344738e+29
0.001395613396037298 2.1070671160426862e+29
0.001398760213164778 2.1109357349008383e+29
0.001401921253194529 2.122962206048018e+29
0.0014050966127714132 2.1332215610141966e+29
0.0014082863894178865 2.142053963589429e+29
0.0014114906815439795 2.150922032205378e+29
0.001414709588457421 2.1590969023995278e+29
0.001417943210373895 2.163776450706817e+29
0.0014211916484274433 2.1773437356572207e+29
0.001424455004681008 2.1872385526655903e+29
0.0014277333821371208 2.196367527250106e+29
0.0014310268847487406 2.2004749582537264e+29
0.0014343356174302405 2.2140617537265334e+29
0.0014376596860685494 2.224270906272294e+29
0.0014409991975344461 2.230394214956584e+29
0.001444354259694014 2.2399392221171838e+29
0.0014477249814202544 2.2526093282802163e+29
0.0014511114726048632 2.257335738388118e+29
0.0014545138441701736 2.2709534166955407e+29
0.001457932208081267 2.277254868857006e+29
0.0014613666773582543 2.28979412848683e+29
0.0014648173660887344 2.296721493789249e+29
0.0014682843894404237 2.3078487476289938e+29
0.0014717678636739714 2.317871157038536e+29
0.0014752679061559547 2.327454447370479e+29
0.0014787846353720598 2.337593819595046e+29
0.0014823181709404517 2.3476498325645345e+29
0.0014858686336253388 2.3582321687279623e+29
0.00148943614535073 2.3691930725790236e+29
0.00149302082921439 2.3800941561528146e+29
0.001496622809502 2.391150454326761e+29
0.001500242211701521 2.4028594827656574e+29
0.0015038791625177673 2.4149614086600933e+29
0.0015075337898871907 2.4247453752235013e+29
0.0015112062229928843 2.434263542849404e+29
0.0015148965922798022 2.4078484975009823e+29
0.0015186050294702057 2.418473769394957e+29
0.001522331667579335 2.4291672788220184e+29
0.0015260766409313138 2.4402090503624703e+29
0.0015298400851752872 2.4510587324830093e+29
0.0015336221373018022 2.4621116650252327e+29
0.0015374229356594274 2.47331820887612e+29
0.0015412426199716248 2.484480602386395e+29
0.0015450813313538706 2.495717454820149e+29
0.0015489392123310337 2.507021447505412e+29
0.0015528164068550163 2.5185940015072193e+29
0.0015567130603226576 2.529968793740594e+29
0.0015606293195939095 2.5415045156991398e+29
0.0015645653330102875 2.5531285383960882e+29
0.0015685212504136005 2.564867510936758e+29
0.0015724972231649656 2.57662947340392e+29
0.0015764934041641143 2.5885910277444287e+29
0.0015805099478689909 2.600665702405826e+29
0.001584547010315655 2.6126575646886408e+29
0.0015886047491384865 2.6248986576685677e+29
0.0015926833235907036 2.637335683437096e+29
0.001596782894565197 2.649711057271487e+29
0.0016009036246156876 2.662305353337364e+29
0.001605045677978212 2.6749208091170462e+29
0.0016092092205929416 2.687485591935894e+29
0.0016133944201263434 2.6999712218927924e+29
0.001617601445993687 2.712709740073613e+29
0.001621830469381906 2.7259613524570352e+29
0.0016260816632728153 2.740191853234005e+29
0.001630355202466699 2.7541928528352316e+29
0.0016346512636062687 2.7653760974357315e+29
0.0016389700252010012 2.7786560989278027e+29
0.001643311667651865 2.7909805299282406e+29
0.0016476763732764384 2.8042156776460724e+29
0.0016520643263344314 2.8176522473256834e+29
0.0016564757130536156 2.8312884104526857e+29
0.0016609107216561687 2.845000859113813e+29
0.001665369542385447 2.858865092678806e+29
0.001669852367533187 2.872681517465322e+29
0.0016743593914671498 2.8867599759536796e+29
0.0016788908106592127 2.900811786610768e+29
0.0016834468237139186 2.9150686777718574e+29
0.001688027631397494 2.9293273975910315e+29
0.001692633436667337 2.943806872990729e+29
0.0016972644447019944 2.9582071896193037e+29
0.0017019208629316296 2.972263437686111e+29
0.001706602901068993 2.9876635579388024e+29
0.0017113107711409076 3.0025834990817526e+29
0.0017160446875202737 3.0172126642767185e+29
0.0017208048669586102 3.033344533071777e+29
0.001725591528619135 3.0485642968729132e+29
0.0017304048941104017 3.0631558308795803e+29
0.0017352451875205007 3.0804237292747467e+29
0.0017401126354518344 3.0984143982071914e+29
0.001745007467056481 3.1153702461188763e+29
0.001749929914072155 3.1273777828942936e+29
0.0017548802108587806 3.137831484956546e+29
0.0017598585944356851 3.156413504476585e+29
0.0017648653045194281 3.173412240845309e+29
0.0017699005835622797 3.189615958549516e+29
0.0017749646767913562 3.205894129616252e+29
0.0017800578322484332 3.222354391313302e+29
0.0017851803008304432 3.2390463790516446e+29
0.0017903323363306753 3.2560427172414546e+29
0.0017955141954806918 3.273208821794607e+29
0.0018007261379929724 3.288757996131233e+29
0.0018059684266043055 3.307172551458457e+29
0.0018112413271199387 3.324052403997439e+29
0.0018165451084585036 3.341447937433046e+29
0.0018218800426977359 3.358870115331943e+29
0.0018272464051209986 3.376364916915422e+29
0.0018326444742646352 3.394488815216028e+29
0.00183807453196616 3.412556534426471e+29
0.0018435368634133107 3.4305727918132876e+29
0.0018490317571939763 3.4491324305424814e+29
0.0018545595053470225 3.465833660359938e+29
0.00186012040341403 3.484276837706953e+29
0.001865714750491967 3.504433917457344e+29
0.0018713428492868145 3.52346827319007e+29
0.0018770050061681666 3.544367073898159e+29
0.0018827015312248225 3.571045734978828e+29
0.0018884327383213973 3.5960136126185794e+29
0.0018941989451559664 3.6186964773028714e+29
0.0019000004733187718 3.623541845486349e+29
0.0019058376483520093 3.639593966426095e+29
0.0019117107998107212 3.659293952794135e+29
0.001917620261324819 3.679384763473796e+29
0.0019235663706622605 3.6994335717511176e+29
0.001929549469793403 3.71980756320325e+29
0.0019355699049565646 3.739272577552387e+29
0.001941628026724817 3.760697867001241e+29
0.0019477241900740315 3.7818169879816324e+29
0.0019538587544522174 3.8030367910946546e+29
0.0019600320838501703 3.8241778210737595e+29
0.0019662445468734673 3.844306957826728e+29
0.0019724965168158317 3.8672914989366755e+29
0.0019787883717339045 3.889103963386288e+29
0.001985120494523453 3.910920820253885e+29
0.0019914932729970434 3.9320359434560804e+29
0.001997907099963217 3.955560205738893e+29
0.002004362373307202 3.978067837111825e+29
0.0020108594960731897 3.999676692749074e+29
0.0020173988765482243 4.023590696445966e+29
0.0020239809283477293 4.0463639872354546e+29
0.002030606070502714 4.069423367582256e+29
0.0020372747275486996 4.0933556222426e+29
0.0020439873296164055 4.116417558099748e+29
0.002050744312524228 4.140850112042185e+29
0.002057546117872567 4.164599179919849e+29
0.00206439319314003 4.189005824683467e+29
0.002071285991781566 4.2137463672751916e+29
0.002078224973328573 4.238384732248814e+29
0.002085210603491022 4.263173803995755e+29
0.0020922433542616492 4.288510252671836e+29
0.0020993237040222643 4.313878811510393e+29
0.0021064521376522208 4.336881121856838e+29
0.0021136291466391107 4.3556511706318364e+29
0.002120855229191723 4.391802870253276e+29
0.0021281308903553313 4.4186807257914754e+29
0.0021354566421293597 4.4465471361278836e+29
0.002142833003587492 4.473189244953902e+29
0.002150260501000274 4.498874905794677e+29
0.002157739667960275 4.525650193526325e+29
0.0021652710455098744 4.5533582175605674e+29
0.0021728551822717303 4.580930126278681e+29
0.0021804926345820002 4.608783378763262e+29
0.002188183966626381 4.619983755373126e+29
0.002195929750579041 4.6485416792213126e+29
0.0022037305667445078 4.67734226267201e+29
0.002211587003702599 4.706401200984606e+29
0.0022194996584564545 4.735797689555986e+29
0.0022274691365837666 4.7654065531549114e+29
0.002235496052391276 4.795301519292547e+29
0.002243581029072618 4.825433672894913e+29
0.0022517246988696155 4.855933658963336e+29
0.002259927703237082 4.886769373797315e+29
0.0022681906930112575 4.91817253655992e+29
0.002276514328581941 4.95085246904048e+29
0.002284899280068431 4.9872387507943e+29
0.002293346227499368 5.015336565019968e+29
0.002301855860996583 5.048256213110471e+29
0.0023104288809630506 5.0777682294148e+29
0.002319065998275062 5.110317923087639e+29
0.0023277679344787207 5.143881401358998e+29
0.0023365354219908813 5.177438290104984e+29
0.0023453692043046465 5.211558984026204e+29
0.0023542700361995406 5.2455854714017166e+29
0.0023632386839564914 5.2796681699565906e+29
0.00237227592557774 5.3146547442945285e+29
0.0023813825510118195 5.349785405745952e+29
0.002390559362383734 5.385604811714104e+29
0.0023998071742304798 5.421489542252787e+29
0.002409126813742055 5.4575384016047515e+29
0.002418519121008105 5.494163129316601e+29
0.0024279849492703683 5.5314333840434284e+29
0.002437525165181057 5.5689849761720306e+29
0.002447140649067373 5.6069540205272055e+29
0.0024568322952022927 5.6443508318950716e+29
0.0024666010120818252 5.683200755432926e+29
0.0024764477227088985 5.7193474428076454e+29
0.0024863733648840844 5.7621060707590566e+29
0.002496378891503336 5.802439382028451e+29
0.002506465270862945 5.8448592011010034e+29
0.0025166334869719227 5.882305215228717e+29
0.0025268845398720126 5.92419046078121e+29
0.002537219445965558 5.967132498712203e+29
0.0025476392383514536 5.998719648545234e+29
0.002558144967169398 6.0480927363796966e+29
0.002568737699952708 6.093429345638326e+29
0.002579418521989934 6.136100290047152e+29
0.002590188536695528 6.180181341007217e+29
0.002601048865989849 6.224641144429514e+29
0.0026120006506887535 6.26953113848673e+29
0.002623045050903082 6.3208034479371886e+29
0.0026341832464483184 6.410204652655385e+29
0.0026454164372647295 6.57663575530522e+29
0.002656745843848304 6.533092640922818e+29
0.0026681727076928127 6.505731122554964e+29
0.0026796982917433217 6.553321350423903e+29
0.002691323880861514 6.600193481868598e+29
0.002703050782303177 6.646590832904808e+29
0.0027148803262082234 6.695801491083674e+29
0.002726813866103644 6.742363022022502e+29
0.002738852779419775 6.795415443110386e+29
0.0027509984680203063 6.848272151523714e+29
0.0027632523587464543 6.89860995002781e+29
0.002775615903975745 6.939467844049976e+29
0.0027880905821958605 7.004370830297399e+29
0.002800677898594036 7.05730096795695e+29
0.0028133793856624898 7.111479647697304e+29
0.0028261966038204056 7.16554419647477e+29
0.002839131142052993 7.222750197166228e+29
0.0028521846185681795 7.265304745519646e+29
0.0028653586814714966 7.329702011099306e+29
0.002878655009459763 7.39303496928429e+29
0.002892075312534168 7.451426815742055e+29
0.0029056213327333913 7.509397066725328e+29
0.0029192948448874306 7.570223819440316e+29
0.0029330976573928086 7.631100841720768e+29
0.0029470316130098765 7.689529057991699e+29
0.0029610985896829545 7.750894171470505e+29
0.0029753005013840716 7.815949938059697e+29
0.002989639298981104 7.878433878693222e+29
0.0030041169711311332 7.942192489931226e+29
0.003018735545199898 7.991536482924404e+29
0.0030334970882082103 8.069497347812665e+29
0.0030484037078062852 8.141663043518795e+29
0.0030634575532769333 8.211243142838963e+29
0.0030786608165686304 8.263407581471322e+29
0.0030940157333594967 8.345076980552875e+29
0.003109524584153278 8.415928901625258e+29
0.0031251896954084587 8.460965105811015e+29
0.003141013440701666 8.558398663387943e+29
0.003156998241926611 8.624445410437592e+29
0.0031731465705298156 8.703994846236049e+29
0.003189460948784468 8.755776541051079e+29
0.0032059439511037675 8.851124164617993e+29
0.0032225982053952157 8.932786203005405e+29
0.0032394263944573315 8.992774337973777e+29
0.003256431257420362 9.086937070364603e+29
0.003273615591232607 9.154094448197304e+29
0.003290982252194053 9.225667054196357e+29
0.003308534157539088 9.305973065816758e+29
0.0033262742870701287 9.368806683158921e+29
0.003344205684844092 9.446228526432301e+29
0.0033623314609137075 9.504407328371333e+29
0.003380654793125771 9.597003575124498e+29
0.0033991789289785153 9.685969832596533e+29
0.0034085173326295548 8.88756884064372e+29
0.00341790718754038 8.927022311213392e+29
0.003436842961432571 9.01026842490078e+29
0.0034559897188778774 9.092969910505166e+29
0.00347535100581837 9.179576123757466e+29
0.0034949304481046704 9.263787632340887e+29
0.003514731753759654 9.350604221896047e+29
0.0035347587153195387 9.439404538664079e+29
0.003555015212255467 9.531023913161571e+29
0.0035755052134788415 9.620158985949911e+29
0.0035962327799337916 9.708771057485173e+29
0.003617202067280344 9.78910282292319e+29
0.0036384173286720177 9.886185947796017e+29
0.0036598829176317346 9.980789780744912e+29
0.003681603291030142 1.0077154702193825e+30
0.003703583012170621 1.0174674505167483e+30
0.0037258267539854594 1.0274256747918627e+30
0.003748339302347909 1.0375204398498251e+30
0.0037711255595050393 1.047677387527528e+30
0.003794190547636569 1.0580673166538742e+30
0.003817539412545102 1.0686041377068367e+30
0.0038411774274834613 1.0796477883884981e+30
0.0038651099971251032 1.0944670422735422e+30
0.003889342661683881 1.102049173552121e+30
0.003913881101189773 1.1120880393981344e+30
0.003938731139927485 1.1234184657087576e+30
0.003963898751045233 1.1346820981472857e+30
0.003989390061341344 1.1463011530364474e+30
0.004015211356236757 1.1579459123133475e+30
0.004041369084941883 1.1701051673488049e+30
0.004067869865826747 1.1822584689869017e+30
0.004094720492003822 1.1945033807757441e+30
0.004121927937133415 1.2069093598979295e+30
0.004149499361462067 1.2202168742796045e+30
0.0041774421181049095 1.2325094182101162e+30
0.0042057637595835865 1.2449541319840867e+30
0.004234472044631938 1.2583341696357233e+30
0.00426357494528233 1.271631226228985e+30
0.004285666007174984 1.2817577901953273e+30
0.004300521002000548 1.2886035160204592e+30
0.00431547933592055 1.2954229215424193e+30
0.004330542091019749 1.302320488847174e+30
0.0043457103645434605 1.3092182141811808e+30
0.0043609852691640005 1.3162886341616344e+30
0.004376367933252762 1.3228584739482396e+30
0.004391859501158082 1.3302549450182832e+30
0.0044074611334890155 1.337647903119328e+30
0.004423174007405198 1.3446310455126774e+30
0.004438999316912909 1.3516190684557568e+30
0.004454938273167533 1.3594461795045638e+30
0.004470992104782552 1.3669040245083271e+30
0.004487162058145236 1.374042144786115e+30
0.004503449397739231 1.3818324741579034e+30
0.004519855406474164 1.3899354835307466e+30
0.004536381386022515 1.395532844129288e+30
0.004553028657163882 1.404242530805331e+30
0.004569798560136862 1.4127401678532342e+30
0.004586692454998736 1.4200638700302514e+30
0.004603711721993166 1.427663051959258e+30
0.004620857761926101 1.4359825397726463e+30
0.004638131996550124 1.4437658621130856e+30
0.004655535868957441 1.451721397038707e+30
0.004673070843981763 1.4600028091965413e+30
0.004690738408609293 1.4681053410625947e+30
0.004708540072399081 1.4762479062083568e+30
0.004726477367912983 1.4845659066812185e+30
0.00474455185115548 1.4927918685798053e+30
0.004762765102023639 1.5005437203735033e+30
0.004781118724767468 1.5090743957091874e+30
0.0047996143484609595 1.517545491074196e+30
0.00481825362748411 1.526309525901957e+30
0.00483703824201621 1.5347990335610178e+30
0.0048559698985407365 1.543344531655306e+30
0.004875050330362114 1.5520698552500472e+30
0.004894281298134746 1.561440195749961e+30
0.004913664590404585 1.5705240104077872e+30
0.004927324499909285 1.5756838538865106e+30
0.004937128169825539 1.5767763048078613e+30
0.004952895445417797 1.5870536581878417e+30
0.004972746729768169 1.595828432117488e+30
0.004992757783006672 1.6069691293730977e+30
0.00501293054172589 1.616369367938047e+30
0.0050332669739438455 1.625795578531414e+30
0.005053769079744025 1.6354218275205214e+30
0.005074438891931116 1.644857241589949e+30
0.005095278476702907 1.6543777975797168e+30
0.005116289934338796 1.6643282716706862e+30
0.005137475399905416 1.6738280963104283e+30
0.005158837043979868 1.683874633792352e+30
0.005180377073391056 1.6935345962805329e+30
0.005202097731979698 1.6993309149196985e+30
0.005224001301377507 1.713928231933325e+30
0.005246090101806164 1.724538980776627e+30
0.005268366492896637 1.7347233088487373e+30
0.005290832874529459 1.7448323179139836e+30
0.005313491687696608 1.7548270146589965e+30
0.005336345415385625 1.7628489047443546e+30
0.005359396583486643 1.7760242458422114e+30
0.005382647761723028 1.783076539588324e+30
0.005406101564606354 1.797005005164965e+30
0.005429760652416447 1.8094604862584266e+30
0.005453627732207288 1.8203105772419009e+30
0.00547770555883955 1.8313158648962862e+30
0.0055019969360406125 1.838805529750336e+30
0.005526504717492909 1.8534771718032426e+30
0.00555123180795149 1.8647355811686546e+30
0.005576181164391721 1.8762321500044827e+30
0.005601355797188072 1.8845476520694677e+30
0.0056267587713249795 1.8999121351477147e+30
0.005652393207640811 1.9112736998347562e+30
0.005678262284105986 1.9199469908803252e+30
0.005704369237136359 1.9351335104284001e+30
0.005730717362942993 1.9445522758989288e+30
0.005757310018919526 1.9588034370953918e+30
0.005784150625068336 1.968494534756062e+30
0.005811242665466783 1.9815187266591055e+30
0.005838589689774861 1.9946024963047407e+30
0.005866195314785617 2.004115915590539e+30
0.005894063226019753 2.0187789128494527e+30
0.005922197179365909 2.0299960748547906e+30
0.005950601002768143 2.0384784098486363e+30
0.00597064633819614 2.0478973903425592e+30
0.005982161567392276 2.060599497946525e+30
0.0060082339422622665 2.0642318923364593e+30
0.006037471090399796 2.082528887267115e+30
0.006066994176416421 2.0376058230775935e+30
0.0060968074156125705 2.0471877060973328e+30
0.0061269151065538666 2.066890331671772e+30
0.006157321633137261 2.0794060584666704e+30
0.006188031466718993 2.089146692400088e+30
0.006219049168306556 2.1054692810797726e+30
0.0062535297836550305 2.1200293831892595e+30
0.006278847718001812 2.1334256842959628e+30
0.006307576558602736 2.1448391344379414e+30
0.006346293141059631 2.1519837556530932e+30
0.006378921897568936 2.1761146925385815e+30
0.006411887902207535 2.1898624141440435e+30
0.0064451964107904314 2.2006888554545545e+30
0.006478852788914663 2.2150551278537795e+30
0.006512862514840724 2.2337607571646578e+30
0.006547231182465214 2.2124297010652374e+30
0.006581964504388106 2.2310528765415112e+30
0.006617068315078176 2.2991793216491717e+30
0.006652548574140257 2.2934688021725265e+30
0.006688411369688184 2.3084207964397895e+30
0.006724662921827415 2.3189876116442774e+30
0.006761309586251542 2.342936037600688e+30
0.006798357857957031 2.3575779085735996e+30
0.00683581437508076 2.3730182380392155e+30
0.006873685922865142 2.3836494908841172e+30
0.006911979437755755 2.408313612752351e+30
0.00695070201163674 2.4169968523097182e+30
0.006989860896209341 2.4323051312911357e+30
0.007029463507519308 2.4572331948281838e+30
0.007069517430639077 2.4728132865732206e+30
0.007110030424510934 2.4743756251325055e+30
0.007151010426957683 2.5081476456917403e+30
0.007192465559867583 2.4957638137703682e+30
0.007234404134560688 2.5284105852598916e+30
0.007276834657344035 2.5593773159234793e+30
0.007319765835263469 2.5743234270649113e+30
0.007363206582060284 2.597666396352607e+30
0.007398332194854848 2.4913190332807824e+30
0.007420456394002141 2.59299348818541e+30
0.007451653507970919 2.611148859750573e+30
0.007496678604695818 2.6534672036112484e+30
0.0075422511190100785 2.6994986511745703e+30
0.007588381095273138 2.674565534742893e+30
0.007635078825090204 2.7050682062345313e+30
0.0076823548549669225 2.678989611440046e+30
0.0077302199942502065 2.740465220049724e+30
0.007778685323367762 2.757432554649731e+30
0.007827762202379546 2.7489831553783785e+30
0.00787746227985497 2.736078789761742e+30
0.007927797502090467 2.7779970093730804e+30
0.007978780122682688 2.871274670923456e+30
0.008030422712473515 2.681631365832578e+30
0.008082738169883766 2.8675821875414323e+30
0.008135739731653494 2.894738688257289e+30
0.008178644094114423 2.828007331135882e+30
0.00820568987484893 2.915454289906748e+30
0.00824385587426683 2.9313342512095246e+30
0.008298998722924134 2.966474879393188e+30
0.008354884236209819 2.981688734300017e+30
0.008411527519167173 3.0073757617183106e+30
0.008468944089263877 3.012793698683079e+30
0.00852714989056466 3.01278996276576e+30
0.008574293773857346 3.059466396815062e+30
0.008604024334793051 3.0724078356449294e+30
0.008645995185206676 3.0626328572966165e+30
0.00870666883562918 3.053402485222425e+30
0.008768200064149526 3.133291374888766e+30
0.00883060718204383 3.0865729107504383e+30
0.00889390902564271 3.135217440197219e+30
0.00895812497528634 3.197615284139181e+30
0.009023274975106603 3.230035474432115e+30
0.009089379553678813 2.916540086155433e+30
0.009156459845587881 3.203045661398312e+30
0.009224537613956566 3.292979638832158e+30
0.009293635273986202 3.210534373950304e+30
0.009363775917563457 3.30987550300876e+30
0.009434983338989794 3.341901221103262e+30
0.00950728206189393 3.39380737410637e+30
0.00958069736739118 3.1049245868349487e+30
0.00965525532355765 3.438862429830892e+30
0.009730982816291435 3.464581464953339e+30
0.009807907581637612 3.4880600166074353e+30
0.00988605823965863 3.460221781220814e+30
0.009965464329937012 4.3863163599694373e+30
0.010046156348802899 2.04751453138721e+30
0.010128165788384963 3.504795372065101e+30
0.010211525177589779 3.107350924004903e+30
0.010296268125121643 3.626596574838432e+30
0.01038242936466241 3.662787303176824e+30
0.010470044802338886 3.3850032354162225e+30
0.01055915156661411 2.854427964851377e+30
0.010649788060748138 3.491324194001492e+30
0.010741994017984053 3.7482924367960627e+30
0.010835810559625835 3.687044782993499e+30
0.010931280256186414 3.8037593319644627e+30
0.011028447191796959 3.7041660571647574e+30
0.011127357032082135 3.7236949815516737e+30
0.011228057095720887 3.890268575221324e+30
0.011330596429928385 3.92109364386849e+30
0.011435025890112055 3.458924574250672e+30
0.011541398223973562 3.96085643150506e+30
0.0116497681603489 3.995491093860867e+30
0.011760192503101024 4.0102280946733847e+30
0.011872730230403425 4.1107386366404976e+30
0.011987442599779304 3.1724763611588785e+30
0.012104393259289347 2.808344605016354e+30
0.012223648365292198 3.8443059593068956e+30
0.012345276707235403 4.131421998514518e+30
0.012469349839971437 3.6382202562037276e+30
0.012595942224133586 4.178872888421449e+30
0.012725131375150339 4.175283043987693e+30
0.012856998021524953 4.2411564217993005e+30
0.012991626273059246 4.2207001616825367e+30
0.013129103799758285 4.5169978469305775e+30
0.013269522022215595 4.473693898409785e+30
0.013412976314347654 4.304691171747609e+30
0.013559566219422493 4.3266021470857993e+30
0.013709395680410585 2.2586261077510366e+30
0.013862573285778302 2.2580602969436083e+30
0.01401921253194529 2.2492446477113143e+30
0.014179432103738948 2.175247042518055e+30
0.014343356174302404 2.184917350105154e+30
0.014511114726048631 2.2185246640957586e+30
0.014682843894404236 2.225499412004194e+30
0.01485868633625339 2.1103621911499425e+30
0.015038791625177673 2.20845086317396e+30
0.015223316675793349 2.200072548310537e+30
0.015412426199716249 2.1917362049661842e+30
0.015606293195939095 2.1937737097607192e+30
0.01580509947868991 1.7769551082414379e+30
0.016009036246156877 1.9737176760451505e+30
0.01621830469381906 2.3100396349835958e+30
0.016433116676518648 1.1477741723698591e+30
0.01665369542385447 2.056297347981593e+30
0.01688027631397494 2.1110981031348083e+30
0.0170895359377019 2.1197129220082505e+30
0.017328216607222877 2.1036573501295826e+30
0.01759858594435685 2.0559232730765636e+30
0.017851803008304433 2.059840094935461e+30
0.018112413271199387 2.04908658232066e+30
0.0183807453196616 2.0173349037527576e+30
0.01865714750491967 2.015021636403412e+30
0.018855627797525195 1.998600182049342e+30
0.019087697062725506 2.0069304066673724e+30
0.019385942329330594 1.8573449276960854e+30
0.01969365569963743 2.1315685374114444e+30
0.020011295307696096 1.458501472589172e+30
0.020339349329133737 1.9515595264172844e+30
0.0206783384846193 1.6883801954018488e+30
0.02102881879791793 1.915009615753852e+30
0.021391384639261345 1.8557718276861905e+30
0.021766672089072948 1.5791822879612518e+30
0.022155362662092108 1.8176213962714505e+30
0.02255818743776651 1.5819084766666676e+30
0.022975931649577 1.3928460314595176e+30
0.02340943979390864 1.7465738230324957e+30
0.023859621328406883 1.712768826526778e+30
0.024232427911663242 1.3182154421605225e+30
0.02451976895409403 1.6346513454775618e+30
0.02481400618154316 1.648089975458326e+30
0.02532041447096241 1.2576870558452101e+30
0.025847923105774124 1.0063863731017563e+30
0.026397878916535274 1.540612987010554e+30
0.026971745849503438 1.2028602596207787e+30
0.02750998468020306 1.4411089583176987e+30
0.028133793856624897 8.942217654887495e+29
0.028853495559933908 1.1267924099005573e+30
0.02940048125775256 1.1452554915021542e+30
0.029968606499448262 8.97343440236259e+29
0.030634575532769333 7.851602208399928e+29
0.031410134407016656 7.374506543828567e+29
0.032225982053952155 1.1066258763981763e+30
0.03308534157539088 3.68645194451548e+29
0.03389891554855623 7.51245663198037e+29
0.034753510058183695 3.655111611083103e+29
0.03565230773210224 9.1410132326815e+29
0.036707109736010594 4.5586000345112666e+29
0.037826228935279205 9.083780130829172e+29
0.039015732989847736 4.222924157448836e+29
0.040282477567440196 7.764400250424366e+29
0.041219279371334155 6.000421929827947e+29
0.04191555098233642 3.464044097636698e+29
0.04278276927852269 2.224390459893589e+29
0.043686630601308375 5.031345440496197e+29
0.04446954512821354 3.633661677957876e+29
0.04528103317799847 6.891944409774289e+29
0.04612268806978283 3.0369454455428155e+29
0.04699622382868023 2.0928595822402013e+29
0.047719242656813765 2.5094114690369554e+29
0.048276276617788244 6.074468936107767e+29
0.04923413924909357 4.3850187332411905e+29
0.050434971913705606 3.341214152302984e+29
0.05169584621154825 7.347252013257889e+28
0.05302138072979307 6.1830740739295855e+28
0.053943491699006876 6.434996299864009e+28
0.05465640128093207 4.78913103697158e+28
0.05563678516041067 4.607939731921878e+28
0.05639546859441627 4.405023201943181e+28
0.0574398291239425 4.22082266014088e+28
0.059080967098912286 3.8669713447610645e+28
0.06052196629644673 3.637973209883068e+28
0.06142080738005733 3.4885787849586507e+28
0.06266163177157363 3.3130380919129402e+28
0.06395362417923495 3.025319700795162e+28
0.06495813136529624 2.85823913695845e+28
0.06670431769232033 2.4419101537933318e+28
0.0681703466525911 2.465404372502442e+28
0.068927794948731 2.4296148376157834e+28
0.07009606265972644 2.11465748829462e+28
0.07171678087151202 2.023120299558385e+28
0.07298237112218577 1.9896448874666467e+28
0.0747409824745276 1.705640971365276e+28
0.07658643883192334 1.7171364327273717e+28
0.07803146597969547 1.7217257753344908e+28
0.08004518123078438 1.6015218564481857e+28
0.08216558338259325 1.4930143111970433e+28
0.0844013815698747 1.2803899653132612e+28
0.08676225937602504 1.2188942162776219e+28
0.08862145064836843 1.1019345745960546e+28
0.09056206635599694 9.890269742700435e+27
0.09258957530426552 8.749869182620634e+27
0.09399244765736046 8.626194531108504e+27
0.09470994725779831 8.154464551703472e+27
0.09692971164665297 8.060850476445957e+27
0.09769293772261087 8.091502980258714e+27
0.09925602472617263 7.551326587312775e+27
0.10253721562621142 6.757250502097275e+27
0.10514409398958967 6.030151530894103e+27
0.10883336044536475 5.33057477961281e+27
0.11279093718883254 4.1207090569167116e+27
0.114879658247885 4.2614250471952527e+27
0.11704719896954321 3.540920299855525e+27
0.11929810664203443 3.2554145852283274e+27
0.12163728520364293 2.9778547740426956e+27
0.1240700309077158 2.675951199045003e+27
0.12660207235481205 2.4240380006072832e+27
0.12923961552887062 2.1976535117953085e+27
0.1319893945826764 1.976596074288622e+27
0.1363406933051822 1.7183963313376487e+27
