#"E (kev)" "Fv (kev/s/cm^2/kev)"
1.240700309077158e-07 1.687370289669017e+21
1.2522207398840916e-07 1.7188428169880768e+21
1.2638283682155016e-07 1.7509157842035634e+21
1.2755220613520696e-07 1.783364532129128e+21
1.2873005904515024e-07 1.8164728383223363e+21
1.2991626273059247e-07 1.8501827982769248e+21
1.3112453065706595e-07 1.8847952582557662e+21
1.3232725139474809e-07 1.919598941721009e+21
1.335522399437199e-07 1.9551501639198462e+21
1.3480012049947392e-07 1.9918558724476958e+21
1.360417005567059e-07 2.02880445022957e+21
1.373063644397032e-07 2.0666152119442276e+21
1.3856380490028567e-07 2.1046259350269266e+21
1.3984448930085188e-07 2.1438467034957926e+21
1.4114906815439796e-07 2.1840173345618094e+21
1.4244550046810078e-07 2.2240957851725409e+21
1.437659686068549e-07 2.265662876954359e+21
1.4509417718128381e-07 2.3077994912239995e+21
1.4644715640665228e-07 2.3509124877777185e+21
1.4779038821645716e-07 2.394238330601627e+21
1.4915848870848257e-07 2.438766839653979e+21
1.505521549662854e-07 2.484503375503642e+21
1.519348896739111e-07 2.5305044438921186e+21
1.5334325906280533e-07 2.5776755435393374e+21
1.5475867644719446e-07 2.625297003469221e+21
1.562004669617472e-07 2.674489884481168e+21
1.5764934041641146e-07 2.724450157867623e+21
1.591049383274119e-07 2.7749773104348377e+21
1.605668835352864e-07 2.826160696305423e+21
1.6205594423682836e-07 2.8787351824570306e+21
1.6355131941433667e-07 2.9322466613314464e+21
1.6507454883943029e-07 2.986948727342456e+21
1.6660404311496683e-07 3.0427137768225715e+21
1.6813935615627564e-07 3.0989222130888254e+21
1.697032292541592e-07 3.156942082585836e+21
1.7127282013765298e-07 3.215658932953595e+21
1.728476329168512e-07 3.2749101369926605e+21
1.7445167450466224e-07 3.3361177076527273e+21
1.760607789239617e-07 3.397877326093302e+21
1.776998437520994e-07 3.461437656559376e+21
1.793437856428387e-07 3.5257991542752684e+21
1.8099202174721489e-07 3.5908197471785955e+21
1.826708346697818e-07 3.6578036797866105e+21
1.8435368634133107e-07 3.725529451642505e+21
1.8606783279501472e-07 3.795169594360613e+21
1.877857286328376e-07 3.865594822915272e+21
1.895356414722209e-07 3.937973919598943e+21
1.9128897765605273e-07 4.011002639964845e+21
1.9304501463780272e-07 4.08501695975301e+21
1.948335912495537e-07 4.1611411655648996e+21
1.9662445468734676e-07 4.237969324422049e+21
1.9844854591765164e-07 4.3169041461628927e+21
2.0030679836570198e-07 4.3981225644957956e+21
2.0213429603733432e-07 4.478611476220026e+21
2.040289934348229e-07 4.563298355477615e+21
2.058911896908659e-07 4.6466958220333133e+21
2.078224973328573e-07 4.734406525386148e+21
2.0971945724766025e-07 4.821081048331088e+21
2.1168747808857839e-07 4.912165135346381e+21
2.136191992212738e-07 5.002142991640692e+21
2.1562396751427842e-07 5.096600462491701e+21
2.1759037339129395e-07 5.189867708474052e+21
2.196318479513468e-07 5.287649955072722e+21
2.2163278118563024e-07 5.384560622494146e+21
2.237108382757227e-07 5.485964486091401e+21
2.2578713540985587e-07 5.588293371985985e+21
2.278604791693587e-07 5.691427536247971e+21
2.299722537677772e-07 5.797451311786917e+21
2.3208011767249495e-07 5.904188150151516e+21
2.3422697924809479e-07 6.013889122268682e+21
2.3641393084549503e-07 6.126747769334563e+21
2.3859621328406886e-07 6.240374172106201e+21
2.408191593705664e-07 6.357140918749417e+21
2.4303629952539824e-07 6.474620727788285e+21
2.4529464394566194e-07 6.5956978502697e+21
2.4754595153175537e-07 6.717294493483547e+21
2.4983896678960086e-07 6.842170693150119e+21
2.5217485956852805e-07 6.970836859635046e+21
2.5450262750300677e-07 7.100120124417054e+21
2.568205980288052e-07 7.229892519955612e+21
2.5923533411557833e-07 7.366710862498458e+21
2.616407231288819e-07 7.504045501057458e+21
2.640349668178672e-07 7.641769196366479e+21
2.664734340801456e-07 7.783746438348715e+21
2.689573616035461e-07 7.929577449961212e+21
2.7142863904553885e-07 8.076063082620579e+21
2.739457516178313e-07 8.226230385345564e+21
2.765099864223664e-07 8.380969517986397e+21
2.790598985778583e-07 8.536271418170799e+21
2.815933520374848e-07 8.692210608666147e+21
2.8423832968548866e-07 8.856231200060686e+21
2.868671234860481e-07 9.020612433559632e+21
2.895449962840509e-07 9.190124516151e+21
2.9220450048920346e-07 9.359569934724344e+21
2.949133133057186e-07 9.53386580719636e+21
2.976014173847825e-07 9.70838810828557e+21
3.0041169711311335e-07 9.892639003300822e+21
3.031273660095671e-07 1.00724074229275e+22
3.0596801703505746e-07 1.0261990930287044e+22
3.0878554232880985e-07 1.0451763343138826e+22
3.116554406121974e-07 1.0647029746214512e+22
3.144994446329932e-07 1.0842172657033422e+22
3.1747704940561877e-07 1.1048491204538217e+22
3.203460648275647e-07 1.1249163855423418e+22
3.2335165730444563e-07 1.1461215155309722e+22
3.263283295836818e-07 1.1672836121296797e+22
3.2936031565626706e-07 1.1891260854864687e+22
3.3236011494164423e-07 1.2108723763078844e+22
3.3550576232481283e-07 1.2339241289887848e+22
3.3861907998830734e-07 1.2568895824733755e+22
3.41696587462726e-07 1.2798629878515592e+22
3.4492641342150627e-07 1.304166553628713e+22
3.480225270903669e-07 1.32767350640732e+22
3.5127415319285333e-07 1.3526141651990759e+22
3.5458711319724434e-07 1.3782463718063212e+22
3.578599103193418e-07 1.4038066114078058e+22
3.610885649235035e-07 1.4292300098741861e+22
3.644830520203167e-07 1.4563086307446978e+22
3.6783288143408183e-07 1.4831782820800568e+22
3.712448560972944e-07 1.51087810742183e+22
3.7472072155758324e-07 1.539235009224996e+22
3.781470006330869e-07 1.5674418981453055e+22
3.816365146346226e-07 1.5965899960081787e+22
3.8519103044928846e-07 1.6264388632525396e+22
3.886905730191598e-07 1.6561207943417345e+22
3.923783393665902e-07 1.6877337373230145e+22
3.9601031250467857e-07 1.718967433634323e+22
3.9958141999264346e-07 1.7502075100478233e+22
4.033486050315858e-07 1.7833269847274851e+22
4.070539071775453e-07 1.8162949114283346e+22
4.1082791691296625e-07 1.8501441787075548e+22
4.146725631942373e-07 1.8849202860585172e+22
4.1844867085232985e-07 1.9194172987923898e+22
4.222941828036617e-07 1.954837971380557e+22
4.262110302566671e-07 1.9913059897995017e+22
4.302012167396526e-07 2.028799428309627e+22
4.3411487371489084e-07 2.0657193417060827e+22
4.382551427330124e-07 2.105434325004812e+22
4.423174007405198e-07 2.144547795958283e+22
4.462950752076108e-07 2.1833203898357046e+22
4.505084637171961e-07 2.224812995131897e+22
4.546355108380938e-07 2.2657509819003253e+22
4.5883887170013237e-07 2.307880877687323e+22
4.631206827462329e-07 2.351008742361667e+22
4.6730708439817624e-07 2.3936118700603446e+22
4.717491669494897e-07 2.439455598852046e+22
4.760937486865533e-07 2.48454948355496e+22
4.80519097241347e-07 2.53120803393423e+22
4.848379480567245e-07 2.576704776339395e+22
4.894281298134746e-07 2.625707864733991e+22
4.939093587090598e-07 2.6740654406214737e+22
4.984734066199911e-07 2.7236123534167512e+22
5.031225908666497e-07 2.774875622868765e+22
5.078593160364953e-07 2.8271437967914896e+22
5.124743118864758e-07 2.8787989841559704e+22
5.171739512618416e-07 2.9318752979626593e+22
5.219605843824813e-07 2.986394181429426e+22
5.268366492896637e-07 3.0424399894434435e+22
5.318046759867801e-07 3.1002346799522143e+22
5.366350817807777e-07 3.1567576503400324e+22
5.415540415002872e-07 3.2149022608594257e+22
5.465640128093207e-07 3.274652431701489e+22
5.516675451654772e-07 3.3361448730299222e+22
5.568672841459416e-07 3.3991790721691445e+22
5.61911371864655e-07 3.461049849315366e+22
5.670476732528144e-07 3.52467648012314e+22
5.722787403492427e-07 3.58994119552684e+22
5.776072202407626e-07 3.657249133969882e+22
5.830358595287397e-07 3.7262927335154963e+22
5.882884348398094e-07 3.793673944904356e+22
5.939206840962939e-07 3.866698554162353e+22
5.993721299889652e-07 3.938010556210244e+22
6.049245778045626e-07 4.01120601511193e+22
6.105808607663179e-07 4.0866970415125334e+22
6.160378893133854e-07 4.160123040246052e+22
6.219049168306556e-07 4.239532524615924e+22
6.275671770749408e-07 4.317167211918553e+22
6.333334911062573e-07 4.3969183942418295e+22
6.392067537749397e-07 4.478634530255964e+22
6.451899683188549e-07 4.563001515011456e+22
6.512862514840725e-07 4.649692481468852e+22
6.571505874349354e-07 4.733839646896566e+22
6.631214906879519e-07 4.820190163640815e+22
6.692018927061262e-07 4.90909520206548e+22
6.753948334660632e-07 5.000312253141147e+22
6.81703466525911e-07 5.0941747928394115e+22
6.881310643800101e-07 5.190700152106466e+22
6.946810241193494e-07 5.2900595432623996e+22
7.009606265972645e-07 5.3861279332154965e+22
7.073547942287105e-07 5.48479981497897e+22
7.138666910685604e-07 5.586266230604876e+22
7.20499598767223e-07 5.6905041260811825e+22
7.272569220850868e-07 5.79783625769394e+22
7.341421947202118e-07 5.908189352262684e+22
7.407166024341242e-07 6.0143107047004855e+22
7.474098247452758e-07 6.123297002281682e+22
7.546838862999744e-07 6.243094183535416e+22
7.616330933561436e-07 6.358896772433107e+22
7.687114678297137e-07 6.4775387537190244e+22
7.754376931732238e-07 6.591319561768298e+22
7.827762202379546e-07 6.716764251556189e+22
7.902549739344955e-07 6.845754424126151e+22
7.97365237196117e-07 6.969363014769819e+22
8.046046102964707e-07 7.096669357020454e+22
8.119766420662028e-07 7.227030437374993e+22
8.194850126005006e-07 7.361409163919766e+22
8.27133539384772e-07 7.4993457056005895e+22
8.349261837665936e-07 7.641394971628081e+22
8.428670577969822e-07 7.78762451127588e+22
8.503771823695394e-07 7.926995762712748e+22
8.586161308492443e-07 8.08127828740435e+22
8.664108303611438e-07 8.22867785936227e+22
8.743483503010276e-07 8.38023178924637e+22
8.82432652259714e-07 8.535726343816938e+22
8.906678457122455e-07 8.695875835013082e+22
8.990581949834478e-07 8.860520134159002e+22
9.069446703780395e-07 9.016676282557194e+22
9.156459845587882e-07 9.190401164398157e+22
9.238274825593135e-07 9.355453463054419e+22
9.328573752459835e-07 9.53917447831244e+22
9.413507656124112e-07 9.71368569589499e+22
9.500002366593859e-07 9.89305647417328e+22
9.588101306624096e-07 1.0077374032648948e+23
9.677849524782824e-07 1.026689696171691e+23
9.761607467168827e-07 1.0445452990459624e+23
9.85464899981857e-07 1.0645544817396197e+23
9.949481227563416e-07 1.0851178717219022e+23
1.0038028390591892e-06 1.1045329055231765e+23
1.0128165788384964e-06 1.1244521251641745e+23
1.0228361987445655e-06 1.1468122049797871e+23
1.032196596570015e-06 1.167894648956185e+23
1.0417298984694862e-06 1.1895817850450867e+23
1.0514409398958968e-06 1.2118486495027536e+23
1.0613347383038135e-06 1.2347525179849977e+23
1.0704920699544072e-06 1.2561573594906065e+23
1.0807493981508345e-06 1.280396176010636e+23
1.090246317291e-06 1.3029386168992269e+23
1.1008875856940178e-06 1.3285408534456073e+23
1.110743338475522e-06 1.3524480512506141e+23
1.1207771536379026e-06 1.376962069712942e+23
1.1320258294499618e-06 1.404803185550538e+23
1.1424496400342154e-06 1.4307012474024117e+23
1.1530672017445707e-06 1.4574080010249941e+23
1.162793166895181e-06 1.4821137789115204e+23
1.1737940483227605e-06 1.5102706101569666e+23
1.1850050707518223e-06 1.539282475475697e+23
1.195279681191867e-06 1.566074690300082e+23
1.2069069154447063e-06 1.596763650767855e+23
1.2175665447273387e-06 1.6250690634918934e+23
1.2296336066175994e-06 1.657354986414028e+23
1.240700309077158e-06 1.6873702896690032e+23
1.2522207398840917e-06 1.7188414587317365e+23
1.2638283682155018e-06 1.7509157842035637e+23
1.2755220613520694e-06 1.783364532129128e+23
1.2873005904515026e-06 1.8164728383223363e+23
1.2991626273059246e-06 1.850182798276925e+23
1.3112453065706595e-06 1.8847952582557662e+23
1.323272513947481e-06 1.919598941721009e+23
1.3355223994371992e-06 1.955150163919846e+23
1.3480012049947394e-06 1.9918558724476957e+23
1.3604170055670592e-06 2.02880445022957e+23
1.3730636443970317e-06 2.0666152119442277e+23
1.3856380490028568e-06 2.1046259350269268e+23
1.398444893008519e-06 2.1438467034957928e+23
1.4114906815439797e-06 2.1840173345618095e+23
1.4244550046810078e-06 2.224095785172541e+23
1.4376596860685492e-06 2.265662876954359e+23
1.4509417718128384e-06 2.3077994912239994e+23
1.4644715640665227e-06 2.3509124877777184e+23
1.477903882164572e-06 2.394238330601627e+23
1.4915848870848259e-06 2.438766839653979e+23
1.5055215496628538e-06 2.4845033755036422e+23
1.5193488967391111e-06 2.5305044438921185e+23
1.5334325906280534e-06 2.5776755435393378e+23
1.5475867644719446e-06 2.625297003469221e+23
1.562004669617472e-06 2.674489884481168e+23
1.5764934041641144e-06 2.724450157867623e+23
1.5910493832741191e-06 2.7749773104348377e+23
1.605668835352864e-06 2.8261606963054233e+23
1.6205594423682838e-06 2.8787351824570308e+23
1.6355131941433667e-06 2.932246661331446e+23
1.650745488394303e-06 2.986948727342456e+23
1.6660404311496684e-06 3.0427137768225715e+23
1.6813935615627564e-06 3.098922213088825e+23
1.697032292541592e-06 3.156942082585836e+23
1.7127282013765295e-06 3.215658932953595e+23
1.728476329168512e-06 3.27491013699266e+23
1.7445167450466227e-06 3.336117707652727e+23
1.7606077892396168e-06 3.397877326093302e+23
1.7769984375209941e-06 3.4614376565593763e+23
1.7934378564283869e-06 3.525799154275269e+23
1.8099202174721486e-06 3.5908197471785955e+23
1.8267083466978182e-06 3.6578036797866106e+23
1.8435368634133106e-06 3.725529451642505e+23
1.8606783279501468e-06 3.795169594360613e+23
1.877857286328376e-06 3.8655948229152724e+23
1.8953564147222088e-06 3.937973919598943e+23
1.912889776560527e-06 4.011002639964845e+23
1.930450146378027e-06 4.0850169597530096e+23
1.948335912495537e-06 4.161141165564899e+23
1.9662445468734675e-06 4.237969324422049e+23
1.9844854591765163e-06 4.316904146162893e+23
2.0030679836570197e-06 4.398122564495796e+23
2.0213429603733433e-06 4.478611476220026e+23
2.040289934348229e-06 4.5632983554776154e+23
2.058911896908659e-06 4.646695822033313e+23
2.078224973328573e-06 4.734406525386148e+23
2.0971945724766024e-06 4.8210810483310876e+23
2.116874780885784e-06 4.91216513534638e+23
2.1361919922127376e-06 5.002142991640692e+23
2.156239675142784e-06 5.096600462491702e+23
2.1759037339129394e-06 5.1898677084740524e+23
2.196318479513468e-06 5.2876404836235556e+23
2.216327811856302e-06 5.384560622494146e+23
2.237108382757227e-06 5.4859644860914e+23
2.2578713540985587e-06 5.588293371985985e+23
2.2786047916935868e-06 5.691427536247971e+23
2.299722537677772e-06 5.7974513117869165e+23
2.3208011767249496e-06 5.9041976216893596e+23
2.3422697924809475e-06 6.013889122268682e+23
2.3641393084549505e-06 6.126747769334563e+23
2.385962132840688e-06 6.240374172106201e+23
2.408191593705664e-06 6.357140918749416e+23
2.4303629952539826e-06 6.474620727788286e+23
2.4529464394566192e-06 6.5956978502697e+23
2.4754595153175536e-06 6.717294493483547e+23
2.498389667896009e-06 6.842170693150118e+23
2.5217485956852803e-06 6.970836859635047e+23
2.5450262750300675e-06 7.100120124417054e+23
2.568205980288052e-06 7.229892519955612e+23
2.5923533411557833e-06 7.366710862498458e+23
2.616407231288819e-06 7.504045501057458e+23
2.6403496681786724e-06 7.641769196366479e+23
2.6647343408014564e-06 7.783746438348715e+23
2.6895736160354607e-06 7.929577449961211e+23
2.714286390455388e-06 8.07606308262058e+23
2.739457516178313e-06 8.226230385345563e+23
2.765099864223664e-06 8.380969517986397e+23
2.790598985778583e-06 8.5362714181708e+23
2.8159335203748477e-06 8.692210608666147e+23
2.8423832968548867e-06 8.856231200060686e+23
2.868671234860481e-06 9.020612433559632e+23
2.8954499628405087e-06 9.190124516151e+23
2.922045004892035e-06 9.359569934724344e+23
2.9491331330571854e-06 9.53386580719636e+23
2.976014173847824e-06 9.70838810828557e+23
3.004116971131133e-06 9.892639003300823e+23
3.0312736600956705e-06 1.0072407422927501e+24
3.059680170350575e-06 1.0261990930287045e+24
3.0878554232880982e-06 1.0451763343138826e+24
3.116554406121974e-06 1.0647029746214513e+24
3.1449944463299315e-06 1.0842172657033422e+24
3.1747704940561875e-06 1.1048491204538218e+24
3.203460648275647e-06 1.1249163855423418e+24
3.233516573044457e-06 1.1461215155309721e+24
3.2632832958368175e-06 1.1672836121296798e+24
3.29360315656267e-06 1.1891260854864688e+24
3.3236011494164426e-06 1.2108723763078845e+24
3.355057623248129e-06 1.2339241289887847e+24
3.386190799883073e-06 1.2568895824733753e+24
3.4169658746272594e-06 1.2798629878515592e+24
3.449264134215063e-06 1.304166553628713e+24
3.480225270903669e-06 1.32767350640732e+24
3.5127415319285334e-06 1.3526141651990758e+24
3.5458711319724436e-06 1.378246371806321e+24
3.5785991031934176e-06 1.4038066114078058e+24
3.610885649235035e-06 1.4292300098741863e+24
3.6448305202031668e-06 1.4563086307446858e+24
3.6783288143408182e-06 1.4831773349353805e+24
3.7124485609729446e-06 1.51087810742183e+24
3.747207215575832e-06 1.539235009224996e+24
3.7814700063308684e-06 1.5674418981453057e+24
3.8163651463462256e-06 1.5965899960081786e+24
3.851910304492885e-06 1.6264388632525395e+24
3.886905730191597e-06 1.6561207943417344e+24
3.9237833936659015e-06 1.6877337373230144e+24
3.960103125046786e-06 1.718967433634323e+24
3.995814199926435e-06 1.7502065628916617e+24
4.033486050315858e-06 1.783326984727485e+24
4.070539071775453e-06 1.8162949114283348e+24
4.108279169129662e-06 1.8501441787075546e+24
4.146725631942373e-06 1.8849202860585172e+24
4.184486708523299e-06 1.9194172987923896e+24
4.222941828036617e-06 1.954837971380557e+24
4.2621103025666715e-06 1.9913059897995017e+24
4.302012167396526e-06 2.0287994283096273e+24
4.341148737148908e-06 2.0657193417060826e+24
4.382551427330124e-06 2.1054343250048118e+24
4.423174007405198e-06 2.144547795958283e+24
4.462950752076108e-06 2.1833203898357045e+24
4.505084637171961e-06 2.224812995131897e+24
4.546355108380938e-06 2.265750981900325e+24
4.5883887170013235e-06 2.307880877687323e+24
4.631206827462329e-06 2.351008742361667e+24
4.6730708439817624e-06 2.3936118700603445e+24
4.717491669494898e-06 2.4394555988520455e+24
4.760937486865534e-06 2.48454948355496e+24
4.80519097241347e-06 2.53120803393423e+24
4.8483794805672445e-06 2.5767047763393955e+24
4.894281298134746e-06 2.625707864733991e+24
4.939093587090597e-06 2.674065440621474e+24
4.984734066199912e-06 2.7236123534167514e+24
5.031225908666497e-06 2.774875622868765e+24
5.078593160364953e-06 2.8271437967914893e+24
5.124743118864759e-06 2.8787989841559704e+24
5.171739512618416e-06 2.931875297962659e+24
5.219605843824813e-06 2.986394181429426e+24
5.268366492896637e-06 3.0424399894434434e+24
5.318046759867801e-06 3.100234679952214e+24
5.366350817807777e-06 3.1567576503400324e+24
5.415540415002873e-06 3.2149022608594256e+24
5.465640128093207e-06 3.274652431701489e+24
5.516675451654771e-06 3.390587707049216e+24
5.568672841459417e-06 3.7172373315649345e+24
5.619113718646549e-06 4.030163018473351e+24
5.6704767325281446e-06 4.3448266643022024e+24
5.722787403492427e-06 4.6611347163618303e+24
5.776072202407626e-06 4.979454042415008e+24
5.8303585952873965e-06 5.299517810424971e+24
5.882884348398094e-06 5.605368628838296e+24
5.939206840962939e-06 5.929397254611923e+24
5.9937212998896524e-06 6.239187416552485e+24
6.0492457780456266e-06 6.550849129982097e+24
6.105808607663179e-06 6.864791444595805e+24
6.160378893133853e-06 7.164134035340656e+24
6.219049168306557e-06 7.481993445146428e+24
6.275671770749409e-06 7.785533902617955e+24
6.333334911062572e-06 8.091190863651352e+24
6.392067537749398e-06 8.398820320999399e+24
6.451899683188549e-06 8.709090433913676e+24
6.512862514840725e-06 9.02166161971029e+24
6.571505874349353e-06 9.319179535370877e+24
6.631214906879519e-06 9.618873994012951e+24
6.692018927061262e-06 9.921144168647282e+24
6.7539483346606315e-06 1.0225704089409924e+25
6.81703466525911e-06 1.0532935681531182e+25
6.8813106438001e-06 1.0842795353369148e+25
6.946810241193494e-06 1.115551478347304e+25
7.009606265972644e-06 1.145238880233475e+25
7.073547942287104e-06 1.1751861762359667e+25
7.138666910685604e-06 1.2054133412532487e+25
7.2049959876722295e-06 1.2359176976914615e+25
7.272569220850868e-06 1.2667297736510992e+25
7.341421947202118e-06 1.2978457173066266e+25
7.407166024341242e-06 1.3272851403835964e+25
7.474098247452759e-06 1.3570079190144093e+25
7.546838862999745e-06 1.3890679259662845e+25
7.616330933561437e-06 1.4194756213138002e+25
7.687114678297138e-06 1.4501635718011827e+25
7.754376931732238e-06 1.4791126651878046e+25
7.827762202379545e-06 1.510596614183437e+25
7.902549739344956e-06 1.5424442022140111e+25
7.97365237196117e-06 1.5724910799639998e+25
8.046046102964708e-06 1.6029132228927593e+25
8.119766420662029e-06 1.6336469521948025e+25
8.194850126005006e-06 1.6647868488739742e+25
8.27133539384772e-06 1.6962924774697316e+25
8.349261837665935e-06 1.7282125213891495e+25
8.428670577969824e-06 1.7605589231792292e+25
8.503771823695394e-06 1.7909633357328937e+25
8.586161308492443e-06 1.8241314985847987e+25
8.664108303611439e-06 1.8553458358749723e+25
8.743483503010276e-06 1.8869833170025759e+25
8.82432652259714e-06 1.9190269126895932e+25
8.906678457122455e-06 1.956291832974074e+25
8.99058194983448e-06 1.998082705245767e+25
9.069446703780395e-06 2.0370818150795592e+25
9.156459845587883e-06 2.0797987174953517e+25
9.238274825593134e-06 2.1197037221836273e+25
9.328573752459835e-06 2.163438557989251e+25
9.413507656124113e-06 2.2043110482376886e+25
9.500002366593858e-06 2.2456826805662638e+25
9.588101306624096e-06 2.2875422046285494e+25
9.677849524782825e-06 2.3299346096543195e+25
9.761607467168829e-06 2.3693027203737904e+25
9.85464899981857e-06 2.4127708007175024e+25
9.949481227563417e-06 2.456805500957598e+25
1.0038028390591894e-05 2.4977628848656567e+25
1.0128165788384964e-05 2.539226902672347e+25
1.0228361987445657e-05 2.585092685207477e+25
1.032196596570015e-05 2.627748860264399e+25
1.0417298984694862e-05 2.6824690178647274e+25
1.0514409398958966e-05 2.74032539178126e+25
1.0613347383038135e-05 2.798842104116539e+25
1.0704920699544073e-05 2.852638951551184e+25
1.0807493981508344e-05 2.912511176481097e+25
1.090246317291e-05 2.9674690952527833e+25
1.1008875856940179e-05 3.0287444793737806e+25
1.1107433384755221e-05 3.0850809464464897e+25
1.1207771536379025e-05 3.142045086426188e+25
1.1320258294499616e-05 3.2056164236007143e+25
1.1424496400342155e-05 3.2639874650351e+25
1.1530672017445707e-05 3.3231977620377873e+25
1.162793166895181e-05 3.3771617060546323e+25
1.1737940483227607e-05 3.4378442500902588e+25
1.1850050707518224e-05 3.4994174248819784e+25
1.1952796811918672e-05 3.5555257682910212e+25
1.2069069154447062e-05 3.618809539624558e+25
1.2175665447273385e-05 3.6764517318294636e+25
1.2296336066175995e-05 3.7413726902388726e+25
1.2407003090771581e-05 3.8007731150860864e+25
1.2522207398840916e-05 3.8871018971113855e+25
1.2638283682155017e-05 3.9734804701942295e+25
1.2755220613520696e-05 4.0596324902097015e+25
1.2873005904515024e-05 4.145863232121997e+25
1.2991626273059245e-05 4.232151839219563e+25
1.3112453065706594e-05 4.3193503643814495e+25
1.3232725139474808e-05 4.40555649924505e+25
1.3355223994371992e-05 4.49252847443969e+25
1.3480012049947392e-05 4.580709735985733e+25
1.3604170055670592e-05 4.6679431036170165e+25
1.3730636443970319e-05 4.756084217419187e+25
1.3856380490028569e-05 4.843225471945631e+25
1.398444893008519e-05 4.931620511470515e+25
1.4114906815439796e-05 5.020999852699212e+25
1.424455004681008e-05 5.109087439030845e+25
1.4376596860685493e-05 5.198720705738287e+25
1.4509417718128382e-05 5.288344324983243e+25
1.4644715640665226e-05 5.378964067798243e+25
1.4779038821645717e-05 5.46863747843713e+25
1.4915848870848256e-05 5.559545378034784e+25
1.5055215496628541e-05 5.651693672109257e+25
1.519348896739111e-05 5.7429395167357575e+25
1.5334325906280535e-05 5.835393077392394e+25
1.5475867644719448e-05 5.927710034812614e+25
1.5620046696174718e-05 6.060658031118499e+25
1.5764934041641144e-05 6.204775597027514e+25
1.591049383274119e-05 6.348161538559363e+25
1.605668835352864e-05 6.49097175447049e+25
1.6205594423682837e-05 6.635210322100073e+25
1.6355131941433668e-05 6.77916507693227e+25
1.650745488394303e-05 6.924297983256211e+25
1.6660404311496683e-05 7.069258489286198e+25
1.6813935615627565e-05 7.213436040614741e+25
1.6970322925415922e-05 7.3594816832127275e+25
1.7127282013765297e-05 7.504930140482119e+25
1.728476329168512e-05 7.649633594049903e+25
1.7445167450466226e-05 7.796426425838566e+25
1.760607789239617e-05 7.942491363389073e+25
1.776998437520994e-05 8.090383609405182e+25
1.7934378564283868e-05 8.237817491147397e+25
1.8099202174721487e-05 8.384689056125182e+25
1.826708346697818e-05 8.533580264337727e+25
1.8435368634133105e-05 8.681960477712515e+25
1.860678327950147e-05 8.832335767135309e+25
1.877857286328376e-05 8.982185143142357e+25
1.895356414722209e-05 9.134048238079633e+25
1.9128897765605272e-05 9.285360203185027e+25
1.930450146378027e-05 9.436406120754582e+25
1.948335912495537e-05 9.589641872950981e+25
1.9662445468734677e-05 9.742276709112733e+25
1.9844854591765163e-05 9.897165819144774e+25
2.0030679836570197e-05 1.0054371734266894e+26
2.021342960373343e-05 1.0208272168844568e+26
2.040289934348229e-05 1.036770120999474e+26
2.0589118969086592e-05 1.0523379146750523e+26
2.0782249733285726e-05 1.0755741118278422e+26
2.0971945724766023e-05 1.1041378943554929e+26
2.116874780885784e-05 1.1335103587755447e+26
2.1361919922127373e-05 1.1620455239765147e+26
2.156239675142784e-05 1.1914050324035968e+26
2.1759037339129394e-05 1.2199147003149959e+26
2.196318479513468e-05 1.2492544392210842e+26
2.216327811856302e-05 1.2777767962116344e+26
2.2371083827572267e-05 1.3071240981498404e+26
2.2578713540985585e-05 1.3362008728405377e+26
2.278604791693587e-05 1.365007632256373e+26
2.2997225376777723e-05 1.3941003707991695e+26
2.3208011767249497e-05 1.4229129194323233e+26
2.3422697924809478e-05 1.4520299410256749e+26
2.3641393084549505e-05 1.481462799754578e+26
2.3859621328406886e-05 1.5106172574459332e+26
2.4081915937056637e-05 1.540102484216123e+26
2.4303629952539823e-05 1.5692896956973438e+26
2.4529464394566193e-05 1.5988532867722797e+26
2.475459515317554e-05 1.6280996252384287e+26
2.498389667896009e-05 1.657696342752947e+26
2.5217485956852804e-05 1.687674117808107e+26
2.545026275030068e-05 1.717358188578091e+26
2.5682059802880522e-05 1.7467290904598152e+26
2.5923533411557836e-05 1.7771850082952027e+26
2.616407231288819e-05 1.807340979486521e+26
2.6403496681786724e-05 1.8371684054279495e+26
2.6647343408014564e-05 1.8674334902939505e+26
2.6895736160354605e-05 1.8981014716789658e+26
2.7142863904553883e-05 1.928469132565782e+26
2.739457516178313e-05 1.9592214184951464e+26
2.7650998642236638e-05 1.9904498355140428e+26
2.790598985778583e-05 2.021373103221979e+26
2.815933520374848e-05 2.0519905584825654e+26
2.8423832968548864e-05 2.0838114236991833e+26
2.8686712348604812e-05 2.1153086474145326e+26
2.8954499628405086e-05 2.1473339962357697e+26
2.922045004892035e-05 2.1789949130115587e+26
2.9491331330571855e-05 2.2111536628497582e+26
2.9760141738478244e-05 2.2429803716519873e+26
3.0041169711311335e-05 2.2761631275795397e+26
3.0312736600956707e-05 2.308162011350981e+26
3.059680170350574e-05 2.341547224806163e+26
3.087855423288099e-05 2.374582151089777e+26
3.1165544061219745e-05 2.4386256533682334e+26
3.144994446329932e-05 2.529513174005151e+26
3.1747704940561877e-05 2.623502544826809e+26
3.203460648275647e-05 2.713009747118032e+26
3.233516573044457e-05 2.8056247623198452e+26
3.2632832958368175e-05 2.8962489950666177e+26
3.2936031565626704e-05 2.987578110576121e+26
3.3236011494164424e-05 3.076824354838418e+26
3.355057623248129e-05 3.1693953643278104e+26
3.386190799883073e-05 3.2599065312007126e+26
3.4169658746272596e-05 3.348461888144456e+26
3.4492641342150625e-05 3.4403457306322286e+26
3.480225270903669e-05 3.52748083319542e+26
3.5127415319285335e-05 3.61806553359762e+26
3.5458711319724434e-05 3.7093603249947316e+26
3.578599103193418e-05 3.7986242850721854e+26
3.610885649235035e-05 3.885771292615307e+26
3.644830520203167e-05 3.976592188837762e+26
3.6783288143408185e-05 4.065244107691287e+26
3.712448560972944e-05 4.154733210828345e+26
3.747207215575832e-05 4.244903400555937e+26
3.781470006330868e-05 4.3329700055386244e+26
3.816365146346226e-05 4.4219949110100075e+26
3.851910304492884e-05 4.511739582617919e+26
3.8869057301915976e-05 4.599357649547483e+26
3.923783393665901e-05 4.690922227296797e+26
3.960103125046786e-05 4.780150673574868e+26
3.995814199926435e-05 4.867400337231925e+26
4.033486050315858e-05 4.95855644669577e+26
4.070539071775452e-05 5.0476066767171086e+26
4.1082791691296624e-05 5.1375498195586506e+26
4.1467256319423736e-05 5.228458634870011e+26
4.184486708523298e-05 5.317110063525352e+26
4.222941828036617e-05 5.406721180345005e+26
4.262110302566672e-05 5.4974117040627056e+26
4.3020121673965253e-05 5.5891577019273176e+26
4.341148737148909e-05 5.678346982487041e+26
4.382551427330124e-05 5.7724023907685606e+26
4.423174007405198e-05 5.86387436503409e+26
4.462950752076108e-05 5.952996847137465e+26
4.505084637171961e-05 6.046929733642039e+26
4.546355108380938e-05 6.13831187275835e+26
4.588388717001324e-05 6.230916643577643e+26
4.631206827462329e-05 6.324569508762986e+26
4.673070843981763e-05 6.415708005417703e+26
4.717491669494897e-05 6.512165742138411e+26
4.7609374868655334e-05 6.605872875030587e+26
4.8051909724134705e-05 6.701188954404228e+26
4.8483794805672445e-05 6.793385171072935e+26
4.894281298134746e-05 6.89112718222734e+26
4.9390935870905965e-05 6.986264968258757e+26
4.984734066199911e-05 7.082636484456922e+26
5.0312259086664966e-05 7.180763305572746e+26
5.078593160364953e-05 7.279929988901913e+26
5.1247431188647585e-05 7.376519154219539e+26
5.1717395126184165e-05 7.474547844123749e+26
5.219605843824813e-05 7.57407401841796e+26
5.268366492896637e-05 7.675197194790247e+26
5.318046759867801e-05 7.778135036359619e+26
5.366350817807777e-05 7.877765128864966e+26
5.415540415002872e-05 7.979096213686858e+26
5.465640128093207e-05 8.082143141597377e+26
5.516675451654771e-05 8.186908142245037e+26
5.568672841459417e-05 8.293266422242601e+26
5.6191137186465493e-05 8.396538308884792e+26
5.6704767325281444e-05 8.501557215654769e+26
5.722787403492426e-05 8.608335816498015e+26
5.776072202407626e-05 8.717151826820392e+26
5.830358595287397e-05 8.827864176699906e+26
5.882884348398094e-05 8.934783699459367e+26
5.939206840962939e-05 9.049519674007105e+26
5.993721299889652e-05 9.16061808518007e+26
6.049245778045627e-05 9.273652982873732e+26
6.10580860766318e-05 9.388959222558122e+26
6.160378893133854e-05 9.500220857670922e+26
6.219049168306556e-05 9.668366623113771e+26
6.275671770749408e-05 1.0006548225023661e+27
6.333334911062573e-05 1.0346578041891038e+27
6.392067537749397e-05 1.0687731955903279e+27
6.451899683188549e-05 1.1030329542374146e+27
6.512862514840725e-05 1.1374562553414104e+27
6.571505874349354e-05 1.1701342858068379e+27
6.631214906879519e-05 1.2029498606206065e+27
6.692018927061263e-05 1.2359002802802948e+27
6.753948334660632e-05 1.2690756990321817e+27
6.81703466525911e-05 1.3023305254823884e+27
6.8813106438001e-05 1.3358192165149815e+27
6.946810241193494e-05 1.3694155209592404e+27
7.009606265972643e-05 1.4012783920887645e+27
7.073547942287104e-05 1.4332757921830975e+27
7.138666910685605e-05 1.465435474363244e+27
7.20499598767223e-05 1.497806509060675e+27
7.272569220850867e-05 1.5303668450714962e+27
7.341421947202118e-05 1.5630483923327677e+27
7.407166024341242e-05 1.5939406899875736e+27
7.47409824745276e-05 1.6250115082391774e+27
7.546838862999744e-05 1.658308090834249e+27
7.616330933561437e-05 1.6897867335583518e+27
7.687114678297137e-05 1.721450083406407e+27
7.754376931732237e-05 1.751183177432852e+27
7.827762202379545e-05 1.783267915515537e+27
7.902549739344956e-05 1.8155269188909018e+27
7.97365237196117e-05 1.8458724027352646e+27
8.046046102964707e-05 1.876426943599364e+27
8.119766420662029e-05 1.9072741914542998e+27
8.194850126005006e-05 1.9382897751129526e+27
8.27133539384772e-05 1.969527341436242e+27
8.349261837665935e-05 2.0010032611981728e+27
8.428670577969823e-05 2.032721338111163e+27
8.503771823695394e-05 2.0624447410817232e+27
8.586161308492443e-05 2.0947349577849824e+27
8.664108303611439e-05 2.1249504699289367e+27
8.743483503010275e-05 2.1554036246701996e+27
8.824326522597141e-05 2.1861088525095607e+27
8.906678457122455e-05 2.2170826964432566e+27
8.990581949834478e-05 2.2483632577323266e+27
9.069446703780395e-05 2.277518212858137e+27
9.156459845587883e-05 2.3093342045466754e+27
9.238274825593135e-05 2.338960456035698e+27
9.328573752459834e-05 2.371473055567161e+27
9.413507656124112e-05 2.4016648339568077e+27
9.50000236659386e-05 2.4321832274648928e+27
9.588101306624096e-05 2.4630716167730192e+27
9.677849524782824e-05 2.4942263696585595e+27
9.761607467168827e-05 2.5230475368673614e+27
9.85464899981857e-05 2.554912149154362e+27
9.949481227563417e-05 2.5870298636208245e+27
0.00010038028390591894 2.616840490175924e+27
0.00010128165788384963 2.646956542177084e+27
0.00010228361987445656 2.6801885279764677e+27
0.0001032196596570015 2.711017899666037e+27
0.00010417298984694862 2.742195881297487e+27
0.00010514409398958965 2.773748330893211e+27
0.00010613347383038135 2.805682167985551e+27
0.00010704920699544072 2.835029302409215e+27
0.00010807493981508344 2.867742006377604e+27
0.0001090246317291 2.897779412054824e+27
0.00011008875856940179 2.9313664672836484e+27
0.0001110743338475522 2.9621827324792553e+27
0.00011207771536379025 2.99343617100452e+27
0.00011320258294499617 3.0282524536073286e+27
0.00011424496400342156 3.060422806336822e+27
0.00011530672017445707 3.092941696792447e+27
0.00011627931668951809 3.122630584719309e+27
0.00011737940483227608 3.156102601858167e+27
0.00011850050707518224 3.1899755294332527e+27
0.0001195279681191867 3.220939639662851e+27
0.00012069069154447063 3.2557754685960624e+27
0.00012175665447273385 3.287682885250904e+27
0.00012296336066175997 3.323554034743569e+27
0.0001240700309077158 3.3569505653620005e+27
0.0001243186682442042 3.37204523646898e+27
0.0001248189445751668 3.396635528456196e+27
0.00012532326354314729 3.4255963091399934e+27
0.00012583167434859614 3.455589443970668e+27
0.00012634422699360061 3.490626298331301e+27
0.0001268609722982779 3.5916759242850094e+27
0.0001273819619175727 3.8541673156573985e+27
0.0001279072483584699 4.129538766139239e+27
0.0001284368849976354 3.857553491237927e+27
0.00012897092609949666 3.6113435458891476e+27
0.0001295094268347764 3.644451028452325e+27
0.00013005244329949246 3.6681888009689155e+27
0.00013060003253443769 3.6904871044294433e+27
0.0001311522525451541 3.7192973532417816e+27
0.00013170916232241593 3.7517160347856444e+27
0.00013227082186323646 3.7879712857535187e+27
0.0001328372921924152 3.813595744839859e+27
0.00013340863538464063 3.857594924864712e+27
0.0001339849145871661 3.902871626610018e+27
0.00013456619404307571 3.908599801015039e+27
0.00013515253911515883 3.9375268596935386e+27
0.00013574401631041117 3.9984859606284906e+27
0.0001363406933051822 4.058205591058455e+27
0.00013694263897098873 4.0431188863330884e+27
0.00013754992340101529 4.0621997491414786e+27
0.00013816261793732273 4.0994407014367047e+27
0.00013878079519878727 4.1349385306604527e+27
0.00013940452910979302 4.169499716862042e+27
0.00014003389492970182 4.1970293491627056e+27
0.00014066896928312448 4.233489547629556e+27
0.00014130983019102028 4.2824438409708983e+27
0.00014195655710264968 4.3291365690139157e+27
0.00014260923092840897 4.3436708808400233e+27
0.00014326793407357484 4.3845799034101875e+27
0.00014393275047298816 4.416206124686068e+27
0.0001446037656267084 4.4523393590312734e+27
0.00014528106663666955 4.4909890277831787e+27
0.00014596474224437152 4.530184302045614e+27
0.00014665488286964043 4.571804391755507e+27
0.00014735158065049382 4.619151120489589e+27
0.00014805492948414772 4.6597437152427846e+27
0.0001487650250692036 4.693406390360658e+27
0.0001494819649490552 4.733778614232784e+27
0.00015020584855655666 4.776145204676229e+27
0.00015093677725999487 4.819813191399436e+27
0.0001516748544104105 4.865955583165548e+27
0.00015242018539031425 4.914559090389042e+27
0.00015317287766384669 4.960008431385115e+27
0.00015393304082843152 5.032592865693717e+27
0.0001547007866679748 5.082613309716691e+27
0.0001554762292076639 5.096891918480403e+27
0.00015625948477042292 5.138808062835183e+27
0.00015705067203508329 5.187385772450188e+27
0.00015784991209633054 5.237070981067198e+27
0.00015865732852649077 5.28675936696122e+27
0.0001594730474392234 5.338600529892812e+27
0.00016029719755518835 5.38928463238619e+27
0.00016112991026976078 5.444875712649754e+27
0.00016197131972286657 5.498156257236907e+27
0.00016282156287101808 5.547288413114335e+27
0.00016368077956163034 5.604549271071648e+27
0.00016454911260970265 5.681103323478228e+27
0.0001654267078769544 5.849019550447883e+27
0.00016631371435350646 6.072240718294997e+27
0.00016721028424220458 5.93257378678273e+27
0.00016811657304568537 5.889244893577538e+27
0.00016903273965628856 5.947026573846785e+27
0.00016995894644892577 6.009653613640118e+27
0.00017089535937701898 6.09433562147621e+27
0.00017184214807162854 6.219770958859265e+27
0.00017279948594389389 6.2721047879706e+27
0.0001737675502909185 6.26312403045812e+27
0.00017474652240523353 6.337490088822058e+27
0.0001757365876879827 6.400145742332801e+27
0.0001767379357659769 6.485852093501639e+27
0.00017775076061277335 6.793201682790569e+27
0.0001787752606739421 7.355171365338182e+27
0.00017981163899668956 6.743876913654417e+27
0.00018086010336401721 6.74752238628599e+27
0.00018192086643360088 6.824998635897789e+27
0.00018299414588158672 6.907703318635318e+27
0.00018408016455150712 6.977634610231656e+27
0.00018517915060853107 7.056285790633197e+27
0.00018629133769927297 7.149592351029592e+27
0.0001874169651173955 7.210202458869841e+27
0.00018855627797525196 7.298628315611548e+27
0.00018970952738182843 7.419333750455042e+27
0.0001908769706272551 7.476392054973318e+27
0.00019205887137417306 7.545987119127267e+27
0.00019325549985625513 7.633947242247946e+27
0.00019416280267248168 7.7018106540286e+27
0.00019477241900740314 7.746566009970919e+27
0.00019538587544522173 7.792607278201986e+27
0.00019600320838501707 7.839646810217713e+27
0.00019662445468734675 7.890990385431843e+27
0.00019724965168158314 7.945970360494271e+27
0.00019787883717339042 7.992606889241151e+27
0.0001985120494523453 8.043411131843407e+27
0.00019914932729970432 8.09111458059722e+27
0.00019979070999632173 8.12960996985123e+27
0.0002004362373307202 8.173346943265538e+27
0.00020108594960731896 8.223033836436049e+27
0.00020173988765482244 8.27419020253725e+27
0.00020239809283477292 8.327057066909034e+27
0.00020306060705027138 8.382136720725163e+27
0.00020372747275486996 8.430421631992638e+27
0.00020439873296164052 8.479774296744702e+27
0.00020507443125242282 8.531796119464491e+27
0.00020575461178725673 8.585809535679018e+27
0.000206439319314003 8.645016407621104e+27
0.00020712859917815658 8.721607912130677e+27
0.0002078224973328573 8.823238113071853e+27
0.00020852106034910219 8.885122804420903e+27
0.0002092243354261649 8.907597730186888e+27
0.00020993237040222638 8.93877962772871e+27
0.00021064521376522205 9.015517010485438e+27
0.00021136291466391106 9.035475360294389e+27
0.0002120855229191723 9.087219610936945e+27
0.0002128130890355331 9.146579966098304e+27
0.000213545664212936 9.204940128783386e+27
0.00021428330035874922 9.260129012182313e+27
0.00021502605010002737 9.320202474280426e+27
0.00021577396679602745 9.381540481550222e+27
0.00021652710455098744 9.44444396029698e+27
0.00021728551822717304 9.513093026141047e+27
0.0002180492634582 9.574431025593394e+27
0.00021881839666263808 9.641579703575581e+27
0.00021959297505790405 9.713663964421046e+27
0.00022037305667445078 9.793362672946338e+27
0.00022115870037025991 9.955947560536895e+27
0.00022194996584564544 1.0244796267751468e+28
0.00022274691365837667 1.0364110190011685e+28
0.00022354960523912758 1.0150679357330564e+28
0.00022435810290726186 1.0097513165476788e+28
0.00022517246988696153 1.0164255253679016e+28
0.0002259927703237082 1.0239158531924163e+28
0.00022681906930112578 1.0327923308510118e+28
0.00022765143285819413 1.041348962723543e+28
0.00022848992800684312 1.046027244796412e+28
0.00022933462274993678 1.051806615435556e+28
0.00023018558609965825 1.0591742896869763e+28
0.00023104288809630503 1.0666431760889742e+28
0.00023190659982750617 1.0739942650160537e+28
0.00023277679344787204 1.0815940453843163e+28
0.00023365354219908812 1.089428164065021e+28
0.00023453692043046465 1.097677032631802e+28
0.00023542700361995408 1.1063806043031945e+28
0.00023632386839564913 1.115405728874478e+28
0.00023722759255777402 1.1268681641397688e+28
0.00023813825510118195 1.132938122434933e+28
0.0002390559362383734 1.1372981262201913e+28
0.00023998071742304796 1.1456536261477233e+28
0.00024091268137420543 1.1553425851769618e+28
0.00024185191210081053 1.1612964793619205e+28
0.00024279849492703682 1.1731488897345816e+28
0.0002437525165181057 1.1795390903903977e+28
0.00024471406490673725 1.1880854917131503e+28
0.00024568322952022933 1.1970037228637984e+28
0.0002466601012081825 1.2063609290632161e+28
0.0002476447722708898 1.215806091744115e+28
0.0002486373364884084 1.2244594556982371e+28
0.0002496378891503336 1.2334511093669273e+28
0.00025064652708629457 1.243021445408195e+28
0.0002516633486971923 1.2527810697806996e+28
0.00025268845398720123 1.26304514138405e+28
0.0002537219445965558 1.2732680459344813e+28
0.0002547639238351454 1.2840272314061662e+28
0.0002558144967169398 1.2929097529283328e+28
0.0002568737699952708 1.3032276070256323e+28
0.0002579418521989933 1.3181798088785522e+28
0.0002590188536695528 1.3555759308258183e+28
0.0002601048865989849 1.4369229620749446e+28
0.00026120006506887537 1.4605853686531114e+28
0.0002623045050903082 1.3673097972608224e+28
0.00026341832464483187 1.3661057532566793e+28
0.0002645416437264729 1.3779346672909952e+28
0.0002656745843848304 1.3909122849506581e+28
0.00026681727076928127 1.413143954249605e+28
0.0002679698291743322 1.415916938168674e+28
0.00026913238808615143 1.4221547964551248e+28
0.00027030507823031766 1.4339025872578926e+28
0.00027148803262082234 1.4456322232322825e+28
0.0002726813866103644 1.457775456634434e+28
0.00027388527794197746 1.470447810935345e+28
0.00027509984680203057 1.4840482483823265e+28
0.00027632523587464545 1.4956782059499365e+28
0.00027756159039757453 1.5077644213194325e+28
0.00027880905821958603 1.5197171458432575e+28
0.00028006778985940363 1.5331846471454244e+28
0.00028133793856624896 1.5488624679839808e+28
0.00028261966038204057 1.563237809552613e+28
0.00028391311420529936 1.5692415960387216e+28
0.00028521846185681793 1.5865846618539897e+28
0.0002865358681471497 1.6003031918255283e+28
0.0002878655009459763 1.615867901422115e+28
0.0002892075312534168 1.6349676977736306e+28
0.0002905621332733391 1.644597458157859e+28
0.00029192948448874303 1.661012034529258e+28
0.00029330976573928086 1.6871247283310345e+28
0.00029470316130098765 1.7093049920170076e+28
0.00029610985896829544 1.7055491294172175e+28
0.0002975300501384072 1.7142026105840324e+28
0.0002989639298981104 1.7383946685337821e+28
0.0003004116971131133 1.7533048704613391e+28
0.00030187355451998974 1.77367632187716e+28
0.000303349708820821 1.7927161721299072e+28
0.0003048403707806285 1.8190285114174965e+28
0.00030634575532769337 1.8823999114891628e+28
0.00030786608165686303 1.8548140426068612e+28
0.0003094015733359496 1.8500396046293789e+28
0.0003109524584153278 1.8684723353138606e+28
0.00031251896954084585 1.887796474547753e+28
0.00031410134407016657 1.908267954646744e+28
0.0003156998241926611 1.923997109011871e+28
0.00031731465705298154 1.9355108174500032e+28
0.0003189460948784468 1.961262758733296e+28
0.0003205943951103767 1.980359957467233e+28
0.00032225982053952156 1.9998406929518014e+28
0.00032394263944573315 2.017603455059374e+28
0.00032564312574203617 2.0375086376310017e+28
0.0003273615591232607 2.0627766469763325e+28
0.0003290982252194053 2.0824950866053237e+28
0.0003308534157539088 2.096718368954135e+28
0.0003326274287070129 2.129979824286151e+28
0.00033442056848440916 2.1463371978207206e+28
0.00033623314609137074 2.1631550923604046e+28
0.0003380654793125771 2.1935519048987073e+28
0.00033991789289785154 2.2080596447688396e+28
0.00034179071875403797 2.2372937367125824e+28
0.0003436842961432571 2.2556895701716387e+28
0.00034559897188778777 2.2857774148427696e+28
0.000347535100581837 2.30864189624731e+28
0.00034949304481046706 2.3452776988165047e+28
0.0003514731753759654 2.3661611109195167e+28
0.0003534758715319538 2.382624771441157e+28
0.0003555015212255467 2.4138335953714675e+28
0.0003575505213478842 2.437408695311963e+28
0.0003596232779933791 2.4609322776255766e+28
0.00036172020672803443 2.4893878663568863e+28
0.00036384173286720177 2.5180004910326306e+28
0.00036598829176317344 2.5452105994302e+28
0.00036816032910301423 2.5746610620901024e+28
0.00037035830121706214 2.604506160188981e+28
0.00037258267539854595 2.6343396695517667e+28
0.000374833930234791 2.6807168820683975e+28
0.0003771125559505039 2.72671044852952e+28
0.00037941905476365686 2.727733217381235e+28
0.0003817539412545102 2.7590033632738696e+28
0.0003841177427483461 2.791551117167936e+28
0.00038651099971251027 2.8246669637739925e+28
0.00038832560534496336 2.849806198914398e+28
0.0003895448380148063 2.867234795830953e+28
0.00039077175089044345 2.8848275327405108e+28
0.00039200641677003415 2.9049821048910803e+28
0.0003932489093746935 2.9302511870458215e+28
0.00039449930336316627 2.954329422110436e+28
0.00039575767434678083 2.965383985720303e+28
0.0003970240989046906 2.9803534026088646e+28
0.00039829865459940864 3.0220943344045493e+28
0.00039958141999264346 3.11457550533688e+28
0.0004008724746614404 3.2455467082121123e+28
0.0004021718992146379 3.2692138956572853e+28
0.00040347977530964487 3.1422357200929984e+28
0.00040479618566954584 3.08521742558336e+28
0.00040612121410054275 3.10286728743134e+28
0.0004074549455097399 3.119512401726905e+28
0.00040879746592328105 3.1292026122309154e+28
0.00041014886250484564 3.1623568934361348e+28
0.00041150922357451346 3.180132635034711e+28
0.000412878638628006 3.200168815542119e+28
0.00041425719835631316 3.220423970411191e+28
0.0004156449946657146 3.240882090297954e+28
0.00041704212069820437 3.2614801637823778e+28
0.0004184486708523298 3.2827331046124678e+28
0.00041986474080445276 3.3052127983776047e+28
0.0004212904275304441 3.3278424191383657e+28
0.0004227258293278221 3.3475507482396055e+28
0.0004241710458383446 3.36778790771825e+28
0.0004256261780710662 3.389852704464956e+28
0.000427091328425872 3.4129223061970002e+28
0.00042856660071749844 3.4390282390093164e+28
0.00043005210020005474 3.469580242738064e+28
0.0004315479335920549 3.4667796883959526e+28
0.0004330542091019749 3.5061664339285655e+28
0.0004345710364543461 3.528525265652458e+28
0.0004360985269164 3.562652170026703e+28
0.00043763679332527617 3.620914970641894e+28
0.0004391859501158081 3.682672050578065e+28
0.00044074611334890155 3.675742574816397e+28
0.00044231740074051983 3.6492532216340457e+28
0.0004438999316912909 3.670147063255332e+28
0.00044549382731675334 3.6943943925724773e+28
0.00044709921047825517 3.7199834914008684e+28
0.0004487162058145237 3.7443520743390215e+28
0.00045034493977392305 3.750539807141802e+28
0.0004519855406474164 3.7981954652466448e+28
0.00045363813860225155 3.8227136548854103e+28
0.00045530286571638826 3.8497405392646922e+28
0.00045697985601368625 3.8793320900266847e+28
0.00045866924549987356 3.911143291701783e+28
0.0004603711721993165 3.938490065076506e+28
0.00046208577619261007 3.9605022650145133e+28
0.00046381319965501234 3.9592491455893152e+28
0.0004655535868957441 4.0150944431875125e+28
0.00046730708439817625 4.0428320790059905e+28
0.0004690738408609293 4.0748712368537045e+28
0.00047085400723990815 4.116157223905591e+28
0.00047264773679129825 4.141336602271756e+28
0.00047445518511554804 4.149129386049962e+28
0.0004762765102023639 4.189903860912828e+28
0.0004781118724767468 4.220043885155408e+28
0.0004799614348460959 4.251417141794624e+28
0.00048182536274841086 4.285051177606269e+28
0.00048370382420162106 4.2912338348195e+28
0.00048559698985407363 4.348735881238701e+28
0.0004875050330362114 4.37594687240748e+28
0.0004894281298134745 4.408272983871259e+28
0.0004913664590404587 4.411473784519381e+28
0.000493320202416365 4.474705549071483e+28
0.0004952895445417796 4.507343589588628e+28
0.0004972746729768168 4.5128449387560325e+28
0.0004992757783006672 4.577105905385367e+28
0.0005012930541725891 4.5969148680326285e+28
0.0005033266973943845 4.636240315183166e+28
0.0005053769079744025 4.6789888576346815e+28
0.0005074438891931116 4.698147838479828e+28
0.0005095278476702908 4.734276676838573e+28
0.0005116289934338796 4.781783956909542e+28
0.0005137475399905416 4.805601555249322e+28
0.0005158837043979866 4.845412499114352e+28
0.0005180377073391056 4.886007091687255e+28
0.0005202097731979698 4.926929929845597e+28
0.0005224001301377507 4.967304578735728e+28
0.0005246090101806164 5.003616218317505e+28
0.0005268366492896637 5.053469041198899e+28
0.0005290832874529458 5.1065606244250255e+28
0.0005313491687696608 5.133376931449906e+28
0.0005336345415385625 5.1700602039156115e+28
0.0005359396583486644 5.215551458607476e+28
0.0005382647761723029 5.254957951518931e+28
0.0005406101564606353 5.295357733288615e+28
0.0005429760652416447 5.338483113223485e+28
0.0005453627732207288 5.377681737507952e+28
0.0005477705558839549 5.4209544237689645e+28
0.0005501996936040611 5.4658675670904315e+28
0.0005526504717492909 5.508143967225182e+28
0.0005551231807951491 5.554148878577512e+28
0.0005576181164391721 5.601685049008738e+28
0.0005601355797188073 5.651702206150396e+28
0.0005626758771324979 5.7034882051718625e+28
0.0005652393207640811 5.784178210846704e+28
0.0005678262284105987 5.849454407604724e+28
0.0005704369237136359 5.857397382354358e+28
0.0005730717362942994 5.879633138069353e+28
0.0005757310018919526 5.951050052056226e+28
0.0005784150625068336 5.996124644325826e+28
0.0005811242665466782 6.04587764645641e+28
0.0005838589689774861 6.099785718704769e+28
0.0005866195314785617 6.150127256524479e+28
0.0005894063226019753 6.208134335897502e+28
0.0005922197179365909 6.264271550403807e+28
0.0005950601002768144 6.317602263858311e+28
0.0005979278597962208 6.37456859431808e+28
0.0006008233942262266 6.430397521631134e+28
0.0006037471090399795 6.482666865166938e+28
0.000606699417641642 6.554906105967167e+28
0.000609680741561257 6.621129913051118e+28
0.0006126915106553867 6.668869123642888e+28
0.0006157321633137261 6.72768758209375e+28
0.0006188031466718993 6.789879671721314e+28
0.0006219049168306556 6.853439279750072e+28
0.0006250379390816917 6.916726853936297e+28
0.0006282026881403331 6.981802465219118e+28
0.0006313996483853221 7.04748900057808e+28
0.0006346293141059631 7.116170632788966e+28
0.0006378921897568936 7.154156402431346e+28
0.0006411887902207534 7.255324703364531e+28
0.0006445196410790431 7.320055590428618e+28
0.0006478852788914663 7.391417793323498e+28
0.0006512862514840723 7.46266847139512e+28
0.0006547231182465214 7.5419682430476355e+28
0.0006581964504388106 7.678124948782455e+28
0.0006617068315078176 7.959031547505973e+28
0.0006652548574140258 8.20218741956928e+28
0.0006688411369688183 7.99930187185378e+28
0.0006724662921827415 7.91594014410655e+28
0.0006761309586251542 7.995094668898324e+28
0.0006798357857957031 8.077789852930117e+28
0.0006835814375080759 8.121764234035372e+28
0.0006873685922865142 8.241184097428493e+28
0.0006911979437755755 8.326227491307283e+28
0.000695070201163674 8.412473442268567e+28
0.0006989860896209341 8.504467765055752e+28
0.0007029463507519308 8.591065776114924e+28
0.0007069517430639076 8.677475364416729e+28
0.0007110030424510934 8.77066967685545e+28
0.0007151010426957684 8.817559980996989e+28
0.0007192465559867583 8.95935347368964e+28
0.0007234404134560689 9.054140904828097e+28
0.0007276834657344035 9.154742690223635e+28
0.0007319765835263469 9.27721199865985e+28
0.0007363206582060285 9.319240732630842e+28
0.0007407166024341243 9.453734443711346e+28
0.0007451653507970919 9.560418768420263e+28
0.000749667860469582 9.668659765216228e+28
0.0007542251119010079 9.722958018135373e+28
0.0007588381095273137 9.882063360646456e+28
0.0007635078825090204 9.99766160615538e+28
0.0007682354854966923 1.0055063799654644e+29
0.0007730219994250205 1.022456871695548e+29
0.0007766512106899267 1.0317193525794547e+29
0.0007790896760296126 1.0369642630349094e+29
0.0007815435017808869 1.031753304486067e+29
0.0007840128335400683 1.0501665573034199e+29
0.000786497818749387 1.0574882677459148e+29
0.0007889986067263325 1.0550314550124355e+29
0.0007915153486935617 1.0665010121957234e+29
0.0007940481978093812 1.0746495288151969e+29
0.0007965973091988173 1.069471154030299e+29
0.0007991628399852869 1.0859610742152645e+29
0.0008017449493228808 1.0910488532374141e+29
0.0008043437984292758 1.0898531085590244e+29
0.0008069595506192897 1.1026280338214073e+29
0.0008095923713390917 1.1045839221686975e+29
0.0008122424282010855 1.109124170747129e+29
0.0008149098910194798 1.12196209797967e+29
0.0008175949318465621 1.1247594545152756e+29
0.0008202977250096913 1.1302762657763038e+29
0.0008230184471490269 1.136872544479608e+29
0.000825757277256012 1.143575621926561e+29
0.0008285143967126263 1.1520699890903494e+29
0.0008312899893314292 1.1606342874349119e+29
0.0008340842413964087 1.1705128531716982e+29
0.0008368973417046597 1.1808718193670402e+29
0.0008397294816089055 1.1929368328219013e+29
0.0008425808550608882 1.1983674528919583e+29
0.0008454516586556442 1.1998147271896522e+29
0.0008486322223509972 1.2066444137362197e+29
0.0008515444811785574 1.2119215710012534e+29
0.000854182656851744 1.2166091420388957e+29
0.0008571332014349969 1.2230400748279878e+29
0.0008601042004001095 1.2308265071987279e+29
0.0008630958671841098 1.2390073876147706e+29
0.0008661084182039498 1.2476971606037852e+29
0.0008691420729086922 1.2565239163661424e+29
0.0008721970538328 1.2638495908062151e+29
0.0008752735866505523 1.2712191213522657e+29
0.0008783719002316162 1.2794121418448749e+29
0.0008814922266978031 1.2878533079534362e+29
0.0008846348014810397 1.2962807446011587e+29
0.0008877998633825818 1.304765954238244e+29
0.0008909876546335067 1.3135463639545409e+29
0.0008941984209565103 1.3225160259570022e+29
0.0008974324116290475 1.332148750354977e+29
0.0009006898795478461 1.3409088825097507e+29
0.0009039710812948328 1.3490701716661622e+29
0.0009072762772045031 1.3579429688661457e+29
0.0009106057314327765 1.367125983278158e+29
0.0009139597120273725 1.3765635084217312e+29
0.0009173384909997471 1.3860965222358102e+29
0.000920742344398633 1.3961989736869214e+29
0.0009241715523852201 1.4057382914125356e+29
0.0009276263993100247 1.4149002662219874e+29
0.0009311071737914882 1.4244531062346801e+29
0.0009346141687963525 1.4343964079290909e+29
0.0009381476817218586 1.4446451635073993e+29
0.0009417080144798163 1.455210431921654e+29
0.0009452954735825965 1.4655647108672174e+29
0.0009489103702310961 1.4752314217833074e+29
0.0009525530204047278 1.4856214232260054e+29
0.0009562237449534936 1.4958285548474168e+29
0.0009599228696921918 1.5080919347343426e+29
0.0009636507254968217 1.5209720748838083e+29
0.0009674076484032421 1.5211979169301213e+29
0.0009711939797081473 1.542835742690875e+29
0.0009750100660724228 1.5519716741313224e+29
0.000978856259626949 1.5623984475163458e+29
0.0009827329180809173 1.573680069165407e+29
0.00098664040483273 1.585528734148249e+29
0.0009905790890835592 1.596695407046166e+29
0.0009945493459536335 1.608706708552821e+29
0.0009985515566013343 1.6211356962159404e+29
0.0010025861083451783 1.6329319396464864e+29
0.001006653394788769 1.6452480885018378e+29
0.001010753815948805 1.6577213090271702e+29
0.0010148877783862232 1.670292977811823e+29
0.0010190556953405816 1.682959030995568e+29
0.0010232579868677592 1.6958387969197523e+29
0.0010274950799810832 1.7088411917398293e+29
0.0010317674087959733 1.7219605988848446e+29
0.0010360754146782113 1.73323654309665e+29
0.0010404195463959397 1.7489916183916375e+29
0.0010448002602755015 1.7621925505654373e+29
0.0010492180203612329 1.7760348727457917e+29
0.0010536732985793275 1.790169889702987e+29
0.0010581665749058917 1.8083436709119834e+29
0.0010626983375393215 1.8348395974264438e+29
0.001067269083077125 1.8600834904236213e+29
0.0010718793166973287 1.857053395126962e+29
0.0010765295523446057 1.8624282139928128e+29
0.0010812203129212706 1.8770651194323466e+29
0.0010859521304832894 1.8922653669063818e+29
0.0010907255464414577 1.90778083234306e+29
0.0010955411117679098 1.922909199451403e+29
0.0011003993872081223 1.9382743042783916e+29
0.0011053009434985818 1.9549185173909097e+29
0.0011102463615902981 1.9711474106709384e+29
0.0011152362328783441 1.9882737541714732e+29
0.0011202711594376145 2.0044129018458835e+29
0.0011253517542649959 2.020231747122489e+29
0.0011304786415281623 2.038051827596665e+29
0.0011356524568211974 2.0371885475616384e+29
0.0011408738474272717 2.0778288604452045e+29
0.0011461434725885988 2.0983293727448947e+29
0.0011514620037839053 2.1038940532253992e+29
0.0011568301250136671 2.1253382104518907e+29
0.0011622485330933564 2.1425161705901378e+29
0.0011677179379549721 2.162143945366659e+29
0.0011732390629571234 2.1808877996903498e+29
0.0011788126452039506 2.1997838068108668e+29
0.0011844394358731818 2.2201077999157326e+29
0.0011901202005536288 2.2411531940011765e+29
0.0011958557195924416 2.259236526794627e+29
0.0012016467884524533 2.276885342979505e+29
0.001207494218079959 2.298996429974725e+29
0.001213398835283284 2.3235977591415735e+29
0.001219361483122514 2.375171144863945e+29
0.0012253830213107735 2.4465833666749288e+29
0.0012314643266274521 2.398528681291168e+29
0.0012376062933437985 2.398192054908068e+29
0.0012419422513284865 2.419775207790937e+29
0.0012444336099068786 2.42774064137228e+29
0.0012469349839971436 2.4364384187164548e+29
0.0012494464341159697 2.4452746857944688e+29
0.001251968021268575 2.453893979760279e+29
0.001254499806953648 2.463195475445731e+29
0.0012570418531683465 2.4723654240607848e+29
0.0012595942224133585 2.4814670567480156e+29
0.0012621569776980245 2.49080036726859e+29
0.001264730182545523 2.5004986394959717e+29
0.0012673139009981185 2.5102942153834483e+29
0.001269908197622475 2.5199317634680036e+29
0.001272513137515034 2.5288370152223888e+29
0.0012751287863074594 2.537936814099679e+29
0.0012777552101721503 2.5458850319470866e+29
0.0012803924758278205 2.5555627201305866e+29
0.0012830406505451477 2.5651254185679992e+29
0.0012856998021524954 2.574951626591502e+29
0.0012883699990417009 2.5827813971031438e+29
0.0012910513101739417 2.5942625128316143e+29
0.0012937438050856704 2.60507821505296e+29
0.001296447553894627 2.614268840182875e+29
0.0012991626273059246 2.566838969868833e+29
0.001301889096618214 2.628628333296389e+29
0.0013046270337299243 2.641761009997343e+29
0.0013073765111455827 2.654347157663084e+29
0.0013101376019822154 2.6623237126862338e+29
0.0013129103799758284 2.6741906217825554e+29
0.0013156949194879724 2.685610497789373e+29
0.0013184912955123888 2.6970102632657936e+29
0.0013212995836817444 2.7124749897597736e+29
0.0013241198602744484 2.728178422378504e+29
0.0013269522022215595 2.7414508467059032e+29
0.0013297966871137813 2.7490986850968796e+29
0.0013326533932085478 2.7529474079929224e+29
0.001335522399437199 2.759165494903752e+29
0.0013384037854122525 2.7653354985315172e+29
0.0013412976314347653 2.7755171162573767e+29
0.0013442040185017963 2.7264702446526798e+29
0.001347123028313961 2.7957262497519624e+29
0.0013500547432830881 2.8110474685933265e+29
0.0013529992465399758 2.821462771254782e+29
0.0013559566219422492 2.8330187976171678e+29
0.0013589269540823198 2.8437470466501872e+29
0.0013619103282954534 2.8548526931087652e+29
0.0013649068306679408 2.8647320086851647e+29
0.0013679165480453782 2.8749001779765774e+29
0.0013709395680410585 2.88875325280612e+29
0.0013739759790444717 2.8859944198477613e+29
0.00137702587022992 2.8582186364525587e+29
0.001380089331565248 2.9216268142848697e+29
0.001383166453820689 2.9362131709782147e+29
0.0013862573285778302 2.9475052399141562e+29
0.0013893620482386987 2.9583119629360457e+29
0.0013924807060349696 2.9707281689157366e+29
0.001395613396037298 2.9825612759068357e+29
0.001398760213164778 2.9314700869056423e+29
0.001401921253194529 2.995450085798255e+29
0.0014050966127714132 3.0178533235655363e+29
0.0014082863894178865 3.0299896257865188e+29
0.0014114906815439795 3.0423379696156067e+29
0.001414709588457421 3.049243374342884e+29
0.001417943210373895 2.998983279770502e+29
0.0014211916484274433 3.075603845520553e+29
0.001424455004681008 3.092098604922326e+29
0.0014277333821371208 3.104155011512849e+29
0.0014310268847487406 3.0468505094475962e+29
0.0014343356174302405 3.1238644634840532e+29
0.0014376596860685494 3.1424848669468507e+29
0.0014409991975344461 3.110531925521613e+29
0.001444354259694014 3.133799534976858e+29
0.0014477249814202544 3.1807185942720394e+29
0.0014511114726048632 3.1215125056039233e+29
0.0014545138441701736 3.201331288145067e+29
0.001457932208081267 3.1527224520865108e+29
0.0014613666773582543 3.219949089800601e+29
0.0014648173660887344 3.173846558912793e+29
0.0014682843894404237 3.212265402832385e+29
0.0014717678636739714 3.225323003041054e+29
0.0014752679061559547 3.217157583311399e+29
0.0014787846353720598 3.226389815217019e+29
0.0014823181709404517 3.229469086227078e+29
0.0014858686336253388 3.2513463090619906e+29
0.00148943614535073 3.2633645662176744e+29
0.00149302082921439 3.28425086839478e+29
0.001496622809502 3.30643486216687e+29
0.001500242211701521 3.3279850791874875e+29
0.0015038791625177673 3.348089316827378e+29
0.0015075337898871907 3.360344830824575e+29
0.0015112062229928843 3.3703822234049045e+29
0.0015148965922798022 3.3330566736033984e+29
0.0015186050294702057 3.346319217478212e+29
0.001522331667579335 3.360018688812135e+29
0.0015260766409313138 3.375113702466511e+29
0.0015298400851752872 3.389021976108798e+29
0.0015336221373018022 3.403546292803247e+29
0.0015374229356594274 3.418949956241747e+29
0.0015412426199716248 3.433459154743231e+29
0.0015450813313538706 3.448269119712273e+29
0.0015489392123310337 3.463055486072719e+29
0.0015528164068550163 3.477234563220253e+29
0.0015567130603226576 3.493346549544935e+29
0.0015606293195939095 3.5082245943248394e+29
0.0015645653330102875 3.523994342903863e+29
0.0015685212504136005 3.539306284481221e+29
0.0015724972231649656 3.553030570858535e+29
0.0015764934041641143 3.5692160185341234e+29
0.0015805099478689909 3.5860209434111e+29
0.001584547010315655 3.602550433633592e+29
0.0015886047491384865 3.6183274687008314e+29
0.0015926833235907036 3.634603982746618e+29
0.001596782894565197 3.646001684571738e+29
0.0016009036246156876 3.6670827175704805e+29
0.001605045677978212 3.683530170136535e+29
0.0016092092205929416 3.699806648265473e+29
0.0016133944201263434 3.716775611414819e+29
0.001617601445993687 3.733889075033431e+29
0.001621830469381906 3.7519288934860275e+29
0.0016260816632728153 3.77245352399234e+29
0.001630355202466699 3.7927696297325475e+29
0.0016346512636062687 3.8076168445099776e+29
0.0016389700252010012 3.822675711769807e+29
0.001643311667651865 3.836902996941252e+29
0.0016476763732764384 3.8533951355562254e+29
0.0016520643263344314 3.870529378496956e+29
0.0016564757130536156 3.8885909081156594e+29
0.0016609107216561687 3.906070088104551e+29
0.001665369542385447 3.9244474877765244e+29
0.001669852367533187 3.942335019195112e+29
0.0016743593914671498 3.9607800528107206e+29
0.0016788908106592127 3.979161336311784e+29
0.0016834468237139186 3.9975725446508884e+29
0.001688027631397494 4.0161078733537036e+29
0.001692633436667337 4.034667033689808e+29
0.0016972644447019944 4.0531810271896466e+29
0.0017019208629316296 4.0692347949170114e+29
0.001706602901068993 4.091569684504837e+29
0.0017113107711409076 4.11077554674268e+29
0.0017160446875202737 4.1276195323470926e+29
0.0017208048669586102 4.1525626867955885e+29
0.001725591528619135 4.174196181510361e+29
0.0017304048941104017 4.194624283164368e+29
0.0017352451875205007 4.218863046221306e+29
0.0017401126354518344 4.246837563074906e+29
0.001745007467056481 4.2718557102433665e+29
0.001749929914072155 4.28234471529876e+29
0.0017548802108587806 4.281338388208642e+29
0.0017598585944356851 4.3076456224227446e+29
0.0017648653045194281 4.330846320513487e+29
0.0017699005835622797 4.3514230800329476e+29
0.0017749646767913562 4.37243292712938e+29
0.0017800578322484332 4.393639122413644e+29
0.0017851803008304432 4.4150675691483494e+29
0.0017903323363306753 4.43712146742233e+29
0.0017955141954806918 4.460686571837349e+29
0.0018007261379929724 4.4816741921453846e+29
0.0018059684266043055 4.50321981498637e+29
0.0018112413271199387 4.523478352054514e+29
0.0018165451084585036 4.5450753693762e+29
0.0018218800426977359 4.567665910954657e+29
0.0018272464051209986 4.5894859921470154e+29
0.0018326444742646352 4.613177435743785e+29
0.00183807453196616 4.636022512059343e+29
0.0018435368634133107 4.6590853033791224e+29
0.0018490317571939763 4.683576218619103e+29
0.0018545595053470225 4.703349567999229e+29
0.00186012040341403 4.725437198888483e+29
0.001865714750491967 4.7531293798028334e+29
0.0018713428492868145 4.776910400331113e+29
0.0018770050061681666 4.8065450977932815e+29
0.0018827015312248225 4.84603737191262e+29
0.0018884327383213973 4.806502876744257e+29
0.0018941989451559664 4.9090627192275205e+29
0.0019000004733187718 4.9117485371497705e+29
0.0019058376483520093 4.923229530904063e+29
0.0019117107998107212 4.946785216330008e+29
0.001917620261324819 4.972296442153547e+29
0.0019235663706622605 4.99649294319468e+29
0.001929549469793403 5.023751245083052e+29
0.0019355699049565646 5.048633122469224e+29
0.001941628026724817 5.075074204964794e+29
0.0019477241900740315 5.0972860662473e+29
0.0019538587544522174 5.122583418117611e+29
0.0019600320838501703 5.154033357665553e+29
0.0019662445468734673 5.179251762403069e+29
0.0019724965168158317 5.207370148006713e+29
0.0019787883717339045 5.234407642630505e+29
0.001985120494523453 5.260203866922967e+29
0.0019914932729970434 5.28872639409318e+29
0.001997907099963217 5.317320080356249e+29
0.002004362373307202 5.3450451872375814e+29
0.0020108594960731897 5.372434535977923e+29
0.0020173988765482243 5.3997579607928874e+29
0.0020239809283477293 5.4304129857315374e+29
0.002030606070502714 5.458900144773446e+29
0.0020372747275486996 5.488422894135212e+29
0.0020439873296164055 5.5171484286331306e+29
0.002050744312524228 5.5473357882180036e+29
0.002057546117872567 5.576827141996309e+29
0.00206439319314003 5.607244546535768e+29
0.002071285991781566 5.6360068648718126e+29
0.002078224973328573 5.667976505237139e+29
0.002085210603491022 5.6971881401243505e+29
0.0020922433542616492 5.729843898497564e+29
0.0020993237040222643 5.761587457608021e+29
0.0021064521376522208 5.79003756032524e+29
0.0021136291466391107 5.7993153658670485e+29
0.002120855229191723 5.8582378471934736e+29
0.0021281308903553313 5.89268815044477e+29
0.0021354566421293597 5.928791644554124e+29
0.002142833003587492 5.961776170555899e+29
0.002150260501000274 5.992027790032954e+29
0.002157739667960275 6.022616154274287e+29
0.0021652710455098744 6.057485079094724e+29
0.0021728551822717303 6.0915944334767126e+29
0.0021804926345820002 6.124818392366465e+29
0.002188183966626381 6.140873054680823e+29
0.002195929750579041 6.175459193645262e+29
0.0022037305667445078 6.2142664665254116e+29
0.002211587003702599 6.2494085047594265e+29
0.0022194996584564545 6.285987646308105e+29
0.0022274691365837666 6.3226295005481924e+29
0.002235496052391276 6.359979848637255e+29
0.002243581029072618 6.396848847735393e+29
0.0022517246988696155 6.434101186753971e+29
0.002259927703237082 6.472740012006152e+29
0.0022681906930112575 6.51139449561095e+29
0.002276514328581941 6.554749343009484e+29
0.002284899280068431 6.606593953982855e+29
0.002293346227499368 6.647455843340272e+29
0.002301855860996583 6.679001319489305e+29
0.0023104288809630506 6.70985709368005e+29
0.002319065998275062 6.749089320977952e+29
0.0023277679344787207 6.792065064482676e+29
0.0023365354219908813 6.830653802667109e+29
0.0023453692043046465 6.875408065712383e+29
0.0023542700361995406 6.914186904318857e+29
0.0023632386839564914 6.95952795431545e+29
0.00237227592557774 7.001304145139427e+29
0.0023813825510118195 7.04379906656369e+29
0.002390559362383734 7.09127428380011e+29
0.0023998071742304798 7.133087436495813e+29
0.002409126813742055 7.17826618044685e+29
0.002418519121008105 7.22464340443792e+29
0.0024279849492703683 7.270877394053887e+29
0.002437525165181057 7.318937551429811e+29
0.002447140649067373 7.366426535358711e+29
0.0024568322952022927 7.402590683280139e+29
0.0024666010120818252 7.459569240438124e+29
0.0024764477227088985 7.492640053744137e+29
0.0024863733648840844 7.56016270102765e+29
0.002496378891503336 7.611277964800015e+29
0.002506465270862945 7.664056948440516e+29
0.0025166334869719227 7.69935378041551e+29
0.0025268845398720126 7.761651041662493e+29
0.002537219445965558 7.818857801012265e+29
0.0025476392383514536 7.763214453601691e+29
0.002558144967169398 7.913208860012062e+29
0.002568737699952708 7.971862277699816e+29
0.002579418521989934 8.022723702782839e+29
0.002590188536695528 8.079090213563146e+29
0.002601048865989849 8.135167983671987e+29
0.0026120006506887535 8.186435823353659e+29
0.002623045050903082 8.259059143293949e+29
0.0026341832464483184 8.39250491077902e+29
0.0026454164372647295 8.640252359616603e+29
0.002656745843848304 8.552546098812715e+29
0.0026681727076928127 8.481523885655135e+29
0.0026796982917433217 8.541004168577098e+29
0.002691323880861514 8.602598646093535e+29
0.002703050782303177 8.652320436483711e+29
0.0027148803262082234 8.718970040906317e+29
0.002726813866103644 8.777780180630276e+29
0.002738852779419775 8.843670246343743e+29
0.0027509984680203063 8.904197658288572e+29
0.0027632523587464543 8.95840057429944e+29
0.002775615903975745 9.00041824749822e+29
0.0027880905821958605 9.09783279643684e+29
0.002800677898594036 9.159483446777397e+29
0.0028133793856624898 9.22817944925841e+29
0.0028261966038204056 9.284863189256778e+29
0.002839131142052993 9.366794453555678e+29
0.0028521846185681795 9.317511852108571e+29
0.0028653586814714966 9.485366762706955e+29
0.002878655009459763 9.57653527164144e+29
0.002892075312534168 9.650307210529738e+29
0.0029056213327333913 9.71444737910448e+29
0.0029192948448874306 9.79676561248884e+29
0.0029330976573928086 9.873288805336283e+29
0.0029470316130098765 9.95159476145071e+29
0.0029610985896829545 1.0023910062717188e+30
0.0029753005013840716 1.0094736778450275e+30
0.002989639298981104 1.0168386946290243e+30
0.0030041169711311332 1.0239679601933453e+30
0.003018735545199898 1.0196743101040544e+30
0.0030334970882082103 1.0405173077904753e+30
0.0030484037078062852 1.0498632345279234e+30
0.0030634575532769333 1.0590117682467788e+30
0.0030786608165686304 1.0632224361471413e+30
0.0030940157333594967 1.0745133854287517e+30
0.003109524584153278 1.0839687474812575e+30
0.0031251896954084587 1.0751085014805025e+30
0.003141013440701666 1.1011832727416053e+30
0.003156998241926611 1.1073082019777225e+30
0.0031731465705298156 1.1187273877568247e+30
0.003189460948784468 1.1120059954494042e+30
0.0032059439511037675 1.1347017872835364e+30
0.0032225982053952157 1.1449178482559672e+30
0.0032394263944573315 1.1373099878563613e+30
0.003256431257420362 1.1601705927686842e+30
0.003273615591232607 1.1613839221963043e+30
0.003290982252194053 1.1670916856922824e+30
0.003308534157539088 1.1765312313978222e+30
0.0033262742870701287 1.1688790305611529e+30
0.003344205684844092 1.1742673328079609e+30
0.0033623314609137075 1.1553388311094558e+30
0.003380654793125771 1.1572539377590825e+30
0.0033991789289785153 1.1720070413680004e+30
0.0034085173326295548 1.0833754496153817e+30
0.00341790718754038 1.0874894934559593e+30
0.003436842961432571 1.0970918171957387e+30
0.0034559897188778774 1.1063655270526458e+30
0.00347535100581837 1.116672436661528e+30
0.0034949304481046704 1.1260382940655904e+30
0.003514731753759654 1.1358840883889713e+30
0.0035347587153195387 1.1460611697207338e+30
0.003555015212255467 1.1578992560290348e+30
0.0035755052134788415 1.1668635252184776e+30
0.0035962327799337916 1.1759412501819039e+30
0.003617202067280344 1.1842108546453744e+30
0.0036384173286720177 1.1958082682097234e+30
0.0036598829176317346 1.206150401224371e+30
0.003681603291030142 1.2170985523668914e+30
0.003703583012170621 1.2279100821308814e+30
0.0037258267539854594 1.2395618637078314e+30
0.003748339302347909 1.2509651775508773e+30
0.0037711255595050393 1.2620043811319536e+30
0.003794190547636569 1.2736627860741022e+30
0.003817539412545102 1.285361895035053e+30
0.0038411774274834613 1.2984648539629755e+30
0.0038651099971251032 1.320061711375337e+30
0.003889342661683881 1.3224933533782124e+30
0.003913881101189773 1.3338981599072582e+30
0.003938731139927485 1.346822454439707e+30
0.003963898751045233 1.358996522490147e+30
0.003989390061341344 1.372060832741091e+30
0.004015211356236757 1.3852693976475513e+30
0.004041369084941883 1.3986800058767636e+30
0.004067869865826747 1.4122968541516185e+30
0.004094720492003822 1.4261673250576648e+30
0.004121927937133415 1.439489265864222e+30
0.004149499361462067 1.4537252978726504e+30
0.0041774421181049095 1.4668031013378286e+30
0.0042057637595835865 1.4794494566016477e+30
0.004234472044631938 1.4945768069013987e+30
0.00426357494528233 1.5099386848765412e+30
0.004285666007174984 1.518897333200351e+30
0.004300521002000548 1.526740921516425e+30
0.00431547933592055 1.5332281304830604e+30
0.004330542091019749 1.5417034432763433e+30
0.0043457103645434605 1.547260289638034e+30
0.0043609852691640005 1.5540054302180107e+30
0.004376367933252762 1.5616749101795886e+30
0.004391859501158082 1.5721884153419007e+30
0.0044074611334890155 1.5807400214582896e+30
0.004423174007405198 1.5858391039035922e+30
0.004438999316912909 1.5902748979257868e+30
0.004454938273167533 1.6031496441273971e+30
0.004470992104782552 1.610980803885409e+30
0.004487162058145236 1.6162243089729892e+30
0.004503449397739231 1.6234840274919978e+30
0.004519855406474164 1.633791787405779e+30
0.004536381386022515 1.6478482597263736e+30
0.004553028657163882 1.6505233109588342e+30
0.004569798560136862 1.658862827696348e+30
0.004586692454998736 1.6676121028744968e+30
0.004603711721993166 1.6749844036576582e+30
0.004620857761926101 1.6856034366882875e+30
0.004638131996550124 1.6940099828407758e+30
0.004655535868957441 1.7003810641383486e+30
0.004673070843981763 1.7119004037183872e+30
0.004690738408609293 1.7206520626438707e+30
0.004708540072399081 1.7255158191977012e+30
0.004726477367912983 1.7338829522741408e+30
0.00474455185115548 1.7415340860874639e+30
0.004762765102023639 1.7498067960606563e+30
0.004781118724767468 1.760934496022558e+30
0.0047996143484609595 1.769880914505856e+30
0.00481825362748411 1.7790237124678773e+30
0.00483703824201621 1.7844460342060375e+30
0.0048559698985407365 1.7937630217035205e+30
0.004875050330362114 1.7997807311842147e+30
0.004894281298134746 1.8113072397148042e+30
0.004913664590404585 1.821357856885529e+30
0.004927324499909285 1.8317921964457778e+30
0.004937128169825539 1.8307769132729478e+30
0.004952895445417797 1.8435086357748007e+30
0.004972746729768169 1.8444955166897065e+30
0.004992757783006672 1.862167300890113e+30
0.00501293054172589 1.8687619548181179e+30
0.0050332669739438455 1.8804742645990932e+30
0.005053769079744025 1.8911812343547035e+30
0.005074438891931116 1.9019475518737013e+30
0.005095278476702907 1.9081561462094132e+30
0.005116289934338796 1.92176472101944e+30
0.005137475399905416 1.9294405482230623e+30
0.005158837043979868 1.9390726615136244e+30
0.005180377073391056 1.9528771461117746e+30
0.005202097731979698 1.956702670200686e+30
0.005224001301377507 1.9724821332618356e+30
0.005246090101806164 1.9821978780813506e+30
0.005268366492896637 1.9958861326800477e+30
0.005290832874529459 2.002734657855427e+30
0.005313491687696608 2.0138235566178307e+30
0.005336345415385625 2.0046261816756343e+30
0.005359396583486643 2.040002486619718e+30
0.005382647761723028 2.050691157381993e+30
0.005406101564606354 2.0586635937494158e+30
0.005429760652416447 2.0797262823766923e+30
0.005453627732207288 2.0894029372513985e+30
0.00547770555883955 2.0991834346175393e+30
0.0055019969360406125 2.1064920328490702e+30
0.005526504717492909 2.1221323747593132e+30
0.00555123180795149 2.1355507678637486e+30
0.005576181164391721 2.143430431607703e+30
0.005601355797188072 2.1559463818582106e+30
0.0056267587713249795 2.1727399549085803e+30
0.005652393207640811 2.1861905055356877e+30
0.005678262284105986 2.191768619305075e+30
0.005704369237136359 2.2084764356772065e+30
0.005730717362942993 2.2193643421168504e+30
0.005757310018919526 2.2347505391931126e+30
0.005784150625068336 2.2403812300020764e+30
0.005811242665466783 2.2547817198836534e+30
0.005838589689774861 2.271517542353279e+30
0.005866195314785617 2.2717133650282736e+30
0.005894063226019753 2.293108705338976e+30
0.005922197179365909 2.3006212314160693e+30
0.005950601002768143 2.2923862741939458e+30
0.00597064633819614 2.3040018892123252e+30
0.005982161567392276 2.3402441572619302e+30
0.0060082339422622665 2.3131960655184593e+30
0.006037471090399796 2.3538448300969066e+30
0.006066994176416421 2.3110740943172505e+30
0.0060968074156125705 2.308359353548995e+30
0.0061269151065538666 2.347010179743155e+30
0.006157321633137261 2.3557783598119114e+30
0.006188031466718993 2.3583517755345249e+30
0.006219049168306556 2.3795952392925318e+30
0.0062535297836550305 2.3937250697739915e+30
0.006278847718001812 2.4125347316742396e+30
0.006307576558602736 2.4229712040313912e+30
0.006346293141059631 2.3987919608949454e+30
0.006378921897568936 2.4538291151861252e+30
0.006411887902207535 2.465691445647616e+30
0.0064451964107904314 2.4647972806879785e+30
0.006478852788914663 2.4776441655308147e+30
0.006512862514840724 2.51011621873941e+30
0.006547231182465214 2.4415905176947565e+30
0.006581964504388106 2.4693964681094494e+30
0.006617068315078176 2.5691391113315633e+30
0.006652548574140257 2.560447571068572e+30
0.006688411369688184 2.563148876143887e+30
0.006724662921827415 2.571655330452969e+30
0.006761309586251542 2.621188474086668e+30
0.006798357857957031 2.6313977449428267e+30
0.00683581437508076 2.6480339889212514e+30
0.006873685922865142 2.639191189810223e+30
0.006911979437755755 2.693326927598301e+30
0.00695070201163674 2.6739992971932423e+30
0.006989860896209341 2.6897868156466616e+30
0.007029463507519308 2.734240760219952e+30
0.007069517430639077 2.7541171850585756e+30
0.007110030424510934 2.7033502851658156e+30
0.007151010426957683 2.7884302987851595e+30
0.007192465559867583 2.701444857746997e+30
0.007234404134560688 2.743414280977637e+30
0.007276834657344035 2.831240225944612e+30
0.007319765835263469 2.8385265554544035e+30
0.007363206582060284 2.8823932497250023e+30
0.007398332194854848 2.6587128766323966e+30
0.007420456394002141 2.7986123019418803e+30
0.007451653507970919 2.8281835278159166e+30
0.007496678604695818 2.927957322823523e+30
0.0075422511190100785 2.958313690146443e+30
0.007588381095273138 2.900540800371893e+30
0.007635078825090204 2.97264529975482e+30
0.0076823548549669225 2.8680521092105896e+30
0.0077302199942502065 3.003641758546401e+30
0.007778685323367762 3.0162122650707275e+30
0.007827762202379546 2.919524671690506e+30
0.00787746227985497 2.8886163310693415e+30
0.007927797502090467 2.9527243857311913e+30
0.007978780122682688 3.3886288535783793e+30
0.008030422712473515 2.3826121308643212e+30
0.008082738169883766 2.955127969368055e+30
0.008135739731653494 3.1384606713503467e+30
0.008178644094114423 2.980188066906117e+30
0.00820568987484893 3.142315736634546e+30
0.00824385587426683 3.1593186885424394e+30
0.008298998722924134 3.2434799644191235e+30
0.008354884236209819 3.236264193855528e+30
0.008411527519167173 3.280479916382281e+30
0.008468944089263877 3.2503387556877075e+30
0.00852714989056466 3.241606767562088e+30
0.008574293773857346 3.3296843547196005e+30
0.008604024334793051 3.3346146806172805e+30
0.008645995185206676 3.2929973203413485e+30
0.00870666883562918 3.2243668385064774e+30
0.008768200064149526 3.3856973107775425e+30
0.00883060718204383 3.278719883255862e+30
0.00889390902564271 3.39876822221929e+30
0.00895812497528634 3.4323175075790936e+30
0.009023274975106603 3.641531079568065e+30
0.009089379553678813 2.754848208154265e+30
0.009156459845587881 3.3424589886894664e+30
0.009224537613956566 3.560871833498072e+30
0.009293635273986202 3.3269905773484105e+30
0.009363775917563457 3.506211824656854e+30
0.009434983338989794 3.5265726613623276e+30
0.00950728206189393 3.6534452593676776e+30
0.00958069736739118 3.2614516428166984e+30
0.00965525532355765 3.703383162321631e+30
0.009730982816291435 3.722085458480303e+30
0.009807907581637612 3.737623949217214e+30
0.00988605823965863 3.6972493538064557e+30
0.009965464329937012 5.254001959901389e+30
0.010046156348802899 1.6699521686870883e+30
0.010128165788384963 3.571383883999769e+30
0.010211525177589779 3.14318803459742e+30
0.010296268125121643 3.8232235988889803e+30
0.01038242936466241 3.892560351290701e+30
0.010470044802338886 3.466198291357139e+30
0.01055915156661411 2.8673052196202234e+30
0.010649788060748138 3.6240046603904034e+30
0.010741994017984053 3.953019346576115e+30
0.010835810559625835 3.871463034923408e+30
0.010931280256186414 4.02248596966741e+30
0.011028447191796959 3.727165062783988e+30
0.011127357032082135 3.7471914298914256e+30
0.011228057095720887 4.1133095458805397e+30
0.011330596429928385 4.162633203128245e+30
0.011435025890112055 3.666247511058097e+30
0.011541398223973562 4.1731790044205263e+30
0.0116497681603489 4.2375023690387884e+30
0.011760192503101024 4.2315210912494264e+30
0.011872730230403425 4.406030280183427e+30
0.011987442599779304 3.2947865314093787e+30
0.012104393259289347 2.702079852006581e+30
0.012223648365292198 3.7760362727627716e+30
0.012345276707235403 4.2693373621725785e+30
0.012469349839971437 3.5030213445564e+30
0.012595942224133586 4.271667506086483e+30
0.012725131375150339 4.25099230234252e+30
0.012856998021524953 4.441798422450889e+30
0.012991626273059246 4.2856040131343357e+30
0.013129103799758285 5.543081429358686e+30
0.013269522022215595 5.252519367469484e+30
0.013412976314347654 4.4430384404429626e+30
0.013559566219422493 4.465327577049555e+30
0.013709395680410585 2.3628363193409436e+30
0.013862573285778302 2.384025848073539e+30
0.01401921253194529 2.3563975282261754e+30
0.014179432103738948 2.2227030558380996e+30
0.014343356174302404 2.2187128572408638e+30
0.014511114726048631 2.2901929289516934e+30
0.014682843894404236 2.3229319252652065e+30
0.01485868633625339 2.0477763922960687e+30
0.015038791625177673 2.3026516212429861e+30
0.015223316675793349 2.2923862032925375e+30
0.015412426199716249 2.2833059167168738e+30
0.015606293195939095 2.4144040695841364e+30
0.01580509947868991 9.873733057328503e+29
0.016009036246156877 2.2060780121036617e+30
0.01621830469381906 2.5462700077614536e+30
0.016433116676518648 8.396129764742777e+29
0.01665369542385447 2.0672001661239832e+30
0.01688027631397494 2.152276166778559e+30
0.0170895359377019 2.2304109813590843e+30
0.017328216607222877 2.2149676235959695e+30
0.01759858594435685 2.04708768034148e+30
0.017851803008304433 2.0951930943615237e+30
0.018112413271199387 2.0917671205768177e+30
0.0183807453196616 2.0446443776832897e+30
0.01865714750491967 2.0175923440222498e+30
0.018855627797525195 1.9934317717465902e+30
0.019087697062725506 2.046829387562316e+30
0.019385942329330594 1.679619994209051e+30
0.01969365569963743 2.5834140256419185e+30
0.020011295307696096 1.6145670587209436e+30
0.020339349329133737 2.4480992018095322e+30
0.0206783384846193 1.3336981165458672e+30
0.02102881879791793 2.0125663019494595e+30
0.021391384639261345 1.6675213384057705e+30
0.021766672089072948 1.3414316659602473e+30
0.022155362662092108 1.7345194747133736e+30
0.02255818743776651 7.086956991184699e+29
0.022975931649577 5.8029707526807115e+29
0.02340943979390864 1.701026768445303e+30
0.023859621328406883 1.7067448064748243e+30
0.024232427911663242 1.2735771558089625e+30
0.02451976895409403 1.4259875569684942e+30
0.02481400618154316 1.5930005316612882e+30
0.02532041447096241 8.405139608938568e+29
0.025847923105774124 7.783532464045162e+29
0.026397878916535274 1.4796924834236543e+30
0.026971745849503438 7.81348211443864e+29
0.02750998468020306 1.2955145808516507e+30
0.028133793856624897 5.837607386719333e+29
0.028853495559933908 8.78572546305098e+29
0.02940048125775256 9.07270249639638e+29
0.029968606499448262 6.457146959086328e+29
0.030634575532769333 5.786208779424207e+29
0.031410134407016656 5.040593850244372e+29
0.032225982053952155 9.208941718818712e+29
0.03308534157539088 3.753079584477955e+29
0.03389891554855623 5.7440116943422244e+29
0.034753510058183695 1.5383767492763386e+29
0.03565230773210224 6.919373095215076e+29
0.036707109736010594 4.0432633203123916e+29
0.037826228935279205 8.013941116617848e+29
0.039015732989847736 3.506744381158058e+29
0.040282477567440196 5.902963978041083e+29
0.041219279371334155 4.537248721597653e+29
0.04191555098233642 2.1016965795981322e+29
0.04278276927852269 1.5360024516179938e+29
0.043686630601308375 3.0804307147415085e+29
0.04446954512821354 2.05834609125534e+29
0.04528103317799847 5.7659390118707275e+29
0.04612268806978283 1.5932244784768907e+29
0.04699622382868023 1.5043401548132065e+29
0.047719242656813765 1.188159546844772e+29
0.048276276617788244 4.9842444816776514e+29
0.04923413924909357 2.8377094025618312e+29
0.050434971913705606 2.068912326224007e+29
0.05169584621154825 4.275263151353169e+28
0.05302138072979307 2.968318920723484e+28
0.053943491699006876 3.2039879266229643e+28
0.05465640128093207 2.1353180476686e+28
0.05563678516041067 2.0879943719052953e+28
0.05639546859441627 1.9484509163630407e+28
0.0574398291239425 1.8631115598736462e+28
0.059080967098912286 1.8463722494697657e+28
0.06052196629644673 1.6013590504478257e+28
0.06142080738005733 1.5268153310186052e+28
0.06266163177157363 1.450298121839932e+28
0.06395362417923495 1.2035414032335899e+28
0.06495813136529624 1.302399995549205e+28
0.06670431769232033 9.176616407067735e+27
0.0681703466525911 1.1136406822233277e+28
0.068927794948731 1.0266484826560048e+28
0.07009606265972644 8.934806405833515e+27
0.07171678087151202 7.952710522201488e+27
0.07298237112218577 8.581283730294198e+27
0.0747409824745276 7.099558329916187e+27
0.07658643883192334 6.836524273631425e+27
0.07803146597969547 7.543742661298183e+27
0.08004518123078438 7.057402975508862e+27
0.08216558338259325 6.461021552274164e+27
0.0844013815698747 5.320060404985347e+27
0.08676225937602504 5.356863868854873e+27
0.08862145064836843 4.6535832314503953e+27
0.09056206635599694 4.497939933528789e+27
0.09258957530426552 4.0935597999355766e+27
0.09399244765736046 3.913374627281427e+27
0.09470994725779831 3.7987806882143997e+27
0.09692971164665297 3.529575285860428e+27
0.09769293772261087 3.505524167421546e+27
0.09925602472617263 3.234010016493336e+27
0.10253721562621142 2.897944528393835e+27
0.10514409398958967 2.6006103747636445e+27
0.10883336044536475 2.3118476563149997e+27
0.11279093718883254 1.9276331458802025e+27
0.114879658247885 1.8552007658987284e+27
0.11704719896954321 1.721800348046585e+27
0.11929810664203443 1.5845492233602754e+27
0.12163728520364293 1.4459252313336318e+27
0.1240700309077158 1.2877872686883778e+27
0.12660207235481205 1.1597864832425286e+27
0.12923961552887062 1.0666393049835613e+27
0.1319893945826764 9.697068492388248e+26
0.1363406933051822 8.640062403723777e+26
