#"E (kev)" "Fv (kev/s/cm^2/kev)"
1.240700309077158e-07 4.047252443636199e+21
1.2522207398840916e-07 4.12267164539118e+21
1.2638283682155016e-07 4.1995846193718886e+21
1.2755220613520696e-07 4.2777961621042695e+21
1.2873005904515024e-07 4.356828104821757e+21
1.2991626273059247e-07 4.4375357853383435e+21
1.3112453065706595e-07 4.520531643165766e+21
1.3232725139474809e-07 4.6037205568784784e+21
1.335522399437199e-07 4.6893898710303575e+21
1.3480012049947392e-07 4.777751359734103e+21
1.360417005567059e-07 4.865853730839076e+21
1.373063644397032e-07 4.956833223333977e+21
1.3856380490028567e-07 5.048199309130383e+21
1.3984448930085188e-07 5.14180622944975e+21
1.4114906815439796e-07 5.238144557696856e+21
1.4244550046810078e-07 5.334596642047465e+21
1.437659686068549e-07 5.434095538087025e+21
1.4509417718128381e-07 5.53504813979015e+21
1.4644715640665228e-07 5.638891934068805e+21
1.4779038821645716e-07 5.742612547270959e+21
1.4915848870848257e-07 5.849420039639027e+21
1.505521549662854e-07 5.959354827266675e+21
1.519348896739111e-07 6.069160472405726e+21
1.5334325906280533e-07 6.182188933289703e+21
1.5475867644719446e-07 6.296865821297824e+21
1.562004669617472e-07 6.415135066353188e+21
1.5764934041641146e-07 6.534724578984804e+21
1.591049383274119e-07 6.655552560982717e+21
1.605668835352864e-07 6.778164074727232e+21
1.6205594423682836e-07 6.904549910580884e+21
1.6355131941433667e-07 7.032949901034211e+21
1.6507454883943029e-07 7.164612291098031e+21
1.6660404311496683e-07 7.29793718210962e+21
1.6813935615627564e-07 7.432686319673764e+21
1.697032292541592e-07 7.572080986066684e+21
1.7127282013765298e-07 7.712566130583257e+21
1.728476329168512e-07 7.85485448822896e+21
1.7445167450466224e-07 8.001859432723162e+21
1.760607789239617e-07 8.150011623063718e+21
1.776998437520994e-07 8.302049262422232e+21
1.793437856428387e-07 8.456531530597155e+21
1.8099202174721489e-07 8.612233066721719e+21
1.826708346697818e-07 8.773036470344041e+21
1.8435368634133107e-07 8.935873228118281e+21
1.8606783279501472e-07 9.102830224453017e+21
1.877857286328376e-07 9.271224706377112e+21
1.895356414722209e-07 9.445167748319172e+21
1.9128897765605273e-07 9.620281400989609e+21
1.9304501463780272e-07 9.797404077942741e+21
1.948335912495537e-07 9.980486593504086e+21
1.9662445468734676e-07 1.0165174487047192e+22
1.9844854591765164e-07 1.0353583264631204e+22
2.0030679836570198e-07 1.0548232694763966e+22
2.0213429603733432e-07 1.0742084391267304e+22
2.040289934348229e-07 1.0944830861208642e+22
2.058911896908659e-07 1.114407058125909e+22
2.078224973328573e-07 1.135548015658121e+22
2.0971945724766025e-07 1.156314389779789e+22
2.1168747808857839e-07 1.1782421193452285e+22
2.136191992212738e-07 1.199935688350272e+22
2.1562396751427842e-07 1.2224641932484495e+22
2.1759037339129395e-07 1.2447611493105214e+22
2.196318479513468e-07 1.2683129251009183e+22
2.2163278118563024e-07 1.291549275409558e+22
2.237108382757227e-07 1.3160100970351146e+22
2.2578713540985587e-07 1.3405020169152414e+22
2.278604791693587e-07 1.3652384951566516e+22
2.299722537677772e-07 1.390441277001605e+22
2.3208011767249495e-07 1.4160111404285864e+22
2.3422697924809479e-07 1.4425497682914847e+22
2.3641393084549503e-07 1.469560554821651e+22
2.3859621328406886e-07 1.4968197745018808e+22
2.408191593705664e-07 1.5247144466666339e+22
2.4303629952539824e-07 1.5528722066613895e+22
2.4529464394566194e-07 1.582009677036192e+22
2.4754595153175537e-07 1.611243543549338e+22
2.4983896678960086e-07 1.6411372507121773e+22
2.5217485956852805e-07 1.6719790392230722e+22
2.5450262750300677e-07 1.7029368118968112e+22
2.568205980288052e-07 1.7341037942297158e+22
2.5923533411557833e-07 1.7669932347442892e+22
2.616407231288819e-07 1.799930553305817e+22
2.640349668178672e-07 1.832980890864748e+22
2.664734340801456e-07 1.8668242842023031e+22
2.689573616035461e-07 1.90194935092515e+22
2.7142863904553885e-07 1.9368160278683165e+22
2.739457516178313e-07 1.9730381641160323e+22
2.765099864223664e-07 2.0103138364045367e+22
2.790598985778583e-07 2.047398574266356e+22
2.815933520374848e-07 2.0847634755129084e+22
2.8423832968548866e-07 2.124201557921782e+22
2.868671234860481e-07 2.163822631366794e+22
2.895449962840509e-07 2.2041289530777623e+22
2.9220450048920346e-07 2.244910462378691e+22
2.949133133057186e-07 2.2868787867523456e+22
2.976014173847825e-07 2.3284146829227243e+22
3.0041169711311335e-07 2.3726157809825295e+22
3.031273660095671e-07 2.4159938343239548e+22
3.0596801703505746e-07 2.4613433482568895e+22
3.0878554232880985e-07 2.507062403135133e+22
3.116554406121974e-07 2.5537859707393827e+22
3.144994446329932e-07 2.6006433282428072e+22
3.1747704940561877e-07 2.6501762891578675e+22
3.203460648275647e-07 2.6981250876587544e+22
3.2335165730444563e-07 2.748781447075029e+22
3.263283295836818e-07 2.7999522273630855e+22
3.2936031565626706e-07 2.851844074859669e+22
3.3236011494164423e-07 2.9043832994201692e+22
3.3550576232481283e-07 2.959487704229097e+22
3.3861907998830734e-07 3.0146031996642982e+22
3.41696587462726e-07 3.0696556143361516e+22
3.4492641342150627e-07 3.1280378052926234e+22
3.480225270903669e-07 3.1844207455115017e+22
3.5127415319285333e-07 3.2440763428622653e+22
3.5458711319724434e-07 3.3058603331995736e+22
3.578599103193418e-07 3.3669022600445253e+22
3.610885649235035e-07 3.4281168593867594e+22
3.644830520203167e-07 3.4928410516284133e+22
3.6783288143408183e-07 3.5574331206850037e+22
3.712448560972944e-07 3.623689837335889e+22
3.7472072155758324e-07 3.691805571793014e+22
3.781470006330869e-07 3.759460189789431e+22
3.816365146346226e-07 3.829354809051637e+22
3.8519103044928846e-07 3.9009119282353505e+22
3.886905730191598e-07 3.9722282968385755e+22
3.923783393665902e-07 4.048064734229177e+22
3.9601031250467857e-07 4.123210746836526e+22
3.9958141999264346e-07 4.198147965695093e+22
4.033486050315858e-07 4.277477777654658e+22
4.070539071775453e-07 4.356293650237025e+22
4.1082791691296625e-07 4.437532804448561e+22
4.146725631942373e-07 4.520787779815199e+22
4.1844867085232985e-07 4.6036715476955016e+22
4.222941828036617e-07 4.688696465450523e+22
4.262110302566671e-07 4.776007412636934e+22
4.302012167396526e-07 4.865853730839077e+22
4.3411487371489084e-07 4.95470233111837e+22
4.382551427330124e-07 5.049768085727437e+22
4.423174007405198e-07 5.1436980374522045e+22
4.462950752076108e-07 5.236970835827986e+22
4.505084637171961e-07 5.336374694115671e+22
4.546355108380938e-07 5.434124514004884e+22
4.5883887170013237e-07 5.5353792807271796e+22
4.631206827462329e-07 5.638949885893827e+22
4.6730708439817624e-07 5.741572263751811e+22
4.717491669494897e-07 5.850949582254792e+22
4.760937486865533e-07 5.959360788985343e+22
4.80519097241347e-07 6.07085970591207e+22
4.848379480567245e-07 6.180446300530469e+22
4.894281298134746e-07 6.297775297208724e+22
4.939093587090598e-07 6.414117795103581e+22
4.984734066199911e-07 6.532496851895863e+22
5.031225908666497e-07 6.655497589731858e+22
5.078593160364953e-07 6.7816132170185395e+22
5.124743118864758e-07 6.904832874847492e+22
5.171739512618416e-07 7.03265202999832e+22
5.219605843824813e-07 7.1630839329113084e+22
5.268366492896637e-07 7.297557031855281e+22
5.318046759867801e-07 7.435769384614181e+22
5.366350817807777e-07 7.57153973677838e+22
5.415540415002872e-07 7.710778302889936e+22
5.465640128093207e-07 7.8542612488817e+22
5.516675451654772e-07 8.001862413715151e+22
5.568672841459416e-07 8.153121867276059e+22
5.61911371864655e-07 8.301625231826911e+22
5.670476732528144e-07 8.454071644818335e+22
5.722787403492427e-07 8.61066858636274e+22
5.776072202407626e-07 8.77142977511732e+22
5.830358595287397e-07 8.937469666970703e+22
5.882884348398094e-07 9.099003079522396e+22
5.939206840962939e-07 9.274285589525367e+22
5.993721299889652e-07 9.445426865877423e+22
6.049245778045626e-07 9.621040868430614e+22
6.105808607663179e-07 9.802903274639042e+22
6.160378893133854e-07 9.9789068513436e+22
6.219049168306556e-07 1.0168145329327125e+23
6.275671770749408e-07 1.0353676984261985e+23
6.333334911062573e-07 1.054625492436413e+23
6.392067537749397e-07 1.0742084391267302e+23
6.451899683188549e-07 1.0944804866166326e+23
6.512862514840725e-07 1.1152254685123362e+23
6.571505874349354e-07 1.1354346982359621e+23
6.631214906879519e-07 1.1560888509537964e+23
6.692018927061262e-07 1.1772824292580783e+23
6.753948334660632e-07 1.1991738708995318e+23
6.81703466525911e-07 1.2217984174846425e+23
6.881310643800101e-07 1.2448147127475232e+23
6.946810241193494e-07 1.2687253431639171e+23
7.009606265972645e-07 1.2917209740109805e+23
7.073547942287105e-07 1.3155361370576748e+23
7.138666910685604e-07 1.339962353762109e+23
7.20499598767223e-07 1.3645890535691578e+23
7.272569220850868e-07 1.3904624544013971e+23
7.341421947202118e-07 1.4170937351198664e+23
7.407166024341242e-07 1.4425773372490346e+23
7.474098247452758e-07 1.4687776570431466e+23
7.546838862999744e-07 1.4974672803750751e+23
7.616330933561436e-07 1.5250998658410103e+23
7.687114678297137e-07 1.553785092801729e+23
7.754376931732238e-07 1.5809680559838688e+23
7.827762202379546e-07 1.6111128658742545e+23
7.902549739344955e-07 1.641939883539607e+23
7.97365237196117e-07 1.671503663999005e+23
8.046046102964707e-07 1.7018962259657117e+23
8.119766420662028e-07 1.7332997540104976e+23
8.194850126005006e-07 1.7656005095966005e+23
8.27133539384772e-07 1.7987133322907347e+23
8.349261837665936e-07 1.8327392296033776e+23
8.428670577969822e-07 1.867891005417772e+23
8.503771823695394e-07 1.901503247925684e+23
8.586161308492443e-07 1.9383822177302376e+23
8.664108303611438e-07 1.973669479958542e+23
8.743483503010276e-07 2.009882900961248e+23
8.82432652259714e-07 2.047118349267348e+23
8.906678457122455e-07 2.0857870445582287e+23
8.990581949834478e-07 2.1251529591610674e+23
9.069446703780395e-07 2.16272107737556e+23
9.156459845587882e-07 2.2044480741467224e+23
9.238274825593135e-07 2.2438199506123487e+23
9.328573752459835e-07 2.288064240330815e+23
9.413507656124112e-07 2.3296041427854177e+23
9.500002366593859e-07 2.372621742664188e+23
9.588101306624096e-07 2.4171372663290318e+23
9.677849524782824e-07 2.4624228658135402e+23
9.761607467168827e-07 2.505229379654542e+23
9.85464899981857e-07 2.5533516829474935e+23
9.949481227563416e-07 2.602517250794739e+23
1.0038028390591892e-06 2.6491815516395095e+23
1.0128165788384964e-06 2.6969675851127596e+23
1.0228361987445655e-06 2.7507124885981586e+23
1.032196596570015e-06 2.8012077488038756e+23
1.0417298984694862e-06 2.8529815443261172e+23
1.0514409398958968e-06 2.9066024341589538e+23
1.0613347383038135e-06 2.961496730848626e+23
1.0704920699544072e-06 3.013077470407864e+23
1.0807493981508345e-06 3.070936297597154e+23
1.090246317291e-06 3.125252258961529e+23
1.1008875856940178e-06 3.186518847885286e+23
1.110743338475522e-06 3.243897358649784e+23
1.1207771536379026e-06 3.3024615150728306e+23
1.1320258294499618e-06 3.369252685773171e+23
1.1424496400342154e-06 3.4316567435351784e+23
1.1530672017445707e-06 3.495547297871473e+23
1.162793166895181e-06 3.554977882579774e+23
1.1737940483227605e-06 3.62254938679961e+23
1.1850050707518223e-06 3.692213864643654e+23
1.195279681191867e-06 3.756497806804318e+23
1.2069069154447063e-06 3.8296356260325286e+23
1.2175665447273387e-06 3.897568562037807e+23
1.2296336066175994e-06 3.9755789393757775e+23
1.240700309077158e-06 4.047252443636199e+23
1.2522207398840917e-06 4.1226716453911795e+23
1.2638283682155018e-06 4.199584619371889e+23
1.2755220613520694e-06 4.2777961621042696e+23
1.2873005904515026e-06 4.3568281048217574e+23
1.2991626273059246e-06 4.437535785338344e+23
1.3112453065706595e-06 4.520531643165766e+23
1.323272513947481e-06 4.603720556878479e+23
1.3355223994371992e-06 4.6893898710303576e+23
1.3480012049947394e-06 4.7777513597341024e+23
1.3604170055670592e-06 4.865853730839076e+23
1.3730636443970317e-06 4.957065512656679e+23
1.3856380490028568e-06 5.048199309130383e+23
1.398444893008519e-06 5.14180622944975e+23
1.4114906815439797e-06 5.238144557696856e+23
1.4244550046810078e-06 5.3345966420474656e+23
1.4376596860685492e-06 5.434095538087025e+23
1.4509417718128384e-06 5.5350481397901506e+23
1.4644715640665227e-06 5.638891934068806e+23
1.477903882164572e-06 5.7426125472709594e+23
1.4915848870848259e-06 5.849420039639027e+23
1.5055215496628538e-06 5.959354827266675e+23
1.5193488967391111e-06 6.069160472405726e+23
1.5334325906280534e-06 6.182188933289702e+23
1.5475867644719446e-06 6.296772932064565e+23
1.562004669617472e-06 6.415135066353188e+23
1.5764934041641144e-06 6.534724578984804e+23
1.5910493832741191e-06 6.655552560982716e+23
1.605668835352864e-06 6.778164074727232e+23
1.6205594423682838e-06 6.904549910580883e+23
1.6355131941433667e-06 7.032949901034211e+23
1.650745488394303e-06 7.16461229109803e+23
1.6660404311496684e-06 7.29793718210962e+23
1.6813935615627564e-06 7.432686319673763e+23
1.697032292541592e-06 7.572080986066684e+23
1.7127282013765295e-06 7.712566130583257e+23
1.728476329168512e-06 7.854854488228959e+23
1.7445167450466227e-06 8.001859432723163e+23
1.7606077892396168e-06 8.150011623063718e+23
1.7769984375209941e-06 8.302049262422232e+23
1.7934378564283869e-06 8.456531530597156e+23
1.8099202174721486e-06 8.612233066721718e+23
1.8267083466978182e-06 8.773036470344041e+23
1.8435368634133106e-06 8.93587322811828e+23
1.8606783279501468e-06 9.102830224453016e+23
1.877857286328376e-06 9.271224706377113e+23
1.8953564147222088e-06 9.445167748319173e+23
1.912889776560527e-06 9.620281400989609e+23
1.930450146378027e-06 9.797404077942743e+23
1.948335912495537e-06 9.980486593504086e+23
1.9662445468734675e-06 1.0165174487047191e+24
1.9844854591765163e-06 1.0353583264631204e+24
2.0030679836570197e-06 1.0548232694763966e+24
2.0213429603733433e-06 1.0742084391267303e+24
2.040289934348229e-06 1.0944830861208642e+24
2.058911896908659e-06 1.1144070581259091e+24
2.078224973328573e-06 1.135548015658121e+24
2.0971945724766024e-06 1.156314389779789e+24
2.116874780885784e-06 1.1782421193452284e+24
2.1361919922127376e-06 1.1999356883502718e+24
2.156239675142784e-06 1.2224641932484494e+24
2.1759037339129394e-06 1.2447611493105213e+24
2.196318479513468e-06 1.2683129251009182e+24
2.216327811856302e-06 1.291549275409558e+24
2.237108382757227e-06 1.3160100970351145e+24
2.2578713540985587e-06 1.3405020169152413e+24
2.2786047916935868e-06 1.3652384951566519e+24
2.299722537677772e-06 1.390441277001605e+24
2.3208011767249496e-06 1.4160111404285864e+24
2.3422697924809475e-06 1.4425497682914847e+24
2.3641393084549505e-06 1.469560554821651e+24
2.385962132840688e-06 1.496819774501881e+24
2.408191593705664e-06 1.524714446666634e+24
2.4303629952539826e-06 1.5528722066613896e+24
2.4529464394566192e-06 1.582009677036192e+24
2.4754595153175536e-06 1.611243543549338e+24
2.498389667896009e-06 1.6411372507121773e+24
2.5217485956852803e-06 1.6719790392230722e+24
2.5450262750300675e-06 1.7029368118968111e+24
2.568205980288052e-06 1.734103794229716e+24
2.5923533411557833e-06 1.7669932347442892e+24
2.616407231288819e-06 1.799930553305817e+24
2.6403496681786724e-06 1.832980890864748e+24
2.6647343408014564e-06 1.8668242842023032e+24
2.6895736160354607e-06 1.9019493509251498e+24
2.714286390455388e-06 1.9368160278683166e+24
2.739457516178313e-06 1.9730381641160323e+24
2.765099864223664e-06 2.0103138364045364e+24
2.790598985778583e-06 2.047398574266356e+24
2.8159335203748477e-06 2.0847634755129085e+24
2.8423832968548867e-06 2.124201557921782e+24
2.868671234860481e-06 2.163822631366794e+24
2.8954499628405087e-06 2.2041289530777622e+24
2.922045004892035e-06 2.2449104623786912e+24
2.9491331330571854e-06 2.2868787867523455e+24
2.976014173847824e-06 2.3284146829227241e+24
3.004116971131133e-06 2.3726157809825296e+24
3.0312736600956705e-06 2.415993834323955e+24
3.059680170350575e-06 2.4613433482568893e+24
3.0878554232880982e-06 2.507062403135133e+24
3.116554406121974e-06 2.5537859707393827e+24
3.1449944463299315e-06 2.600643328242807e+24
3.1747704940561875e-06 2.6501762891578675e+24
3.203460648275647e-06 2.6981250876587546e+24
3.233516573044457e-06 2.748781447075029e+24
3.2632832958368175e-06 2.7999522273630855e+24
3.29360315656267e-06 2.851844074859669e+24
3.3236011494164426e-06 2.904383299420169e+24
3.355057623248129e-06 2.959487704229097e+24
3.386190799883073e-06 3.014603199664298e+24
3.4169658746272594e-06 3.069655614336152e+24
3.449264134215063e-06 3.1280378052926235e+24
3.480225270903669e-06 3.184420745511502e+24
3.5127415319285334e-06 3.2440763428622656e+24
3.5458711319724436e-06 3.3058603331995735e+24
3.5785991031934176e-06 3.366902260044525e+24
3.610885649235035e-06 3.4281168593867593e+24
3.6448305202031668e-06 3.4928410516284134e+24
3.6783288143408182e-06 3.557433120685004e+24
3.7124485609729446e-06 3.623689837335889e+24
3.747207215575832e-06 3.691805571793014e+24
3.7814700063308684e-06 3.759460189789431e+24
3.8163651463462256e-06 3.829354809051637e+24
3.851910304492885e-06 3.90091192823535e+24
3.886905730191597e-06 3.9722282968386084e+24
3.9237833936659015e-06 4.048064734229177e+24
3.960103125046786e-06 4.1232107468365256e+24
3.995814199926435e-06 4.198147965695093e+24
4.033486050315858e-06 4.2774777776546575e+24
4.070539071775453e-06 4.356293650237025e+24
4.108279169129662e-06 4.437532804448562e+24
4.146725631942373e-06 4.520787779815199e+24
4.184486708523299e-06 4.6036715476955013e+24
4.222941828036617e-06 4.688696465450523e+24
4.2621103025666715e-06 4.776007412636934e+24
4.302012167396526e-06 4.865853730839076e+24
4.341148737148908e-06 4.954702331118371e+24
4.382551427330124e-06 5.049768085727437e+24
4.423174007405198e-06 5.143698037452204e+24
4.462950752076108e-06 5.236970835827987e+24
4.505084637171961e-06 5.336374694115671e+24
4.546355108380938e-06 5.434124514004885e+24
4.5883887170013235e-06 5.535379280727179e+24
4.631206827462329e-06 5.638949885893827e+24
4.6730708439817624e-06 5.741572263751811e+24
4.717491669494898e-06 5.850949582254792e+24
4.760937486865534e-06 5.959360788985343e+24
4.80519097241347e-06 6.07085970591207e+24
4.8483794805672445e-06 6.180446300530469e+24
4.894281298134746e-06 6.297775297208724e+24
4.939093587090597e-06 6.414117795103582e+24
4.984734066199912e-06 6.532496851895863e+24
5.031225908666497e-06 6.655497589731858e+24
5.078593160364953e-06 6.781613217018539e+24
5.124743118864759e-06 6.904832874847493e+24
5.171739512618416e-06 7.03265202999832e+24
5.219605843824813e-06 7.163083932911309e+24
5.268366492896637e-06 7.297557031855281e+24
5.318046759867801e-06 7.435769384614181e+24
5.366350817807777e-06 7.571539736778381e+24
5.415540415002873e-06 7.710778302889936e+24
5.465640128093207e-06 7.8542612488817e+24
5.516675451654771e-06 8.079129354621253e+24
5.568672841459417e-06 8.601444989107832e+24
5.619113718646549e-06 9.103333566904135e+24
5.6704767325281446e-06 9.609134895503537e+24
5.722787403492427e-06 1.0119065420911078e+25
5.776072202407626e-06 1.0633134832224483e+25
5.8303585952873965e-06 1.115246367463894e+25
5.882884348398094e-06 1.1649618151759507e+25
5.939206840962939e-06 1.217815940314389e+25
5.9937212998896524e-06 1.2684859798002658e+25
6.0492457780456266e-06 1.3196065480557974e+25
6.105808607663179e-06 1.3713484176004452e+25
6.160378893133853e-06 1.4207411434450308e+25
6.219049168306557e-06 1.4732207030919432e+25
6.275671770749409e-06 1.523561851632497e+25
6.333334911062572e-06 1.5746080632124667e+25
6.392067537749398e-06 1.6259783435940494e+25
6.451899683188549e-06 1.6780406828309434e+25
6.512862514840725e-06 1.7305723032763612e+25
6.571505874349353e-06 1.7808027032055467e+25
6.631214906879519e-06 1.8314785190525616e+25
6.692018927061262e-06 1.882693508023676e+25
6.7539483346606315e-06 1.9346065323862776e+25
6.81703466525911e-06 1.9872507942963627e+25
6.8813106438001e-06 2.040291570510743e+25
6.946810241193494e-06 2.0942204862907986e+25
7.009606265972644e-06 2.1454734442188912e+25
7.073547942287104e-06 2.197543262198324e+25
7.138666910685604e-06 2.250224711592446e+25
7.2049959876722295e-06 2.3031094180246597e+25
7.272569220850868e-06 2.357246737884994e+25
7.341421947202118e-06 2.4121125808945485e+25
7.407166024341242e-06 2.4641008472975466e+25
7.474098247452759e-06 2.5167852308503317e+25
7.546838862999745e-06 2.573730230715412e+25
7.616330933561437e-06 2.6278518969076513e+25
7.687114678297138e-06 2.6830281603781203e+25
7.754376931732238e-06 2.734935990096151e+25
7.827762202379545e-06 2.791623902302954e+25
7.902549739344956e-06 2.8490029228194865e+25
7.97365237196117e-06 2.9033579655773832e+25
8.046046102964708e-06 2.958529486816656e+25
8.119766420662029e-06 3.01471592885356e+25
8.194850126005006e-06 3.0718045260954904e+25
8.27133539384772e-06 3.1297114847156562e+25
8.349261837665935e-06 3.1885394974917643e+25
8.428670577969824e-06 3.248482910873884e+25
8.503771823695394e-06 3.3051157021352946e+25
8.586161308492443e-06 3.3668120658461058e+25
8.664108303611439e-06 3.4251458172033467e+25
8.743483503010276e-06 3.484396207591567e+25
8.82432652259714e-06 3.5446847803503746e+25
8.906678457122455e-06 3.6130726540223446e+25
8.99058194983448e-06 3.6878950188748787e+25
9.069446703780395e-06 3.7582091323962005e+25
9.156459845587883e-06 3.83541379787795e+25
9.238274825593134e-06 3.907512347429569e+25
9.328573752459835e-06 3.987235099338181e+25
9.413507656124113e-06 4.061545548283404e+25
9.500002366593858e-06 4.137313166882486e+25
9.588101306624096e-06 4.214601600664413e+25
9.677849524782825e-06 4.2926428417410986e+25
9.761607467168829e-06 4.365493235514349e+25
9.85464899981857e-06 4.446395290480256e+25
9.949481227563417e-06 4.528342776306288e+25
1.0038028390591894e-05 4.605061892691993e+25
1.0128165788384964e-05 4.682901461852711e+25
1.0228361987445657e-05 4.769434607893274e+25
1.032196596570015e-05 4.850013935796809e+25
1.0417298984694862e-05 4.94798392518958e+25
1.0514409398958966e-05 5.051403768578888e+25
1.0613347383038135e-05 5.1560989689548385e+25
1.0704920699544073e-05 5.252955740727283e+25
1.0807493981508344e-05 5.360624800403739e+25
1.090246317291e-05 5.4602308055600135e+25
1.1008875856940179e-05 5.57131378469326e+25
1.1107433384755221e-05 5.674008632293832e+25
1.1207771536379025e-05 5.777872112370063e+25
1.1320258294499616e-05 5.8945307822457345e+25
1.1424496400342155e-05 6.002260814310947e+25
1.1530672017445707e-05 6.111465894480947e+25
1.162793166895181e-05 6.211724429765353e+25
1.1737940483227607e-05 6.324636045950336e+25
1.1850050707518224e-05 6.439664388069624e+25
1.1952796811918672e-05 6.544769963190713e+25
1.2069069154447062e-05 6.663304319300562e+25
1.2175665447273385e-05 6.772064123568361e+25
1.2296336066175995e-05 6.895486153743168e+25
1.2407003090771581e-05 7.00804143154238e+25
1.2522207398840916e-05 7.160138506399639e+25
1.2638283682155017e-05 7.312918124088129e+25
1.2755220613520696e-05 7.466161915814791e+25
1.2873005904515024e-05 7.619401554243396e+25
1.2991626273059245e-05 7.773513022598023e+25
1.3112453065706594e-05 7.929902187503521e+25
1.3232725139474808e-05 8.084812372815492e+25
1.3355223994371992e-05 8.24226776087577e+25
1.3480012049947392e-05 8.402386653926259e+25
1.3604170055670592e-05 8.56059379204745e+25
1.3730636443970319e-05 8.721703816206426e+25
1.3856380490028569e-05 8.881531220149145e+25
1.398444893008519e-05 9.043608199502146e+25
1.4114906815439796e-05 9.208442626688485e+25
1.424455004681008e-05 9.371740641847806e+25
1.4376596860685493e-05 9.538076173700568e+25
1.4509417718128382e-05 9.705060838637862e+25
1.4644715640665226e-05 9.87496502789838e+25
1.4779038821645717e-05 1.0043060940124215e+26
1.4915848870848256e-05 1.0214264345067808e+26
1.5055215496628541e-05 1.038862660248061e+26
1.519348896739111e-05 1.0561174254013522e+26
1.5334325906280535e-05 1.0736989339711232e+26
1.5475867644719448e-05 1.0913543405408608e+26
1.5620046696174718e-05 1.1148817161852488e+26
1.5764934041641144e-05 1.1399914019279186e+26
1.591049383274119e-05 1.1650466238993454e+26
1.605668835352864e-05 1.1901017455613398e+26
1.6205594423682837e-05 1.2155375448435239e+26
1.6355131941433668e-05 1.2409936192954037e+26
1.650745488394303e-05 1.2667793797030967e+26
1.6660404311496683e-05 1.292553238997499e+26
1.6813935615627565e-05 1.3182917896868025e+26
1.6970322925415922e-05 1.344497233139281e+26
1.7127282013765297e-05 1.370631848112219e+26
1.728476329168512e-05 1.3967701194426404e+26
1.7445167450466226e-05 1.4233814829516498e+26
1.760607789239617e-05 1.4499287880767024e+26
1.776998437520994e-05 1.4768669438780276e+26
1.7934378564283868e-05 1.5038734562406837e+26
1.8099202174721487e-05 1.5308254193448531e+26
1.826708346697818e-05 1.5582863222112446e+26
1.8435368634133105e-05 1.5857734601651516e+26
1.860678327950147e-05 1.6136746493760653e+26
1.877857286328376e-05 1.6415427067567454e+26
1.895356414722209e-05 1.6699687203991245e+26
1.9128897765605272e-05 1.6983335957836967e+26
1.930450146378027e-05 1.7267241780977288e+26
1.948335912495537e-05 1.755707516398484e+26
1.9662445468734677e-05 1.7846765316098654e+26
1.9844854591765163e-05 1.8140221512252808e+26
2.0030679836570197e-05 1.8439918833407853e+26
2.021342960373343e-05 1.873523108734497e+26
2.040289934348229e-05 1.9041320919581652e+26
2.0589118969086592e-05 1.9340292131210853e+26
2.0782249733285726e-05 1.9753235682190894e+26
2.0971945724766023e-05 2.023882266154567e+26
2.116874780885784e-05 2.0741204330151926e+26
2.1361919922127373e-05 2.123092722416092e+26
2.156239675142784e-05 2.1734238220380214e+26
2.1759037339129394e-05 2.2224944054590746e+26
2.196318479513468e-05 2.273342223912094e+26
2.216327811856302e-05 2.3228494862381996e+26
2.2371083827572267e-05 2.374087999926972e+26
2.2578713540985585e-05 2.424872372737526e+26
2.278604791693587e-05 2.4753713594485077e+26
2.2997225376777723e-05 2.526348114016055e+26
2.3208011767249497e-05 2.577160754190236e+26
2.3422697924809478e-05 2.62896847683201e+26
2.3641393084549505e-05 2.6812549679366763e+26
2.3859621328406886e-05 2.7332592250092968e+26
2.4081915937056637e-05 2.7859148168639996e+26
2.4303629952539823e-05 2.838334166544318e+26
2.4529464394566193e-05 2.8917151884957183e+26
2.475459515317554e-05 2.9446917269660458e+26
2.498389667896009e-05 2.9983424022827288e+26
2.5217485956852804e-05 3.0529423514001114e+26
2.545026275030068e-05 3.107148056929506e+26
2.5682059802880522e-05 3.161048704045716e+26
2.5923533411557836e-05 3.217191471159791e+26
2.616407231288819e-05 3.272875317099313e+26
2.6403496681786724e-05 3.32815780565861e+26
2.6647343408014564e-05 3.3842493980957564e+26
2.6895736160354605e-05 3.4416151456935286e+26
2.7142863904553883e-05 3.498229311962361e+26
2.739457516178313e-05 3.556181451209632e+26
2.7650998642236638e-05 3.615211221399949e+26
2.790598985778583e-05 3.673540652700472e+26
2.815933520374848e-05 3.7316327874103435e+26
2.8423832968548864e-05 3.7923192482991965e+26
2.8686712348604812e-05 3.85267955573209e+26
2.8954499628405086e-05 3.913738061285122e+26
2.922045004892035e-05 3.974763063089138e+26
2.9491331330571855e-05 4.036980680601745e+26
2.9760141738478244e-05 4.098254341025989e+26
3.0041169711311335e-05 4.1627076085076156e+26
3.0312736600956707e-05 4.22531807012089e+26
3.059680170350574e-05 4.2904223137651493e+26
3.087855423288099e-05 4.355398024895397e+26
3.1165544061219745e-05 4.4642419184483174e+26
3.144994446329932e-05 4.611052504558618e+26
3.1747704940561877e-05 4.763288116314519e+26
3.203460648275647e-05 4.9084255315740426e+26
3.233516573044457e-05 5.059047753287658e+26
3.2632832958368175e-05 5.2074157531836235e+26
3.2936031565626704e-05 5.356503527205801e+26
3.3236011494164424e-05 5.503484746642371e+26
3.355057623248129e-05 5.655834067426456e+26
3.386190799883073e-05 5.805400679695376e+26
3.4169658746272596e-05 5.9519966434333594e+26
3.4492641342150625e-05 6.10499335375246e+26
3.480225270903669e-05 6.250305713525924e+26
3.5127415319285335e-05 6.40168976314165e+26
3.5458711319724434e-05 6.5552120996747e+26
3.578599103193418e-05 6.705202411516893e+26
3.610885649235035e-05 6.852640601207003e+26
3.644830520203167e-05 7.006339096583475e+26
3.6783288143408185e-05 7.157129967292702e+26
3.712448560972944e-05 7.309633296473012e+26
3.747207215575832e-05 7.464001406863766e+26
3.781470006330868e-05 7.615128218437454e+26
3.816365146346226e-05 7.768505881123403e+26
3.851910304492884e-05 7.923555570716023e+26
3.8869057301915976e-05 8.075605086853606e+26
3.923783393665901e-05 8.234968742932624e+26
3.960103125046786e-05 8.390880192354959e+26
3.995814199926435e-05 8.543810466849675e+26
4.033486050315858e-05 8.703924761886696e+26
4.070539071775452e-05 8.86076612553706e+26
4.1082791691296624e-05 9.02004314521308e+26
4.1467256319423736e-05 9.181360925770843e+26
4.184486708523298e-05 9.339511902109045e+26
4.222941828036617e-05 9.499829761032942e+26
4.262110302566672e-05 9.662441286303906e+26
4.3020121673965253e-05 9.827620070273951e+26
4.341148737148909e-05 9.989043668117873e+26
4.382551427330124e-05 1.0159456716149697e+27
4.423174007405198e-05 1.0326005896963267e+27
4.462950752076108e-05 1.0489090980369148e+27
4.505084637171961e-05 1.066114564850607e+27
4.546355108380938e-05 1.0828771892779714e+27
4.588388717001324e-05 1.099988508260198e+27
4.631206827462329e-05 1.1173349554172623e+27
4.673070843981763e-05 1.1343110467242672e+27
4.717491669494897e-05 1.1522422553663221e+27
4.7609374868655334e-05 1.1698028793679204e+27
4.8051909724134705e-05 1.1876691362370839e+27
4.8483794805672445e-05 1.2050708036227436e+27
4.894281298134746e-05 1.2235263583000023e+27
4.9390935870905965e-05 1.2416070954031227e+27
4.984734066199911e-05 1.2598936597533358e+27
5.0312259086664966e-05 1.278644212931011e+27
5.078593160364953e-05 1.2977100666969702e+27
5.1247431188647585e-05 1.3162071062580835e+27
5.1717395126184165e-05 1.335166069601737e+27
5.219605843824813e-05 1.3543905073343782e+27
5.268366492896637e-05 1.3740213701603093e+27
5.318046759867801e-05 1.394028235524039e+27
5.366350817807777e-05 1.413514415751053e+27
5.415540415002872e-05 1.4333487746324753e+27
5.465640128093207e-05 1.4536109297258287e+27
5.516675451654771e-05 1.4742880273562824e+27
5.568672841459417e-05 1.495334610986479e+27
5.6191137186465493e-05 1.515825383410239e+27
5.6704767325281444e-05 1.5367133249759032e+27
5.722787403492426e-05 1.558022895203311e+27
5.776072202407626e-05 1.579748335931155e+27
5.830358595287397e-05 1.6020055677379358e+27
5.882884348398094e-05 1.6235355556903602e+27
5.939206840962939e-05 1.6467231944450094e+27
5.993721299889652e-05 1.6692193297094193e+27
6.049245778045627e-05 1.6921693572825687e+27
6.10580860766318e-05 1.7157438144895804e+27
6.160378893133854e-05 1.7384540639889083e+27
6.219049168306556e-05 1.7632360106206304e+27
6.275671770749408e-05 1.811850747377934e+27
6.333334911062573e-05 1.8607092672278492e+27
6.392067537749397e-05 1.9095943806175654e+27
6.451899683188549e-05 1.958600847730374e+27
6.512862514840725e-05 2.0081718715319978e+27
6.571505874349354e-05 2.0548351208603858e+27
6.631214906879519e-05 2.1017174425604616e+27
6.692018927061263e-05 2.1486984528584906e+27
6.753948334660632e-05 2.1962547413956362e+27
6.81703466525911e-05 2.243841867271418e+27
6.8813106438001e-05 2.2914864392052023e+27
6.946810241193494e-05 2.3393895140528513e+27
7.009606265972643e-05 2.3845358019530948e+27
7.073547942287104e-05 2.4301419259154707e+27
7.138666910685605e-05 2.4757392091304667e+27
7.20499598767223e-05 2.5216968419516617e+27
7.272569220850867e-05 2.567753052234518e+27
7.341421947202118e-05 2.613873643775648e+27
7.407166024341242e-05 2.657891289812855e+27
7.47409824745276e-05 2.7016853852841613e+27
7.546838862999744e-05 2.748373582450446e+27
7.616330933561437e-05 2.792593869313775e+27
7.687114678297137e-05 2.8372786573007083e+27
7.754376931732237e-05 2.8789160844844576e+27
7.827762202379545e-05 2.923901155302975e+27
7.902549739344956e-05 2.96865455818884e+27
7.97365237196117e-05 3.0111652953961986e+27
8.046046102964707e-05 3.053594431462615e+27
8.119766420662029e-05 3.096756181586795e+27
8.194850126005006e-05 3.1398791115440724e+27
8.27133539384772e-05 3.182921718923481e+27
8.349261837665935e-05 3.226310235153602e+27
8.428670577969823e-05 3.270115091750098e+27
8.503771823695394e-05 3.310973458753152e+27
8.586161308492443e-05 3.355379278363685e+27
8.664108303611439e-05 3.3969228273001147e+27
8.743483503010275e-05 3.438387127210621e+27
8.824326522597141e-05 3.4802504325062227e+27
8.906678457122455e-05 3.522505243893396e+27
8.990581949834478e-05 3.56483977708333e+27
9.069446703780395e-05 3.604413589037485e+27
9.156459845587883e-05 3.64737520023825e+27
9.238274825593135e-05 3.6869578366025424e+27
9.328573752459834e-05 3.7310910111915956e+27
9.413507656124112e-05 3.771441188093828e+27
9.50000236659386e-05 3.811973338528806e+27
9.588101306624096e-05 3.8533776526643387e+27
9.677849524782824e-05 3.8943023680710804e+27
9.761607467168827e-05 3.932492399866898e+27
9.85464899981857e-05 3.9744484642802197e+27
9.949481227563417e-05 4.0166990845340586e+27
0.00010038028390591894 4.055748351520395e+27
0.00010128165788384963 4.0951932078144945e+27
0.00010228361987445656 4.138657703511988e+27
0.0001032196596570015 4.1784020409970306e+27
0.00010417298984694862 4.21856091399823e+27
0.00010514409398958965 4.259400776727991e+27
0.00010613347383038135 4.3000746057638613e+27
0.00010704920699544072 4.3377202476001095e+27
0.00010807493981508344 4.3792323177744074e+27
0.0001090246317291 4.417026311323515e+27
0.00011008875856940179 4.4597701904132097e+27
0.0001110743338475522 4.498451587164061e+27
0.00011207771536379025 4.5378076887692695e+27
0.00011320258294499617 4.5812256772266717e+27
0.00011424496400342156 4.6211076046895274e+27
0.00011530672017445707 4.6608806758099855e+27
0.00011627931668951809 4.6979582800218837e+27
0.00011737940483227608 4.738990061660258e+27
0.00011850050707518224 4.780177188685434e+27
0.0001195279681191867 4.8178887147822434e+27
0.00012069069154447063 4.859742662374017e+27
0.00012175665447273385 4.8982679590631143e+27
0.00012296336066175997 4.940962963386173e+27
0.0001240700309077158 4.985400524798862e+27
0.0001243186682442042 5.001787500187999e+27
0.0001248189445751668 5.034710603142932e+27
0.00012532326354314729 5.092730318740616e+27
0.00012583167434859614 5.18803957548318e+27
0.00012634422699360061 5.329472257463938e+27
0.0001268609722982779 5.635865960486215e+27
0.0001273819619175727 6.397174102635882e+27
0.0001279072483584699 7.365380986757562e+27
0.0001284368849976354 7.139440757905247e+27
0.00012897092609949666 5.661181184754105e+27
0.0001295094268347764 5.469261257275434e+27
0.00013005244329949246 5.390063840613465e+27
0.00013060003253443769 5.407172447805951e+27
0.0001311522525451541 5.442361325454084e+27
0.00013170916232241593 5.532874861979726e+27
0.00013227082186323646 5.63638322918116e+27
0.0001328372921924152 5.611149979959518e+27
0.00013340863538464063 5.63805212562319e+27
0.0001339849145871661 5.730220038451927e+27
0.00013456619404307571 5.711573210088052e+27
0.00013515253911515883 5.72689326815457e+27
0.00013574401631041117 5.837275519799829e+27
0.0001363406933051822 5.972529159052602e+27
0.00013694263897098873 5.912451352398102e+27
0.00013754992340101529 5.865957263412083e+27
0.00013816261793732273 5.880091265232312e+27
0.00013878079519878727 5.926179273854912e+27
0.00013940452910979302 5.970598160474665e+27
0.00014003389492970182 5.999362177539754e+27
0.00014066896928312448 6.098005786921669e+27
0.00014130983019102028 6.348222085990219e+27
0.00014195655710264968 6.52313009851786e+27
0.00014260923092840897 6.297069239255412e+27
0.00014326793407357484 6.320238218359607e+27
0.00014393275047298816 6.303227917594841e+27
0.0001446037656267084 6.298757531089868e+27
0.00014528106663666955 6.343108900737435e+27
0.00014596474224437152 6.367668001150667e+27
0.00014665488286964043 6.421052746919295e+27
0.00014735158065049382 6.489161678621227e+27
0.00014805492948414772 6.539430880847032e+27
0.0001487650250692036 6.562302646804257e+27
0.0001494819649490552 6.604042117056733e+27
0.00015020584855655666 6.650962212293168e+27
0.00015093677725999487 6.710507736715649e+27
0.0001516748544104105 6.803443862736161e+27
0.00015242018539031425 6.8991863201507e+27
0.00015317287766384669 6.912581208385834e+27
0.00015393304082843152 7.028826432934314e+27
0.0001547007866679748 7.111552870684073e+27
0.0001554762292076639 7.055883198586848e+27
0.00015625948477042292 7.075416785520277e+27
0.00015705067203508329 7.119022862255653e+27
0.00015784991209633054 7.181969969529603e+27
0.00015865732852649077 7.256227428053765e+27
0.0001594730474392234 7.338523290728193e+27
0.00016029719755518835 7.378085488954391e+27
0.00016112991026976078 7.42558635086421e+27
0.00016197131972286657 7.490881877072123e+27
0.00016282156287101808 7.550778892037469e+27
0.00016368077956163034 7.701666314566408e+27
0.00016454911260970265 8.314007078709109e+27
0.0001654267078769544 1.0235491789895666e+28
0.00016631371435350646 1.2156976697204176e+28
0.00016721028424220458 1.0303305479236788e+28
0.00016811657304568537 8.068775424311293e+27
0.00016903273965628856 8.000465382352025e+27
0.00016995894644892577 8.099909602064744e+27
0.00017089535937701898 8.284942747998979e+27
0.00017184214807162854 8.550868482487539e+27
0.00017279948594389389 8.658141383962899e+27
0.0001737675502909185 8.425964582654407e+27
0.00017474652240523353 8.488877164673671e+27
0.0001757365876879827 8.592875944930839e+27
0.0001767379357659769 8.876629507814441e+27
0.00017775076061277335 9.882476474525524e+27
0.0001787752606739421 1.1721371841232382e+28
0.00017981163899668956 9.95713444762387e+27
0.00018086010336401721 9.125767172628637e+27
0.00018192086643360088 9.006085967225228e+27
0.00018299414588158672 9.232736629376625e+27
0.00018408016455150712 9.255641580119454e+27
0.00018517915060853107 9.240018768666579e+27
0.00018629133769927297 9.370245058897667e+27
0.0001874169651173955 9.403313510202571e+27
0.00018855627797525196 9.519729614060179e+27
0.00018970952738182843 9.730612288954537e+27
0.0001908769706272551 9.753595382816706e+27
0.00019205887137417306 9.765224615494112e+27
0.00019325549985625513 9.840023546360184e+27
0.00019416280267248168 9.91370912920397e+27
0.00019477241900740314 9.964826680551602e+27
0.00019538587544522173 1.0023807260329584e+28
0.00019600320838501707 1.0103224604450836e+28
0.00019662445468734675 1.0225321959400014e+28
0.00019724965168158314 1.035592652666715e+28
0.00019787883717339042 1.0382106560892823e+28
0.0001985120494523453 1.0366021388483053e+28
0.00019914932729970432 1.038588839418312e+28
0.00019979070999632173 1.0403013443492774e+28
0.0002004362373307202 1.043279934669141e+28
0.00020108594960731896 1.0482733923110599e+28
0.00020173988765482244 1.0535487838513251e+28
0.00020239809283477292 1.0599593033969949e+28
0.00020306060705027138 1.0666777136074171e+28
0.00020372747275486996 1.0718039593975073e+28
0.00020439873296164052 1.0763069978279983e+28
0.00020507443125242282 1.0824769352756583e+28
0.00020575461178725673 1.0899572207865428e+28
0.000206439319314003 1.1001255256900938e+28
0.00020712859917815658 1.118179192627555e+28
0.0002078224973328573 1.1463615193181162e+28
0.00020852106034910219 1.1692133869052112e+28
0.0002092243354261649 1.1814235692548159e+28
0.00020993237040222638 1.204949588423828e+28
0.00021064521376522205 1.2025495811176638e+28
0.00021136291466391106 1.1586194153668723e+28
0.0002120855229191723 1.1452695002947216e+28
0.0002128130890355331 1.1507884119248144e+28
0.000213545664212936 1.1561787775135875e+28
0.00021428330035874922 1.161442276968421e+28
0.00021502605010002737 1.167728179760189e+28
0.00021577396679602745 1.17573740759887e+28
0.00021652710455098744 1.186452941818096e+28
0.00021728551822717304 1.1987618178536426e+28
0.0002180492634582 1.2035624397760626e+28
0.00021881839666263808 1.210266107488447e+28
0.00021959297505790405 1.2238759106260543e+28
0.00022037305667445078 1.244217951596807e+28
0.00022115870037025991 1.2923725283695136e+28
0.00022194996584564544 1.3753269859794828e+28
0.00022274691365837667 1.4206160001209777e+28
0.00022354960523912758 1.3542657227629886e+28
0.00022435810290726186 1.2842840547416144e+28
0.00022517246988696153 1.2804473324326866e+28
0.0002259927703237082 1.2747645317023815e+28
0.00022681906930112578 1.287019775244164e+28
0.00022765143285819413 1.295418357388509e+28
0.00022848992800684312 1.2942886744948153e+28
0.00022933462274993678 1.2956822391770874e+28
0.00023018558609965825 1.3045495184272717e+28
0.00023104288809630503 1.3121154124021168e+28
0.00023190659982750617 1.3175145622679708e+28
0.00023277679344787204 1.323731763152479e+28
0.00023365354219908812 1.3332315766783064e+28
0.00023453692043046465 1.3454608025435378e+28
0.00023542700361995408 1.3596516555742156e+28
0.00023632386839564913 1.3734910617224772e+28
0.00023722759255777402 1.3912298850088695e+28
0.00023813825510118195 1.3947377944194388e+28
0.0002390559362383734 1.389004617644023e+28
0.00023998071742304796 1.4016951132259578e+28
0.00024091268137420543 1.4255839942689725e+28
0.00024185191210081053 1.460540415507817e+28
0.00024279849492703682 1.4594909543987564e+28
0.0002437525165181057 1.4335602542210585e+28
0.00024471406490673725 1.4369248397516443e+28
0.00024568322952022933 1.4435799725666123e+28
0.0002466601012081825 1.4547062202225885e+28
0.0002476447722708898 1.465376958527906e+28
0.0002486373364884084 1.4731843310368312e+28
0.0002496378891503336 1.4826415038564225e+28
0.00025064652708629457 1.492928950971279e+28
0.0002516633486971923 1.5036618555684142e+28
0.00025268845398720123 1.5168411052531351e+28
0.0002537219445965558 1.529777780790213e+28
0.0002547639238351454 1.5445939207513517e+28
0.0002558144967169398 1.5568826059598747e+28
0.0002568737699952708 1.5824004084552904e+28
0.0002579418521989933 1.6350613311251439e+28
0.0002590188536695528 1.7505310075077136e+28
0.0002601048865989849 1.954034284113694e+28
0.00026120006506887537 2.018625531005547e+28
0.0002623045050903082 1.7759832090159294e+28
0.00026341832464483187 1.7189659199007297e+28
0.0002645416437264729 1.6835468895598516e+28
0.0002656745843848304 1.7990269181667297e+28
0.00026681727076928127 1.907527388210239e+28
0.0002679698291743322 1.7940823574039373e+28
0.00026913238808615143 1.6887127844433552e+28
0.00027030507823031766 1.6946308681609644e+28
0.00027148803262082234 1.7038544050158038e+28
0.0002726813866103644 1.7171581614998542e+28
0.00027388527794197746 1.7325053269639555e+28
0.00027509984680203057 1.7496415540255156e+28
0.00027632523587464545 1.7593064464098345e+28
0.00027756159039757453 1.7701654467259742e+28
0.00027880905821958603 1.7841615498718282e+28
0.00028006778985940363 1.801786479717206e+28
0.00028133793856624896 1.8301265984152344e+28
0.00028261966038204057 1.8586436217352887e+28
0.00028391311420529936 1.8723604890398812e+28
0.00028521846185681793 1.8694269173136044e+28
0.0002865358681471497 1.90176776416928e+28
0.0002878655009459763 2.0211650067086305e+28
0.0002892075312534168 2.1480867800705023e+28
0.0002905621332733391 2.0353984992323805e+28
0.00029192948448874303 1.9625566004060331e+28
0.00029330976573928086 2.019188791457481e+28
0.00029470316130098765 2.0665947910825835e+28
0.00029610985896829544 2.01460007389426e+28
0.0002975300501384072 2.0276776125460015e+28
0.0002989639298981104 2.0373283718994503e+28
0.0003004116971131133 2.056218189510741e+28
0.00030187355451998974 2.103323694761996e+28
0.000303349708820821 2.1606700706546356e+28
0.0003048403707806285 2.3088706120886093e+28
0.00030634575532769337 2.800186463513047e+28
0.00030786608165686303 2.6921681202279375e+28
0.0003094015733359496 2.293942672278103e+28
0.0003109524584153278 2.1518689347846874e+28
0.00031251896954084585 2.17038905375857e+28
0.00031410134407016657 2.1973311198084497e+28
0.0003156998241926611 2.206722090995429e+28
0.00031731465705298154 2.2303908635767943e+28
0.0003189460948784468 2.2449353329084314e+28
0.0003205943951103767 2.2589051444999515e+28
0.00032225982053952156 2.2803190640869242e+28
0.00032394263944573315 2.305949123018995e+28
0.00032564312574203617 2.3332861892189303e+28
0.0003273615591232607 2.3524928870562898e+28
0.0003290982252194053 2.381071480644207e+28
0.0003308534157539088 2.48148923116522e+28
0.0003326274287070129 2.5404016235465564e+28
0.00033442056848440916 2.4640813476607903e+28
0.00033623314609137074 2.4995518445841217e+28
0.0003380654793125771 2.439328008499923e+28
0.00033991789289785154 2.497061759584135e+28
0.00034179071875403797 2.5206742382466702e+28
0.0003436842961432571 2.5444421140686624e+28
0.00034559897188778777 2.577996712066121e+28
0.000347535100581837 2.6203389139574574e+28
0.00034949304481046706 2.694491404013687e+28
0.0003514731753759654 2.7073229802784146e+28
0.0003534758715319538 2.6865338423589467e+28
0.0003555015212255467 2.728229089327786e+28
0.0003575505213478842 2.741802643721887e+28
0.0003596232779933791 2.7523394503596677e+28
0.00036172020672803443 2.7811915368196474e+28
0.00036384173286720177 2.8098508505693956e+28
0.00036598829176317344 2.83414533334711e+28
0.00036816032910301423 2.8676502692098193e+28
0.00037035830121706214 2.905381306121937e+28
0.00037258267539854595 2.953124866767264e+28
0.000374833930234791 3.097335720103933e+28
0.0003771125559505039 3.2579651914661435e+28
0.00037941905476365686 3.0620373219233787e+28
0.0003817539412545102 3.0665213538296156e+28
0.0003841177427483461 3.0890473872553235e+28
0.00038651099971251027 3.1206617308489524e+28
0.00038832560534496336 3.1486249410767363e+28
0.0003895448380148063 3.17169632702869e+28
0.00039077175089044345 3.1965698163431887e+28
0.00039200641677003415 3.2331084558067845e+28
0.0003932489093746935 3.2928908791309983e+28
0.00039449930336316627 3.3522248910390025e+28
0.00039575767434678083 3.378587996928108e+28
0.0003970240989046906 3.428825242654877e+28
0.00039829865459940864 3.593370158653719e+28
0.00039958141999264346 3.929621160450538e+28
0.0004008724746614404 4.324780700460573e+28
0.0004021718992146379 4.459839183786997e+28
0.00040347977530964487 4.074394688377753e+28
0.00040479618566954584 3.6096664987066585e+28
0.00040612121410054275 3.596286864492301e+28
0.0004074549455097399 3.480844516541228e+28
0.00040879746592328105 3.504170814186235e+28
0.00041014886250484564 3.4913490257662673e+28
0.00041150922357451346 3.478256102593197e+28
0.000412878638628006 3.495292639005489e+28
0.00041425719835631316 3.514399486367645e+28
0.0004156449946657146 3.5355278348715374e+28
0.00041704212069820437 3.5575346838430604e+28
0.0004184486708523298 3.5818303277128193e+28
0.00041986474080445276 3.6105982064393163e+28
0.0004212904275304441 3.6385131322882076e+28
0.0004227258293278221 3.653425110358283e+28
0.0004241710458383446 3.670219932226619e+28
0.0004256261780710662 3.694204758203377e+28
0.000427091328425872 3.725055900388632e+28
0.00042856660071749844 3.774112937459017e+28
0.00043005210020005474 3.8418193840565434e+28
0.0004315479335920549 3.8751442170301353e+28
0.0004330542091019749 3.8839376248549958e+28
0.0004345710364543461 3.8949126589300104e+28
0.0004360985269164 3.972231343672941e+28
0.00043763679332527617 4.147152636219279e+28
0.0004391859501158081 4.299113686855453e+28
0.00044074611334890155 4.23078521806386e+28
0.00044231740074051983 4.044420345352527e+28
0.0004438999316912909 4.029138068731349e+28
0.00044549382731675334 4.004468103947504e+28
0.00044709921047825517 4.033610974114766e+28
0.0004487162058145237 4.077254852585527e+28
0.00045034493977392305 4.112811692225769e+28
0.0004519855406474164 4.122498878602877e+28
0.00045363813860225155 4.13409259782757e+28
0.00045530286571638826 4.163502474899605e+28
0.00045697985601368625 4.206230320469904e+28
0.00045866924549987356 4.258298394835896e+28
0.0004603711721993165 4.289442704664295e+28
0.00046208577619261007 4.295699703737828e+28
0.00046381319965501234 4.322855263440706e+28
0.0004655535868957441 4.354476994352702e+28
0.00046730708439817625 4.382815958995973e+28
0.0004690738408609293 4.449197499463786e+28
0.00047085400723990815 4.616766316506058e+28
0.00047264773679129825 4.8684061988863095e+28
0.00047445518511554804 4.827389192638193e+28
0.0004762765102023639 4.643937206469649e+28
0.0004781118724767468 4.5562151598128516e+28
0.0004799614348460959 4.577054725218846e+28
0.00048182536274841086 4.622433457042545e+28
0.00048370382420162106 4.675939986494298e+28
0.00048559698985407363 4.6926541986356785e+28
0.0004875050330362114 4.693611219393877e+28
0.0004894281298134745 4.726619097845286e+28
0.0004913664590404587 4.7535172849056195e+28
0.000493320202416365 4.7918310206732555e+28
0.0004952895445417796 4.8243216529475815e+28
0.0004972746729768168 4.857512505931892e+28
0.0004992757783006672 4.911513008835585e+28
0.0005012930541725891 4.971578932845096e+28
0.0005033266973943845 5.028407643300913e+28
0.0005053769079744025 5.032695868088621e+28
0.0005074438891931116 5.055185193147182e+28
0.0005095278476702908 5.092681262872041e+28
0.0005116289934338796 5.142839795868316e+28
0.0005137475399905416 5.165247488822233e+28
0.0005158837043979866 5.206267297304671e+28
0.0005180377073391056 5.246825562201219e+28
0.0005202097731979698 5.2908579798231045e+28
0.0005224001301377507 5.338539894679063e+28
0.0005246090101806164 5.372850124301888e+28
0.0005268366492896637 5.466286925978247e+28
0.0005290832874529458 5.553738792652034e+28
0.0005313491687696608 5.522554421442672e+28
0.0005336345415385625 5.536542722652391e+28
0.0005359396583486644 5.589447592447477e+28
0.0005382647761723029 5.61949960839199e+28
0.0005406101564606353 5.652558806360448e+28
0.0005429760652416447 5.696799771368545e+28
0.0005453627732207288 5.735442242983435e+28
0.0005477705558839549 5.787938172428974e+28
0.0005501996936040611 5.83570241950308e+28
0.0005526504717492909 5.873265901602341e+28
0.0005551231807951491 5.912372773635916e+28
0.0005576181164391721 5.971373127462075e+28
0.0005601355797188073 6.0489345116400045e+28
0.0005626758771324979 6.139713580875386e+28
0.0005652393207640811 6.363685180801926e+28
0.0005678262284105987 6.491016828843928e+28
0.0005704369237136359 6.408269012623253e+28
0.0005730717362942994 6.558199399665752e+28
0.0005757310018919526 6.4631009954945305e+28
0.0005784150625068336 6.398682984025174e+28
0.0005811242665466782 6.427331280770496e+28
0.0005838589689774861 6.527041982877618e+28
0.0005866195314785617 6.672698637435965e+28
0.0005894063226019753 6.684813964433176e+28
0.0005922197179365909 6.7008975040396915e+28
0.0005950601002768144 6.771094813663454e+28
0.0005979278597962208 6.848897159153642e+28
0.0006008233942262266 6.937849239095194e+28
0.0006037471090399795 6.932904337732242e+28
0.000606699417641642 6.815237377860765e+28
0.000609680741561257 7.081355944036208e+28
0.0006126915106553867 7.074158303296181e+28
0.0006157321633137261 7.120630548800446e+28
0.0006188031466718993 7.177467836367857e+28
0.0006219049168306556 7.2418391355916305e+28
0.0006250379390816917 7.3088151694179795e+28
0.0006282026881403331 7.380679290361304e+28
0.0006313996483853221 7.479895680657986e+28
0.0006346293141059631 7.614133428479993e+28
0.0006378921897568936 7.782760199374473e+28
0.0006411887902207534 7.746115671245341e+28
0.0006445196410790431 7.751280031736716e+28
0.0006478852788914663 7.873229203136611e+28
0.0006512862514840723 7.995640672808384e+28
0.0006547231182465214 8.139458101964946e+28
0.0006581964504388106 8.83980825122726e+28
0.0006617068315078176 1.0611759331774773e+29
0.0006652548574140258 1.0744891229553818e+29
0.0006688411369688183 9.235158993064413e+28
0.0006724662921827415 8.546319364058984e+28
0.0006761309586251542 8.44596642720938e+28
0.0006798357857957031 8.568265481520334e+28
0.0006835814375080759 8.715328552617158e+28
0.0006873685922865142 8.72030053736492e+28
0.0006911979437755755 8.783077801054733e+28
0.000695070201163674 8.875482141830846e+28
0.0006989860896209341 8.997076873759092e+28
0.0007029463507519308 9.070164620785377e+28
0.0007069517430639076 9.157189780923593e+28
0.0007110030424510934 9.291079218048692e+28
0.0007151010426957684 9.438753071448353e+28
0.0007192465559867583 9.480649982051919e+28
0.0007234404134560689 9.59629000482988e+28
0.0007276834657344035 9.909570521631456e+28
0.0007319765835263469 9.934233091358991e+28
0.0007363206582060285 9.954263085329843e+28
0.0007407166024341243 1.0001088715469006e+29
0.0007451653507970919 1.0073344375923178e+29
0.000749667860469582 1.018371342217992e+29
0.0007542251119010079 1.0280334442723613e+29
0.0007588381095273137 1.0417958371024832e+29
0.0007635078825090204 1.051896552382968e+29
0.0007682354854966923 1.0629770305845073e+29
0.0007730219994250205 1.0759777044002575e+29
0.0007766512106899267 1.0849199294439745e+29
0.0007790896760296126 1.0917052868175684e+29
0.0007815435017808869 1.0968335203015034e+29
0.0007840128335400683 1.1088471189815185e+29
0.000786497818749387 1.1216547833863525e+29
0.0007889986067263325 1.1312085503290586e+29
0.0007915153486935617 1.1322970670271133e+29
0.0007940481978093812 1.130710831526138e+29
0.0007965973091988173 1.1325221725147347e+29
0.0007991628399852869 1.142015354932394e+29
0.0008017449493228808 1.1482141871178131e+29
0.0008043437984292758 1.1523768548996849e+29
0.0008069595506192897 1.1604451763845913e+29
0.0008095923713390917 1.1651171834571892e+29
0.0008122424282010855 1.1717680353146057e+29
0.0008149098910194798 1.1814757033853043e+29
0.0008175949318465621 1.1876073793130044e+29
0.0008202977250096913 1.195171810103093e+29
0.0008230184471490269 1.2034176433352348e+29
0.000825757277256012 1.2094199696904675e+29
0.0008285143967126263 1.2218391672184727e+29
0.0008312899893314292 1.2386359496547023e+29
0.0008340842413964087 1.256782276607303e+29
0.0008368973417046597 1.2778723093585858e+29
0.0008397294816089055 1.3074728569644274e+29
0.0008425808550608882 1.302378955910416e+29
0.0008454516586556442 1.2769900870709634e+29
0.0008486322223509972 1.2749720096259264e+29
0.0008515444811785574 1.2759592872943882e+29
0.000854182656851744 1.2769635842126441e+29
0.0008571332014349969 1.2832576590203102e+29
0.0008601042004001095 1.2915764622884577e+29
0.0008630958671841098 1.3017164397454394e+29
0.0008661084182039498 1.3148603517681036e+29
0.0008691420729086922 1.3278163338126704e+29
0.0008721970538328 1.3296603624266365e+29
0.0008752735866505523 1.3329286498692544e+29
0.0008783719002316162 1.3410984959938698e+29
0.0008814922266978031 1.3499288766880952e+29
0.0008846348014810397 1.3588745871893118e+29
0.0008877998633825818 1.3680985930816334e+29
0.0008909876546335067 1.3781143738091475e+29
0.0008941984209565103 1.3905128604517518e+29
0.0008974324116290475 1.405362402690171e+29
0.0009006898795478461 1.41093241714428e+29
0.0009039710812948328 1.4129053861374543e+29
0.0009072762772045031 1.4209282854260482e+29
0.0009106057314327765 1.4302479197704001e+29
0.0009139597120273725 1.4401330009140933e+29
0.0009173384909997471 1.4512523943351657e+29
0.000920742344398633 1.465284842976498e+29
0.0009241715523852201 1.4757353087257636e+29
0.0009276263993100247 1.4796742740333362e+29
0.0009311071737914882 1.4880497145457694e+29
0.0009346141687963525 1.4984522864708611e+29
0.0009381476817218586 1.5100841098474509e+29
0.0009417080144798163 1.5241100402940529e+29
0.0009452954735825965 1.5328014426306432e+29
0.0009489103702310961 1.5396012720470281e+29
0.0009525530204047278 1.5545150747023858e+29
0.0009562237449534936 1.5730429509037136e+29
0.0009599228696921918 1.5923138856713286e+29
0.0009636507254968217 1.625038576066562e+29
0.0009674076484032421 1.683934907367472e+29
0.0009711939797081473 1.6835378765713132e+29
0.0009750100660724228 1.6465686612237895e+29
0.000978856259626949 1.6321370306473837e+29
0.0009827329180809173 1.6410581374756272e+29
0.00098664040483273 1.6578844105773536e+29
0.0009905790890835592 1.6708113410366e+29
0.0009945493459536335 1.678909310201298e+29
0.0009985515566013343 1.6892244301786833e+29
0.0010025861083451783 1.699358623346362e+29
0.001006653394788769 1.7124899361912332e+29
0.001010753815948805 1.7247948979590215e+29
0.0010148877783862232 1.737403337369146e+29
0.0010190556953405816 1.750558677735351e+29
0.0010232579868677592 1.7640187650836012e+29
0.0010274950799810832 1.778894295335867e+29
0.0010317674087959733 1.7994204947129055e+29
0.0010360754146782113 1.8223870647878583e+29
0.0010404195463959397 1.8306467376623407e+29
0.0010448002602755015 1.834685461206424e+29
0.0010492180203612329 1.85363458801263e+29
0.0010536732985793275 1.87528760368747e+29
0.0010581665749058917 1.9216508972748346e+29
0.0010626983375393215 2.0056948776607e+29
0.001067269083077125 2.0528535694666956e+29
0.0010718793166973287 1.9829280339874607e+29
0.0010765295523446057 1.9450142288219907e+29
0.0010812203129212706 1.947541661623435e+29
0.0010859521304832894 1.9582150794898457e+29
0.0010907255464414577 1.9743777374083476e+29
0.0010955411117679098 1.9900634678046735e+29
0.0011003993872081223 2.0045165944468647e+29
0.0011053009434985818 2.021693959254646e+29
0.0011102463615902981 2.0384270456204787e+29
0.0011152362328783441 2.057025075174277e+29
0.0011202711594376145 2.0774338498997047e+29
0.0011253517542649959 2.1006888316944185e+29
0.0011304786415281623 2.1388723726451826e+29
0.0011356524568211974 2.230093858959743e+29
0.0011408738474272717 2.5413151279810987e+29
0.0011461434725885988 2.7392890429867313e+29
0.0011514620037839053 2.1259825048102836e+29
0.0011568301250136671 2.19405085260094e+29
0.0011622485330933564 2.2035403167601898e+29
0.0011677179379549721 2.2264346667318122e+29
0.0011732390629571234 2.2465810793552277e+29
0.0011788126452039506 2.2672836521869758e+29
0.0011844394358731818 2.2953826683385253e+29
0.0011901202005536288 2.3307190647155027e+29
0.0011958557195924416 2.334592674530915e+29
0.0012016467884524533 2.357311919921812e+29
0.001207494218079959 2.3860734289391983e+29
0.001213398835283284 2.4392064608463367e+29
0.001219361483122514 2.593234573162467e+29
0.0012253830213107735 2.7571467023574423e+29
0.0012314643266274521 2.5932638836477216e+29
0.0012376062933437985 2.5247952564717573e+29
0.0012419422513284865 2.4964426799933662e+29
0.0012444336099068786 2.495005291075737e+29
0.0012469349839971436 2.5001325119312867e+29
0.0012494464341159697 2.5087357783824392e+29
0.001251968021268575 2.5174269549727562e+29
0.001254499806953648 2.5272475398928e+29
0.0012570418531683465 2.538527846282537e+29
0.0012595942224133585 2.5498001820130466e+29
0.0012621569776980245 2.562217249761686e+29
0.001264730182545523 2.5760212325004717e+29
0.0012673139009981185 2.5918104423055633e+29
0.001269908197622475 2.605420058837869e+29
0.001272513137515034 2.6121692188986672e+29
0.0012751287863074594 2.6157819733850876e+29
0.0012777552101721503 2.6216041650120913e+29
0.0012803924758278205 2.6282080799695564e+29
0.0012830406505451477 2.6359653773257188e+29
0.0012856998021524954 2.647076579717371e+29
0.0012883699990417009 2.6555431220898648e+29
0.0012910513101739417 2.669367409032717e+29
0.0012937438050856704 2.6846547587293855e+29
0.001296447553894627 2.701294777455278e+29
0.0012991626273059246 2.6975693587633793e+29
0.001301889096618214 2.7225424846079525e+29
0.0013046270337299243 2.7254480150722426e+29
0.0013073765111455827 2.731343631629137e+29
0.0013101376019822154 2.7399775478245437e+29
0.0013129103799758284 2.755372484869677e+29
0.0013156949194879724 2.780008135929711e+29
0.0013184912955123888 2.8090984661379368e+29
0.0013212995836817444 2.848097470886928e+29
0.0013241198602744484 2.8878355862664258e+29
0.0013269522022215595 2.9098678374692275e+29
0.0013297966871137813 2.8972097327773538e+29
0.0013326533932085478 2.8634615874574037e+29
0.001335522399437199 2.8432375974831065e+29
0.0013384037854122525 2.8446621250172912e+29
0.0013412976314347653 2.8607697335386145e+29
0.0013442040185017963 2.857202171181164e+29
0.001347123028313961 2.8806495748012387e+29
0.0013500547432830881 2.8856382061812248e+29
0.0013529992465399758 2.8926572236452596e+29
0.0013559566219422492 2.9022128652043937e+29
0.0013589269540823198 2.912353685191675e+29
0.0013619103282954534 2.924352804354127e+29
0.0013649068306679408 2.933702000926417e+29
0.0013679165480453782 2.9436987041627845e+29
0.0013709395680410585 2.9600326936538745e+29
0.0013739759790444717 2.972939508528649e+29
0.00137702587022992 2.97419064960098e+29
0.001380089331565248 2.9990564832541063e+29
0.001383166453820689 3.0084874796380827e+29
0.0013862573285778302 3.019482724682922e+29
0.0013893620482386987 3.0309349206949457e+29
0.0013924807060349696 3.0418541031327217e+29
0.001395613396037298 3.0538610926266045e+29
0.001398760213164778 3.0486499109569713e+29
0.001401921253194529 3.0750234403299868e+29
0.0014050966127714132 3.085642325561437e+29
0.0014082863894178865 3.0979692936974832e+29
0.0014114906815439795 3.1106385177534288e+29
0.001414709588457421 3.1208520404229547e+29
0.001417943210373895 3.115986956900605e+29
0.0014211916484274433 3.143917747245014e+29
0.001424455004681008 3.156644300118271e+29
0.0014277333821371208 3.1678170128644127e+29
0.0014310268847487406 3.1626515120818518e+29
0.0014343356174302405 3.194152007078841e+29
0.0014376596860685494 3.20847469374546e+29
0.0014409991975344461 3.211475235480553e+29
0.001444354259694014 3.2281281623307516e+29
0.0014477249814202544 3.248073480471167e+29
0.0014511114726048632 3.241494038846843e+29
0.0014545138441701736 3.270180256595041e+29
0.001457932208081267 3.2652942602562515e+29
0.0014613666773582543 3.294418549568241e+29
0.0014648173660887344 3.295327333325403e+29
0.0014682843894404237 3.314191696755556e+29
0.0014717678636739714 3.334286346087492e+29
0.0014752679061559547 3.3421514646558135e+29
0.0014787846353720598 3.357318448123787e+29
0.0014823181709404517 3.366859132495653e+29
0.0014858686336253388 3.3880557072576356e+29
0.00148943614535073 3.3970109906648315e+29
0.00149302082921439 3.413683254371563e+29
0.001496622809502 3.443004142192272e+29
0.001500242211701521 3.4889443739371605e+29
0.0015038791625177673 3.5344076213616484e+29
0.0015075337898871907 3.540377601649316e+29
0.0015112062229928843 3.515141790250501e+29
0.0015148965922798022 3.432678793396465e+29
0.0015186050294702057 3.4408871557338e+29
0.001522331667579335 3.452350921409025e+29
0.0015260766409313138 3.463814706379103e+29
0.0015298400851752872 3.475634430142622e+29
0.0015336221373018022 3.490932507386729e+29
0.0015374229356594274 3.505252297979343e+29
0.0015412426199716248 3.519879177303541e+29
0.0015450813313538706 3.5346969402142106e+29
0.0015489392123310337 3.54978836306886e+29
0.0015528164068550163 3.5630350898537185e+29
0.0015567130603226576 3.580479991659092e+29
0.0015606293195939095 3.594751297516121e+29
0.0015645653330102875 3.611526150975398e+29
0.0015685212504136005 3.627408073451051e+29
0.0015724972231649656 3.642547547991215e+29
0.0015764934041641143 3.659659969606071e+29
0.0015805099478689909 3.677232803228328e+29
0.001584547010315655 3.695624151635072e+29
0.0015886047491384865 3.7137421401697336e+29
0.0015926833235907036 3.731926560145825e+29
0.001596782894565197 3.746740427010865e+29
0.0016009036246156876 3.768047285419356e+29
0.001605045677978212 3.785219459293511e+29
0.0016092092205929416 3.803130934107727e+29
0.0016133944201263434 3.822927190092123e+29
0.001617601445993687 3.844177461340385e+29
0.001621830469381906 3.8703745150506804e+29
0.0016260816632728153 3.909414109311276e+29
0.001630355202466699 3.953106580815298e+29
0.0016346512636062687 3.966908433082058e+29
0.0016389700252010012 3.9466953101205125e+29
0.001643311667651865 3.938586579656821e+29
0.0016476763732764384 3.9490268689209664e+29
0.0016520643263344314 3.964829439625614e+29
0.0016564757130536156 3.980939263214849e+29
0.0016609107216561687 3.997941726913582e+29
0.001665369542385447 4.017671875201822e+29
0.001669852367533187 4.036711778527059e+29
0.0016743593914671498 4.0565987990758466e+29
0.0016788908106592127 4.0756283014169586e+29
0.0016834468237139186 4.094429388845647e+29
0.001688027631397494 4.113854718105743e+29
0.001692633436667337 4.134211762652826e+29
0.0016972644447019944 4.158347711173979e+29
0.0017019208629316296 4.186125400879328e+29
0.001706602901068993 4.209814374430295e+29
0.0017113107711409076 4.229744842878404e+29
0.0017160446875202737 4.2567617290186474e+29
0.0017208048669586102 4.3104799314720555e+29
0.001725591528619135 4.372291003028653e+29
0.0017304048941104017 4.4159508175973546e+29
0.0017352451875205007 4.4738917166705034e+29
0.0017401126354518344 4.601146918997206e+29
0.001745007467056481 4.680357675088959e+29
0.001749929914072155 4.6369669278951435e+29
0.0017548802108587806 4.565920157145207e+29
0.0017598585944356851 4.5262858261594875e+29
0.0017648653045194281 4.4539464113207765e+29
0.0017699005835622797 4.462546011309047e+29
0.0017749646767913562 4.485114357396549e+29
0.0017800578322484332 4.506148389540448e+29
0.0017851803008304432 4.529617952107444e+29
0.0017903323363306753 4.55988737737738e+29
0.0017955141954806918 4.600607276602991e+29
0.0018007261379929724 4.6282714710906875e+29
0.0018059684266043055 4.626454826263833e+29
0.0018112413271199387 4.636193947681654e+29
0.0018165451084585036 4.657163331643265e+29
0.0018218800426977359 4.6804456122949965e+29
0.0018272464051209986 4.702316366560745e+29
0.0018326444742646352 4.730549281623596e+29
0.00183807453196616 4.759727772341003e+29
0.0018435368634133107 4.7984727330245604e+29
0.0018490317571939763 4.86470487113556e+29
0.0018545595053470225 4.948615063396614e+29
0.00186012040341403 4.960524958225915e+29
0.001865714750491967 4.933309392957388e+29
0.0018713428492868145 4.947141602442744e+29
0.0018770050061681666 5.035592503093528e+29
0.0018827015312248225 5.2336683422381185e+29
0.0018884327383213973 5.468837871358474e+29
0.0018941989451559664 5.440052896387694e+29
0.0019000004733187718 5.1391106519105554e+29
0.0019058376483520093 5.0937104103572324e+29
0.0019117107998107212 5.099925416565771e+29
0.001917620261324819 5.11339676240122e+29
0.0019235663706622605 5.1360760241490734e+29
0.001929549469793403 5.176877074517362e+29
0.0019355699049565646 5.220073545416492e+29
0.001941628026724817 5.249013242630665e+29
0.0019477241900740315 5.237465230420786e+29
0.0019538587544522174 5.251343405795037e+29
0.0019600320838501703 5.309994769973799e+29
0.0019662445468734673 5.34250167639416e+29
0.0019724965168158317 5.361810326908318e+29
0.0019787883717339045 5.395918146779605e+29
0.001985120494523453 5.438695329565654e+29
0.0019914932729970434 5.462553360445095e+29
0.001997907099963217 5.473863542525729e+29
0.002004362373307202 5.5072589518431976e+29
0.0020108594960731897 5.539816708185366e+29
0.0020173988765482243 5.56030696459207e+29
0.0020239809283477293 5.5981573765362115e+29
0.002030606070502714 5.628058211387736e+29
0.0020372747275486996 5.657975609237397e+29
0.0020439873296164055 5.6921700133345766e+29
0.002050744312524228 5.723081966013718e+29
0.002057546117872567 5.757117174511012e+29
0.00206439319314003 5.7899559983593814e+29
0.002071285991781566 5.8224884794454656e+29
0.002078224973328573 5.863161244681562e+29
0.002085210603491022 5.908594440420791e+29
0.0020922433542616492 5.9765438701802924e+29
0.0020993237040222643 6.103066897859378e+29
0.0021064521376522208 6.31367614769928e+29
0.0021136291466391107 6.347175132551899e+29
0.002120855229191723 6.1291954675147405e+29
0.0021281308903553313 6.2492102703345445e+29
0.0021354566421293597 6.347026875626057e+29
0.002142833003587492 6.340487806090345e+29
0.002150260501000274 6.335399943066767e+29
0.002157739667960275 6.351937259346159e+29
0.0021652710455098744 6.336385629957965e+29
0.0021728551822717303 6.318542814586743e+29
0.0021804926345820002 6.364944948278668e+29
0.002188183966626381 6.375642251927665e+29
0.002195929750579041 6.396599096619623e+29
0.0022037305667445078 6.445266105795433e+29
0.002211587003702599 6.483531849042804e+29
0.0022194996584564545 6.524173876327491e+29
0.0022274691365837666 6.562756258873724e+29
0.002235496052391276 6.606440432759597e+29
0.002243581029072618 6.645159089968409e+29
0.0022517246988696155 6.683358253147551e+29
0.002259927703237082 6.733540522782381e+29
0.0022681906930112575 6.790058060038712e+29
0.002276514328581941 6.8774655924996e+29
0.002284899280068431 7.029696131487353e+29
0.002293346227499368 7.108612323044788e+29
0.002301855860996583 6.999087061006313e+29
0.0023104288809630506 6.993804511905635e+29
0.002319065998275062 7.029110176072282e+29
0.0023277679344787207 7.080879293162065e+29
0.0023365354219908813 7.119864595320841e+29
0.0023453692043046465 7.156633934775546e+29
0.0023542700361995406 7.196001043427917e+29
0.0023632386839564914 7.244822495757282e+29
0.00237227592557774 7.289455496882879e+29
0.0023813825510118195 7.338836413418343e+29
0.002390559362383734 7.361207502594061e+29
0.0023998071742304798 7.420913301636483e+29
0.002409126813742055 7.469484752097346e+29
0.002418519121008105 7.517682526897443e+29
0.0024279849492703683 7.568106358919691e+29
0.002437525165181057 7.621714958156078e+29
0.002447140649067373 7.673781780775214e+29
0.0024568322952022927 7.727819392614197e+29
0.0024666010120818252 7.78866146857712e+29
0.0024764477227088985 7.85459092557921e+29
0.0024863733648840844 7.883708386780346e+29
0.002496378891503336 7.949685741358887e+29
0.002506465270862945 8.026373915939061e+29
0.0025166334869719227 8.093487343200973e+29
0.0025268845398720126 8.15668868199768e+29
0.002537219445965558 8.251854193069247e+29
0.0025476392383514536 8.40318506168779e+29
0.002558144967169398 8.409934221377057e+29
0.002568737699952708 8.334111059443632e+29
0.002579418521989934 8.394054465234993e+29
0.002590188536695528 8.465702771589734e+29
0.002601048865989849 8.546759368577391e+29
0.0026120006506887535 8.664729143073089e+29
0.002623045050903082 8.904545192896632e+29
0.0026341832464483184 9.485432944672476e+29
0.0026454164372647295 1.0239337129874077e+30
0.002656745843848304 9.726783185545904e+29
0.0026681727076928127 9.81963725749726e+29
0.0026796982917433217 1.0025133552811162e+30
0.002691323880861514 9.307625645064107e+29
0.002703050782303177 9.114118896915478e+29
0.0027148803262082234 9.177098691404171e+29
0.002726813866103644 9.309474008327495e+29
0.002738852779419775 9.32292687506449e+29
0.0027509984680203063 9.360194597277007e+29
0.0027632523587464543 9.447360041097667e+29
0.002775615903975745 9.524129790551917e+29
0.0027880905821958605 9.459663668641943e+29
0.002800677898594036 9.58312140465068e+29
0.0028133793856624898 9.65466910652551e+29
0.0028261966038204056 9.730482389136587e+29
0.002839131142052993 9.820817826769883e+29
0.0028521846185681795 9.938942034220982e+29
0.0028653586814714966 9.993003892948228e+29
0.002878655009459763 1.0003634972270634e+30
0.002892075312534168 1.0084831890628775e+30
0.0029056213327333913 1.0156069678256497e+30
0.0029192948448874306 1.0247381692430517e+30
0.0029330976573928086 1.0358373694898314e+30
0.0029470316130098765 1.0525627491693405e+30
0.0029610985896829545 1.0577090207554295e+30
0.0029753005013840716 1.0578603283683615e+30
0.002989639298981104 1.0672366020883792e+30
0.0030041169711311332 1.0824152788732532e+30
0.003018735545199898 1.1071190620881704e+30
0.0030334970882082103 1.09169896398958e+30
0.0030484037078062852 1.1129451527769615e+30
0.0030634575532769333 1.1536478252398039e+30
0.0030786608165686304 1.1286768066418581e+30
0.0030940157333594967 1.131120915296707e+30
0.003109524584153278 1.1410298814255716e+30
0.0031251896954084587 1.1421734055446601e+30
0.003141013440701666 1.154922106803633e+30
0.003156998241926611 1.1687260718425248e+30
0.0031731465705298156 1.1788491823902608e+30
0.003189460948784468 1.1942766055919836e+30
0.0032059439511037675 1.181254128388688e+30
0.0032225982053952157 1.2007354672328899e+30
0.0032394263944573315 1.2077631910056848e+30
0.003256431257420362 1.2212640252456978e+30
0.003273615591232607 1.2277982388861208e+30
0.003290982252194053 1.2389372141146224e+30
0.003308534157539088 1.2514790337006886e+30
0.0033262742870701287 1.2540945376783785e+30
0.003344205684844092 1.2632694385158884e+30
0.0033623314609137075 1.2637991538152047e+30
0.003380654793125771 1.2711752024888433e+30
0.0033991789289785153 1.2823378169015686e+30
0.0034085173326295548 1.1409206080859525e+30
0.00341790718754038 1.1456683640351833e+30
0.003436842961432571 1.1555305361869793e+30
0.0034559897188778774 1.1665517363137143e+30
0.00347535100581837 1.1755552689456886e+30
0.0034949304481046704 1.1863845011469296e+30
0.003514731753759654 1.1994887610104333e+30
0.0035347587153195387 1.2181157065802743e+30
0.003555015212255467 1.2553331414831376e+30
0.0035755052134788415 1.2327802982248221e+30
0.0035962327799337916 1.2475716883328872e+30
0.003617202067280344 1.2489738370680326e+30
0.0036384173286720177 1.2625178916766494e+30
0.0036598829176317346 1.271418976389025e+30
0.003681603291030142 1.2810612796218855e+30
0.003703583012170621 1.2943851093829536e+30
0.0037258267539854594 1.3083540701789736e+30
0.003748339302347909 1.3164227699518363e+30
0.0037711255595050393 1.3281838894282754e+30
0.003794190547636569 1.3416071045494847e+30
0.003817539412545102 1.3570806555691448e+30
0.0038411774274834613 1.3854272267990796e+30
0.0038651099971251032 1.4685745677286915e+30
0.003889342661683881 1.4206617694817668e+30
0.003913881101189773 1.4027156199603378e+30
0.003938731139927485 1.422359844502206e+30
0.003963898751045233 1.433578196093476e+30
0.003989390061341344 1.446801789337531e+30
0.004015211356236757 1.4628059511790152e+30
0.004041369084941883 1.4858217318824673e+30
0.004067869865826747 1.4912495429311958e+30
0.004094720492003822 1.5022838808107165e+30
0.004121927937133415 1.5216196527531372e+30
0.004149499361462067 1.5411894923191644e+30
0.0041774421181049095 1.5542558743496857e+30
0.0042057637595835865 1.5627042415291078e+30
0.004234472044631938 1.57969237259789e+30
0.00426357494528233 1.595493859484001e+30
0.004285666007174984 1.604010537359601e+30
0.004300521002000548 1.613497489289151e+30
0.00431547933592055 1.6217994754906224e+30
0.004330542091019749 1.6312470235358587e+30
0.0043457103645434605 1.6382025873925378e+30
0.0043609852691640005 1.645059556018635e+30
0.004376367933252762 1.6525677970622762e+30
0.004391859501158082 1.663154357291683e+30
0.0044074611334890155 1.6717070296843356e+30
0.004423174007405198 1.6749869362549394e+30
0.004438999316912909 1.6864702538132495e+30
0.004454938273167533 1.6996321916617585e+30
0.004470992104782552 1.710088101823189e+30
0.004487162058145236 1.7194237921916272e+30
0.004503449397739231 1.7354513823444684e+30
0.004519855406474164 1.7683490815722837e+30
0.004536381386022515 1.8087699898576713e+30
0.004553028657163882 1.7865579296013482e+30
0.004569798560136862 1.7927147950443022e+30
0.004586692454998736 1.795344405698584e+30
0.004603711721993166 1.7830427981551554e+30
0.004620857761926101 1.7927237898575208e+30
0.004638131996550124 1.8011662964736548e+30
0.004655535868957441 1.8058213771438457e+30
0.004673070843981763 1.8198489087096073e+30
0.004690738408609293 1.8283709906111382e+30
0.004708540072399081 1.8320026009165077e+30
0.004726477367912983 1.842724129813847e+30
0.00474455185115548 1.846539656807465e+30
0.004762765102023639 1.8584054034594526e+30
0.004781118724767468 1.8727921270878402e+30
0.0047996143484609595 1.8740204826095786e+30
0.00481825362748411 1.8882646824080627e+30
0.00483703824201621 1.9039859721490392e+30
0.0048559698985407365 1.916341885752451e+30
0.004875050330362114 1.9209811393159508e+30
0.004894281298134746 1.9300257519952996e+30
0.004913664590404585 1.9624347730034014e+30
0.004927324499909285 1.9851948957804608e+30
0.004937128169825539 1.993837336153859e+30
0.004952895445417797 1.9776198078414563e+30
0.004972746729768169 1.9626345027564845e+30
0.004992757783006672 1.982403289006356e+30
0.00501293054172589 1.9926410441245043e+30
0.0050332669739438455 2.0042065265780863e+30
0.005053769079744025 2.0157847209937413e+30
0.005074438891931116 2.026039852139216e+30
0.005095278476702907 2.0366093344510104e+30
0.005116289934338796 2.0506245059557237e+30
0.005137475399905416 2.064456331807788e+30
0.005158837043979868 2.0813762191961833e+30
0.005180377073391056 2.1010314511204506e+30
0.005202097731979698 2.12223438849423e+30
0.005224001301377507 2.107456552182728e+30
0.005246090101806164 2.1187817363628568e+30
0.005268366492896637 2.1301285785366662e+30
0.005290832874529459 2.140469565565868e+30
0.005313491687696608 2.1564997330594945e+30
0.005336345415385625 2.1689514948863096e+30
0.005359396583486643 2.2043186292097927e+30
0.005382647761723028 2.2270978039659235e+30
0.005406101564606354 2.1972829531593128e+30
0.005429760652416447 2.233713156477485e+30
0.005453627732207288 2.242652086571454e+30
0.00547770555883955 2.2487284359482078e+30
0.0055019969360406125 2.2687946798392546e+30
0.005526504717492909 2.2709917716161983e+30
0.00555123180795149 2.287400163543032e+30
0.005576181164391721 2.3166789015318806e+30
0.005601355797188072 2.3324990415485434e+30
0.0056267587713249795 2.3248005951599387e+30
0.005652393207640811 2.3434466322573876e+30
0.005678262284105986 2.3554193794087207e+30
0.005704369237136359 2.3682911719947787e+30
0.005730717362942993 2.3780006059541816e+30
0.005757310018919526 2.3957432780619833e+30
0.005784150625068336 2.4087248097176545e+30
0.005811242665466783 2.411051422517057e+30
0.005838589689774861 2.4422440569834906e+30
0.005866195314785617 2.2466586004719913e+30
0.005894063226019753 2.4734283457464867e+30
0.005922197179365909 2.328192232729642e+30
0.005950601002768143 2.1070429193056762e+30
0.00597064633819614 2.0977489703697183e+30
0.005982161567392276 2.476426380200085e+30
0.0060082339422622665 2.2393642190690738e+30
0.006037471090399796 2.4186499739280798e+30
0.006066994176416421 2.315562928823094e+30
0.0060968074156125705 2.198465460425113e+30
0.0061269151065538666 2.476319469442812e+30
0.006157321633137261 2.516547946813253e+30
0.006188031466718993 2.3923324287386454e+30
0.006219049168306556 2.480457941970169e+30
0.0062535297836550305 2.4140142683493312e+30
0.006278847718001812 2.4056287730942473e+30
0.006307576558602736 2.4869012855270354e+30
0.006346293141059631 2.111632992761572e+30
0.006378921897568936 2.591015095013336e+30
0.006411887902207535 2.631764362507294e+30
0.0064451964107904314 2.4032879794606557e+30
0.006478852788914663 2.3975971521852162e+30
0.006512862514840724 2.7105200810164056e+30
0.006547231182465214 2.269215571264963e+30
0.006581964504388106 2.303126982827679e+30
0.006617068315078176 2.591037272723462e+30
0.006652548574140257 2.4732104924760074e+30
0.006688411369688184 2.4819623127984292e+30
0.006724662921827415 2.3842075257716667e+30
0.006761309586251542 2.632675655602749e+30
0.006798357857957031 2.5241330593699919e+30
0.00683581437508076 2.7675868435993333e+30
0.006873685922865142 2.410653791941225e+30
0.006911979437755755 2.8431200082396997e+30
0.00695070201163674 2.4729230543486887e+30
0.006989860896209341 2.489591367909094e+30
0.007029463507519308 2.87116545605032e+30
0.007069517430639077 2.990224030596273e+30
0.007110030424510934 2.3701256121004275e+30
0.007151010426957683 2.9141768363109476e+30
0.007192465559867583 2.6834614656041495e+30
0.007234404134560688 2.091518935773386e+30
0.007276834657344035 2.6385222986857576e+30
0.007319765835263469 2.5235303788717982e+30
0.007363206582060284 2.984902113511382e+30
0.007398332194854848 2.4805298893085165e+30
0.007420456394002141 2.4074197528994903e+30
0.007451653507970919 2.421867950827267e+30
0.007496678604695818 2.8851855670353017e+30
0.0075422511190100785 2.651962726929387e+30
0.007588381095273138 2.4630290265313384e+30
0.007635078825090204 2.8794753844913323e+30
0.0076823548549669225 2.5693824057833537e+30
0.0077302199942502065 2.7577361653282113e+30
0.007778685323367762 2.705991586885583e+30
0.007827762202379546 2.2716527495681114e+30
0.00787746227985497 2.2818469890196694e+30
0.007927797502090467 2.5668818577043744e+30
0.007978780122682688 4.253874573172906e+30
0.008030422712473515 1.0427822873110728e+30
0.008082738169883766 9.163992701286987e+29
0.008135739731653494 2.5824177647368655e+30
0.008178644094114423 2.668605718677894e+30
0.00820568987484893 2.55316830805522e+30
0.00824385587426683 2.696950260201316e+30
0.008298998722924134 2.954333132638028e+30
0.008354884236209819 2.985239161047342e+30
0.008411527519167173 3.141345291395901e+30
0.008468944089263877 2.703218459602558e+30
0.00852714989056466 2.622193777091107e+30
0.008574293773857346 3.003720979616832e+30
0.008604024334793051 2.9312697370091674e+30
0.008645995185206676 2.628586706871059e+30
0.00870666883562918 2.78411248747665e+30
0.008768200064149526 2.8428292356036496e+30
0.00883060718204383 4.1585995585384664e+30
0.00889390902564271 2.2567354429308365e+30
0.00895812497528634 1.752436512330189e+30
0.009023274975106603 3.4595331898555267e+30
0.009089379553678813 2.3502577859237227e+30
0.009156459845587881 2.4867971541083955e+30
0.009224537613956566 3.7659070763845236e+30
0.009293635273986202 2.4423231313718735e+30
0.009363775917563457 2.703780509939925e+30
0.009434983338989794 2.8210041414845606e+30
0.00950728206189393 3.665787591653028e+30
0.00958069736739118 2.941660262055585e+30
0.00965525532355765 3.5771590033604146e+30
0.009730982816291435 3.5961041408990154e+30
0.009807907581637612 3.614884832431221e+30
0.00988605823965863 3.3118324704155444e+30
0.009965464329937012 3.9064520431698666e+30
0.010046156348802899 2.0655565030760137e+30
0.010128165788384963 2.3979747473575305e+30
0.010211525177589779 3.394484992882568e+30
0.010296268125121643 3.8991856441650394e+30
0.01038242936466241 3.707418031022541e+30
0.010470044802338886 3.294043654265084e+30
0.01055915156661411 2.402661827810077e+30
0.010649788060748138 3.418561885969786e+30
0.010741994017984053 3.5279802961686783e+30
0.010835810559625835 3.2082066863364753e+30
0.010931280256186414 3.5021048181351e+30
0.011028447191796959 2.4478475199441616e+30
0.011127357032082135 2.0247539582511798e+30
0.011228057095720887 3.551395447578998e+30
0.011330596429928385 4.1968850356391753e+30
0.011435025890112055 3.0766153903862563e+30
0.011541398223973562 4.271755603215021e+30
0.0116497681603489 3.8935315531100394e+30
0.011760192503101024 3.4989664783337984e+30
0.011872730230403425 4.2291250790352353e+30
0.011987442599779304 2.361390009259091e+30
0.012104393259289347 2.4345381699672008e+30
0.012223648365292198 3.125830043486869e+30
0.012345276707235403 4.0997166145838463e+30
0.012469349839971437 2.858229860184074e+30
0.012595942224133586 1.8253823523559144e+30
0.012725131375150339 2.753741541316435e+30
0.012856998021524953 4.22654348837329e+30
0.012991626273059246 3.496346737089866e+30
0.013129103799758285 7.496958467047598e+30
0.013269522022215595 4.004085494622349e+30
0.013412976314347654 2.6838222391564795e+30
0.013559566219422493 2.1785564930635352e+30
0.013709395680410585 1.7623953306225703e+30
0.013862573285778302 2.0503212813050224e+30
0.01401921253194529 2.0699165831933327e+30
0.014179432103738948 1.779294598658976e+30
0.014343356174302404 1.954487121023179e+30
0.014511114726048631 1.521215380965334e+30
0.014682843894404236 1.3074099697987033e+30
0.01485868633625339 1.663185203932689e+30
0.015038791625177673 1.771305948333702e+30
0.015223316675793349 1.8957668568544692e+30
0.015412426199716249 1.6206325707137853e+30
0.015606293195939095 1.5028056621995288e+30
0.01580509947868991 2.0462588821537916e+29
0.016009036246156877 1.879138108860938e+30
0.01621830469381906 1.393593554493427e+30
0.016433116676518648 9.329583444799529e+29
0.01665369542385447 1.144064296596804e+30
0.01688027631397494 1.5711102220846925e+30
0.0170895359377019 2.0040716814754957e+30
0.017328216607222877 2.4221275387926828e+30
0.01759858594435685 1.175825987340269e+30
0.017851803008304433 1.4191267728243868e+30
0.018112413271199387 1.4849671269297797e+30
0.0183807453196616 1.4713912658569684e+30
0.01865714750491967 6.1873507816448204e+29
0.018855627797525195 7.769698998541684e+29
0.019087697062725506 1.4258860521255408e+30
0.019385942329330594 1.3682595599207173e+30
0.01969365569963743 6.431746245204223e+29
0.020011295307696096 5.223145617164102e+29
0.020339349329133737 1.765795948338012e+30
0.0206783384846193 1.1802712422040905e+30
0.02102881879791793 1.2101602098214328e+30
0.021391384639261345 6.092393475712428e+29
0.021766672089072948 8.646769691032338e+29
0.022155362662092108 8.185157335425966e+29
0.02255818743776651 2.0639626055302963e+29
0.022975931649577 2.6699636644329048e+29
0.02340943979390864 1.0819211773329908e+30
0.023859621328406883 1.0475937090907727e+30
0.024232427911663242 1.1968137704757643e+30
0.02451976895409403 4.646521329243825e+29
0.02481400618154316 8.68735736234601e+29
0.02532041447096241 1.1250715079897146e+30
0.025847923105774124 2.7696668580514896e+29
0.026397878916535274 6.790137836048827e+29
0.026971745849503438 3.693618670339092e+29
0.02750998468020306 7.301359774708205e+29
0.028133793856624897 2.6865937370214518e+29
0.028853495559933908 2.8928036461840327e+29
0.02940048125775256 2.215416908815163e+29
0.029968606499448262 3.318336866540864e+29
0.030634575532769333 9.72500423146398e+28
0.031410134407016656 7.8348861517244495e+28
0.032225982053952155 1.7838964974081576e+29
0.03308534157539088 1.8104000815747674e+29
0.03389891554855623 1.3136965620542917e+29
0.034753510058183695 1.790386254485758e+28
0.03565230773210224 1.6370555412019757e+29
0.036707109736010594 1.8139222596251457e+29
0.037826228935279205 1.3727872586529572e+29
0.039015732989847736 4.28895119147163e+28
0.040282477567440196 3.2636251527215167e+28
0.041219279371334155 1.2490741830689966e+28
0.04191555098233642 3.1742329494429572e+28
0.04278276927852269 5.415159116059684e+27
0.043686630601308375 3.548602542598065e+28
0.04446954512821354 2.2440328168837114e+28
0.04528103317799847 6.134875613082145e+28
0.04612268806978283 5.162316552626412e+28
0.04699622382868023 3.98664664904661e+28
0.047719242656813765 3.5044896003213703e+28
0.048276276617788244 1.0975939647376493e+29
0.04923413924909357 1.959675638770572e+28
0.050434971913705606 2.947416929656806e+26
0.05169584621154825 3.236200796325917e+27
0.05302138072979307 1.5531846678642515e+27
0.053943491699006876 2.875344591668533e+27
0.05465640128093207 5.223136951095704e+26
0.05563678516041067 6.659483666047572e+26
0.05639546859441627 5.1677549787077986e+26
0.0574398291239425 9.672389045685262e+26
0.059080967098912286 4.595090575246347e+25
0.06052196629644673 3.7276674465164073e+24
0.06142080738005733 6.722062057352675e+24
0.06266163177157363 1.2797316229635202e+27
0.06395362417923495 8.478714407557804e+27
0.06495813136529624 3.1222906314835645e+24
0.06670431769232033 2.211692961142512e+24
0.0681703466525911 1.7639996937709115e+24
0.068927794948731 1.0888371577834112e+24
0.07009606265972644 7.68710978271225e+23
0.07171678087151202 5.03956919120731e+23
0.07298237112218577 9.573888096216729e+23
0.0747409824745276 9.248861674738313e+23
0.07658643883192334 3.458172477222267e+23
0.07803146597969547 4.621029361327091e+23
0.08004518123078438 3.181879282789931e+23
0.08216558338259325 1.9255153757406616e+23
0.0844013815698747 1.1428827687617494e+23
0.08676225937602504 6.558970881190349e+22
0.08862145064836843 6.133685598864807e+22
0.09056206635599694 3.858161217699015e+22
0.09258957530426552 2.927825321125468e+22
0.09399244765736046 2.046265520997667e+22
0.09470994725779831 1.4405533904373908e+22
0.09692971164665297 8.752978641456304e+21
0.09769293772261087 5.17297559702795e+21
0.09925602472617263 2.42361259113285e+21
0.10253721562621142 9.603856892966673e+20
0.10514409398958967 2.317207169103129e+20
0.10883336044536475 7.462053798394888e+19
0.11279093718883254 7.369243213066051e+18
0.114879658247885 3.4667506450989766e+17
0.11704719896954321 1.5238403684694835e+17
0.11929810664203443 7.03937857523324e+16
0.12163728520364293 3.596891706236402e+16
0.1240700309077158 1.642171850701793e+16
0.12660207235481205 5456091101126118.0
0.12923961552887062 2170152486492797.8
0.1319893945826764 919684108351981.6
0.1363406933051822 280380863926917.78
