#"E (kev)" "Fv (kev/s/cm^2/kev)"
1.240700309077158e-07 3.720392422307161e+21
1.2522207398840916e-07 3.789559310158409e+21
1.2638283682155016e-07 3.8603122781896746e+21
1.2755220613520696e-07 3.9322605530232783e+21
1.2873005904515024e-07 4.004990374612275e+21
1.2991626273059247e-07 4.079260303042788e+21
1.3112453065706595e-07 4.155369165015325e+21
1.3232725139474809e-07 4.232121653727613e+21
1.335522399437199e-07 4.310598142635603e+21
1.3480012049947392e-07 4.391695111841054e+21
1.360417005567059e-07 4.472654161030836e+21
1.373063644397032e-07 4.5566244638957377e+21
1.3856380490028567e-07 4.640203993382969e+21
1.3984448930085188e-07 4.726449976506218e+21
1.4114906815439796e-07 4.814971639887785e+21
1.4244550046810078e-07 4.904251863355422e+21
1.437659686068549e-07 4.995394007034458e+21
1.4509417718128381e-07 5.088122230893492e+21
1.4644715640665228e-07 5.183539895057837e+21
1.4779038821645716e-07 5.278750679198673e+21
1.4915848870848257e-07 5.377179597038164e+21
1.505521549662854e-07 5.478022115151599e+21
1.519348896739111e-07 5.579071513288537e+21
1.5334325906280533e-07 5.682925285077132e+21
1.5475867644719446e-07 5.788434097053562e+21
1.562004669617472e-07 5.896770269350982e+21
1.5764934041641146e-07 6.006715508497669e+21
1.591049383274119e-07 6.118131894478059e+21
1.605668835352864e-07 6.230996440622813e+21
1.6205594423682836e-07 6.347148080474009e+21
1.6355131941433667e-07 6.464770867158901e+21
1.6507454883943029e-07 6.58581866756589e+21
1.6660404311496683e-07 6.708429561483588e+21
1.6813935615627564e-07 6.832856402274137e+21
1.697032292541592e-07 6.960248523401258e+21
1.7127282013765298e-07 7.089640484755393e+21
1.728476329168512e-07 7.220457619604685e+21
1.7445167450466224e-07 7.355320408246489e+21
1.760607789239617e-07 7.491585383714106e+21
1.776998437520994e-07 7.631781079627933e+21
1.793437856428387e-07 7.773631815729586e+21
1.8099202174721489e-07 7.917137592019161e+21
1.826708346697818e-07 8.064666035431999e+21
1.8435368634133107e-07 8.214010425717653e+21
1.8606783279501472e-07 8.367423456465058e+21
1.877857286328376e-07 8.52239958072331e+21
1.895356414722209e-07 8.682110958852405e+21
1.9128897765605273e-07 8.843592310515697e+21
1.9304501463780272e-07 9.0069125957211e+21
1.948335912495537e-07 9.174393468065411e+21
1.9662445468734676e-07 9.343989113983155e+21
1.9844854591765164e-07 9.518159107086738e+21
2.0030679836570198e-07 9.697156300738354e+21
2.0213429603733432e-07 9.874797280902613e+21
2.040289934348229e-07 1.0060805408683335e+22
2.058911896908659e-07 1.0245296416291866e+22
2.078224973328573e-07 1.0438476384886627e+22
2.0971945724766025e-07 1.062970248659298e+22
2.1168747808857839e-07 1.0830330136033241e+22
2.136191992212738e-07 1.102907287859277e+22
2.1562396751427842e-07 1.1236941328854865e+22
2.1759037339129395e-07 1.14428329255593e+22
2.196318479513468e-07 1.1658424896698137e+22
2.2163278118563024e-07 1.187162625423224e+22
2.237108382757227e-07 1.2095608359656752e+22
2.2578713540985587e-07 1.2321429398623399e+22
2.278604791693587e-07 1.2547986011006802e+22
2.299722537677772e-07 1.2782036277574242e+22
2.3208011767249495e-07 1.301737379762102e+22
2.3422697924809479e-07 1.3259170571734422e+22
2.3641393084549503e-07 1.3507725426614925e+22
2.3859621328406886e-07 1.3757889348344771e+22
2.408191593705664e-07 1.4016006657644008e+22
2.4303629952539824e-07 1.4275985887154621e+22
2.4529464394566194e-07 1.454198762401552e+22
2.4754595153175537e-07 1.4811230481244351e+22
2.4983896678960086e-07 1.5087116485893932e+22
2.5217485956852805e-07 1.5370565104735223e+22
2.5450262750300677e-07 1.5653691910206708e+22
2.568205980288052e-07 1.5940864369470783e+22
2.5923533411557833e-07 1.6243047123771887e+22
2.616407231288819e-07 1.6545183904734533e+22
2.640349668178672e-07 1.684948143260915e+22
2.664734340801456e-07 1.7163111548209762e+22
2.689573616035461e-07 1.7483660651262426e+22
2.7142863904553885e-07 1.780372703426026e+22
2.739457516178313e-07 1.8139838112412782e+22
2.765099864223664e-07 1.8478454737516242e+22
2.790598985778583e-07 1.8821806616490658e+22
2.815933520374848e-07 1.9164514868725327e+22
2.8423832968548866e-07 1.952524466967234e+22
2.868671234860481e-07 1.988751457746072e+22
2.895449962840509e-07 2.026097899318659e+22
2.9220450048920346e-07 2.0636282342454384e+22
2.949133133057186e-07 2.1018964412559973e+22
2.976014173847825e-07 2.1404450856316984e+22
3.0041169711311335e-07 2.181262514264943e+22
3.031273660095671e-07 2.2207674040825435e+22
3.0596801703505746e-07 2.2625824541623552e+22
3.0878554232880985e-07 2.304574501595601e+22
3.116554406121974e-07 2.347444639795199e+22
3.144994446329932e-07 2.3904986713489916e+22
3.1747704940561877e-07 2.435943316507483e+22
3.203460648275647e-07 2.4801466815250585e+22
3.2335165730444563e-07 2.5270165001786525e+22
3.263283295836818e-07 2.5736334654702084e+22
3.2936031565626706e-07 2.6215836575797753e+22
3.3236011494164423e-07 2.669786703051366e+22
3.3550576232481283e-07 2.7205182821433306e+22
3.3861907998830734e-07 2.7710429812117903e+22
3.41696587462726e-07 2.8219124803193887e+22
3.4492641342150627e-07 2.8753105130473543e+22
3.480225270903669e-07 2.927490252303671e+22
3.5127415319285333e-07 2.982451378542391e+22
3.5458711319724434e-07 3.0386078115834584e+22
3.578599103193418e-07 3.095315924687158e+22
3.610885649235035e-07 3.1512884643740044e+22
3.644830520203167e-07 3.2106400444444226e+22
3.6783288143408183e-07 3.2700146111841277e+22
3.712448560972944e-07 3.3310442181116868e+22
3.7472072155758324e-07 3.393774838565654e+22
3.781470006330869e-07 3.4557928722720935e+22
3.816365146346226e-07 3.5200176262289904e+22
3.8519103044928846e-07 3.585920407043035e+22
3.886905730191598e-07 3.651294494463761e+22
3.923783393665902e-07 3.7211509823932702e+22
3.9601031250467857e-07 3.79001904354392e+22
3.9958141999264346e-07 3.858772171348198e+22
4.033486050315858e-07 3.93203068633053e+22
4.070539071775453e-07 4.004484667888209e+22
4.1082791691296625e-07 4.079237316373514e+22
4.146725631942373e-07 4.15582889840086e+22
4.1844867085232985e-07 4.231914773704149e+22
4.222941828036617e-07 4.3100924359115345e+22
4.262110302566671e-07 4.3902699383459164e+22
4.302012167396526e-07 4.472654161030836e+22
4.3411487371489084e-07 4.554647610337998e+22
4.382551427330124e-07 4.641767086893727e+22
4.423174007405198e-07 4.7284268300639345e+22
4.462950752076108e-07 4.814029186447471e+22
4.505084637171961e-07 4.905194316795752e+22
4.546355108380938e-07 4.995485953711536e+22
4.5883887170013237e-07 5.088214177570604e+22
4.631206827462329e-07 5.183631841734918e+22
4.6730708439817624e-07 5.277831212427642e+22
4.717491669494897e-07 5.3786507438718146e+22
4.760937486865533e-07 5.478045101820883e+22
4.80519097241347e-07 5.580542660122208e+22
4.848379480567245e-07 5.681178298212133e+22
4.894281298134746e-07 5.789238630478232e+22
4.939093587090598e-07 5.895712882564267e+22
4.984734066199911e-07 6.0055202016953476e+22
5.031225908666497e-07 6.118016961131694e+22
5.078593160364953e-07 6.23363990758954e+22
5.124743118864758e-07 6.347400933836055e+22
5.171739512618416e-07 6.464334120442663e+22
5.219605843824813e-07 6.584669334102093e+22
5.268366492896637e-07 6.707854894751699e+22
5.318046759867801e-07 6.835132082532449e+22
5.366350817807777e-07 6.960018656708495e+22
5.415540415002872e-07 7.088100377913902e+22
5.465640128093207e-07 7.219997886219137e+22
5.516675451654772e-07 7.355389368254275e+22
5.568672841459416e-07 7.494734557404928e+22
5.61911371864655e-07 7.630976546203244e+22
5.670476732528144e-07 7.771149255447814e+22
5.722787403492427e-07 7.915183725130675e+22
5.776072202407626e-07 8.063125928590476e+22
5.830358595287397e-07 8.215619492566928e+22
5.882884348398094e-07 8.364297269443554e+22
5.939206840962939e-07 8.525112007697866e+22
5.993721299889652e-07 8.682570692237907e+22
6.049245778045626e-07 8.844075030570533e+22
6.105808607663179e-07 9.009969822734814e+22
6.160378893133854e-07 9.17202584113002e+22
6.219049168306556e-07 9.347758927744368e+22
6.275671770749408e-07 9.518480920456658e+22
6.333334911062573e-07 9.694305953748145e+22
6.392067537749397e-07 9.874797280902613e+22
6.451899683188549e-07 1.0060713462006259e+23
6.512862514840725e-07 1.025166372368125e+23
6.571505874349354e-07 1.0436982251383721e+23
6.631214906879519e-07 1.0627564726350377e+23
6.692018927061262e-07 1.082322725522697e+23
6.753948334660632e-07 1.1024613464753286e+23
6.81703466525911e-07 1.1231470501567267e+23
6.881310643800101e-07 1.1444396019070087e+23
6.946810241193494e-07 1.1662953270545439e+23
7.009606265972645e-07 1.1874959321277236e+23
7.073547942287105e-07 1.2092872946012955e+23
7.138666910685604e-07 1.2316027531343531e+23
7.20499598767223e-07 1.2545917210772047e+23
7.272569220850868e-07 1.278323158437652e+23
7.341421947202118e-07 1.3026338598638678e+23
7.407166024341242e-07 1.326041185187532e+23
7.474098247452758e-07 1.3501243185879095e+23
7.546838862999744e-07 1.3765176122505157e+23
7.616330933561436e-07 1.4021247618238848e+23
7.687114678297137e-07 1.42819164478278e+23
7.754376931732238e-07 1.4532195302903995e+23
7.827762202379546e-07 1.4807092880774639e+23
7.902549739344955e-07 1.5092725233197221e+23
7.97365237196117e-07 1.5365416090817394e+23
8.046046102964707e-07 1.564564657596009e+23
8.119766420662028e-07 1.5933899408680182e+23
8.194850126005006e-07 1.62311170424177e+23
8.27133539384772e-07 1.6534265236828552e+23
8.349261837665936e-07 1.6848768845861604e+23
8.428670577969822e-07 1.7170812082417187e+23
8.503771823695394e-07 1.7478419690667543e+23
8.586161308492443e-07 1.781673748907051e+23
8.664108303611438e-07 1.8143309099473397e+23
8.743483503010276e-07 1.8474753883762826e+23
8.82432652259714e-07 1.882001365628708e+23
8.906678457122455e-07 1.9173732523104947e+23
8.990581949834478e-07 1.953464621740607e+23
9.069446703780395e-07 1.987933132319849e+23
9.156459845587882e-07 2.026399024686178e+23
9.238274825593135e-07 2.062701871473633e+23
9.328573752459835e-07 2.1032066814047207e+23
9.413507656124112e-07 2.1416059124301407e+23
9.500002366593859e-07 2.18129469560194e+23
9.588101306624096e-07 2.221709857522863e+23
9.677849524782824e-07 2.2636237502805615e+23
9.761607467168827e-07 2.3029194614077396e+23
9.85464899981857e-07 2.3472837331102546e+23
9.949481227563416e-07 2.39236059156033e+23
1.0038028390591892e-06 2.4354605964526812e+23
1.0128165788384964e-06 2.4794111081082258e+23
1.0228361987445655e-06 2.5284876470123104e+23
1.032196596570015e-06 2.575058638965316e+23
1.0417298984694862e-06 2.6228479243899577e+23
1.0514409398958968e-06 2.6717635566091086e+23
1.0613347383038135e-06 2.72251812237033e+23
1.0704920699544072e-06 2.7697327410630698e+23
1.0807493981508345e-06 2.8229928537753637e+23
1.090246317291e-06 2.8729198994426462e+23
1.1008875856940178e-06 2.9291223058222675e+23
1.110743338475522e-06 2.9818996984797743e+23
1.1207771536379026e-06 3.035872397939642e+23
1.1320258294499618e-06 3.0970858982213854e+23
1.1424496400342154e-06 3.154345691387695e+23
1.1530672017445707e-06 3.213421431426812e+23
1.162793166895181e-06 3.267784904264347e+23
1.1737940483227605e-06 3.3301707246791985e+23
1.1850050707518223e-06 3.393866785242771e+23
1.195279681191867e-06 3.45282759193548e+23
1.2069069154447063e-06 3.520477359614519e+23
1.2175665447273387e-06 3.582863180029358e+23
1.2296336066175994e-06 3.6543287348081696e+23
1.240700309077158e-06 3.720392422307161e+23
1.2522207398840917e-06 3.789559310158409e+23
1.2638283682155018e-06 3.860312278189675e+23
1.2755220613520694e-06 3.9322605530232784e+23
1.2873005904515026e-06 4.004990374612275e+23
1.2991626273059246e-06 4.079260303042788e+23
1.3112453065706595e-06 4.155369165015325e+23
1.323272513947481e-06 4.232121653727613e+23
1.3355223994371992e-06 4.310598142635603e+23
1.3480012049947394e-06 4.391695111841054e+23
1.3604170055670592e-06 4.472654161030836e+23
1.3730636443970317e-06 4.556624463895738e+23
1.3856380490028568e-06 4.6402039933829694e+23
1.398444893008519e-06 4.7264499765062185e+23
1.4114906815439797e-06 4.814971639887785e+23
1.4244550046810078e-06 4.904251863355422e+23
1.4376596860685492e-06 4.9953940070344586e+23
1.4509417718128384e-06 5.088122230893492e+23
1.4644715640665227e-06 5.1835398950578375e+23
1.477903882164572e-06 5.278750679198673e+23
1.4915848870848259e-06 5.377179597038164e+23
1.5055215496628538e-06 5.4780221151515994e+23
1.5193488967391111e-06 5.5790715132885366e+23
1.5334325906280534e-06 5.6829252850771314e+23
1.5475867644719446e-06 5.7882042303608293e+23
1.562004669617472e-06 5.896770269350982e+23
1.5764934041641144e-06 6.006715508497669e+23
1.5910493832741191e-06 6.118131894478058e+23
1.605668835352864e-06 6.230996440622813e+23
1.6205594423682838e-06 6.347148080474009e+23
1.6355131941433667e-06 6.464770867158901e+23
1.650745488394303e-06 6.585818667565889e+23
1.6660404311496684e-06 6.708429561483587e+23
1.6813935615627564e-06 6.832856402274137e+23
1.697032292541592e-06 6.960248523401258e+23
1.7127282013765295e-06 7.089640484755392e+23
1.728476329168512e-06 7.220457619604684e+23
1.7445167450466227e-06 7.355320408246489e+23
1.7606077892396168e-06 7.491585383714106e+23
1.7769984375209941e-06 7.631781079627934e+23
1.7934378564283869e-06 7.773631815729586e+23
1.8099202174721486e-06 7.917137592019161e+23
1.8267083466978182e-06 8.064666035431998e+23
1.8435368634133106e-06 8.214010425717586e+23
1.8606783279501468e-06 8.367423456465058e+23
1.877857286328376e-06 8.52239958072331e+23
1.8953564147222088e-06 8.682110958852405e+23
1.912889776560527e-06 8.843592310515697e+23
1.930450146378027e-06 9.0069125957211e+23
1.948335912495537e-06 9.174393468065411e+23
1.9662445468734675e-06 9.343989113983154e+23
1.9844854591765163e-06 9.518159107086738e+23
2.0030679836570197e-06 9.697156300738353e+23
2.0213429603733433e-06 9.874797280902612e+23
2.040289934348229e-06 1.0060805408683336e+24
2.058911896908659e-06 1.0245296416291865e+24
2.078224973328573e-06 1.0438476384886627e+24
2.0971945724766024e-06 1.0629817419939349e+24
2.116874780885784e-06 1.0830330136033241e+24
2.1361919922127376e-06 1.102907287859277e+24
2.156239675142784e-06 1.1236941328854864e+24
2.1759037339129394e-06 1.14428329255593e+24
2.196318479513468e-06 1.1658424896698136e+24
2.216327811856302e-06 1.1871626254232241e+24
2.237108382757227e-06 1.209560835965675e+24
2.2578713540985587e-06 1.2321429398623398e+24
2.2786047916935868e-06 1.2547986011006801e+24
2.299722537677772e-06 1.2782036277574242e+24
2.3208011767249496e-06 1.301737379762102e+24
2.3422697924809475e-06 1.325917057173442e+24
2.3641393084549505e-06 1.3507725426614925e+24
2.385962132840688e-06 1.375788934834477e+24
2.408191593705664e-06 1.4016006657644008e+24
2.4303629952539826e-06 1.427598588715462e+24
2.4529464394566192e-06 1.454198762401552e+24
2.4754595153175536e-06 1.4811230481244352e+24
2.498389667896009e-06 1.5087116485893932e+24
2.5217485956852803e-06 1.5370565104735223e+24
2.5450262750300675e-06 1.565369191020671e+24
2.568205980288052e-06 1.5940864369470782e+24
2.5923533411557833e-06 1.6243047123771888e+24
2.616407231288819e-06 1.6545183904734532e+24
2.6403496681786724e-06 1.684948143260915e+24
2.6647343408014564e-06 1.7163111548209762e+24
2.6895736160354607e-06 1.7483660651262427e+24
2.714286390455388e-06 1.780372703426026e+24
2.739457516178313e-06 1.8139838112412783e+24
2.765099864223664e-06 1.8478454737516242e+24
2.790598985778583e-06 1.8821806616490657e+24
2.8159335203748477e-06 1.916451486872533e+24
2.8423832968548867e-06 1.9525244669672338e+24
2.868671234860481e-06 1.988751457746072e+24
2.8954499628405087e-06 2.0260978993186587e+24
2.922045004892035e-06 2.063621338244664e+24
2.9491331330571854e-06 2.1018964412559975e+24
2.976014173847824e-06 2.1404450856316984e+24
3.004116971131133e-06 2.181262514264943e+24
3.0312736600956705e-06 2.2207674040825433e+24
3.059680170350575e-06 2.2625824541623554e+24
3.0878554232880982e-06 2.3045745015956012e+24
3.116554406121974e-06 2.3474446397951987e+24
3.1449944463299315e-06 2.3904986713489913e+24
3.1747704940561875e-06 2.435943316507483e+24
3.203460648275647e-06 2.480146681525058e+24
3.233516573044457e-06 2.5270165001786525e+24
3.2632832958368175e-06 2.573633465470208e+24
3.29360315656267e-06 2.6215836575797754e+24
3.3236011494164426e-06 2.6697867030513663e+24
3.355057623248129e-06 2.7205182821433307e+24
3.386190799883073e-06 2.77104298121179e+24
3.4169658746272594e-06 2.821912480319389e+24
3.449264134215063e-06 2.8753105130473544e+24
3.480225270903669e-06 2.927490252303671e+24
3.5127415319285334e-06 2.982451378542391e+24
3.5458711319724436e-06 3.0386078115834586e+24
3.5785991031934176e-06 3.095315924687158e+24
3.610885649235035e-06 3.1512884643740045e+24
3.6448305202031668e-06 3.2106400444444226e+24
3.6783288143408182e-06 3.270014611184128e+24
3.7124485609729446e-06 3.3310442181116866e+24
3.747207215575832e-06 3.393774838565654e+24
3.7814700063308684e-06 3.455792872272094e+24
3.8163651463462256e-06 3.5200176262289904e+24
3.851910304492885e-06 3.585920407043035e+24
3.886905730191597e-06 3.651294494463761e+24
3.9237833936659015e-06 3.72115098239327e+24
3.960103125046786e-06 3.79001904354392e+24
3.995814199926435e-06 3.858772171348166e+24
4.033486050315858e-06 3.93203068633053e+24
4.070539071775453e-06 4.0044846678882093e+24
4.108279169129662e-06 4.079237316373514e+24
4.146725631942373e-06 4.15582889840086e+24
4.184486708523299e-06 4.231914773704149e+24
4.222941828036617e-06 4.3100924359115343e+24
4.2621103025666715e-06 4.3902699383459164e+24
4.302012167396526e-06 4.472654161030836e+24
4.341148737148908e-06 4.5546476103379985e+24
4.382551427330124e-06 4.6417670868937276e+24
4.423174007405198e-06 4.7284268300639343e+24
4.462950752076108e-06 4.8140291864474714e+24
4.505084637171961e-06 4.905194316795752e+24
4.546355108380938e-06 4.995485953711536e+24
4.5883887170013235e-06 5.088214177570603e+24
4.631206827462329e-06 5.183631841734917e+24
4.6730708439817624e-06 5.277831212427642e+24
4.717491669494898e-06 5.378650743871815e+24
4.760937486865534e-06 5.478045101820883e+24
4.80519097241347e-06 5.580542660122208e+24
4.8483794805672445e-06 5.681178298212134e+24
4.894281298134746e-06 5.789238630478232e+24
4.939093587090597e-06 5.895712882564268e+24
4.984734066199912e-06 6.005520201695348e+24
5.031225908666497e-06 6.118016961131694e+24
5.078593160364953e-06 6.233639907589539e+24
5.124743118864759e-06 6.347400933836056e+24
5.171739512618416e-06 6.464334120442662e+24
5.219605843824813e-06 6.584669334102093e+24
5.268366492896637e-06 6.7078548947517e+24
5.318046759867801e-06 6.835132082532449e+24
5.366350817807777e-06 6.960018656708495e+24
5.415540415002873e-06 7.08810037791396e+24
5.465640128093207e-06 7.219997886219137e+24
5.516675451654771e-06 7.426739989686737e+24
5.568672841459417e-06 7.911046124661028e+24
5.619113718646549e-06 8.375813590750772e+24
5.6704767325281446e-06 8.844534763956034e+24
5.722787403492427e-06 9.317094710930312e+24
5.776072202407626e-06 9.793562391681564e+24
5.8303585952873965e-06 1.0274581432949364e+25
5.882884348398094e-06 1.0735372205254442e+25
5.939206840962939e-06 1.1224712420800152e+25
5.9937212998896524e-06 1.1694261114099244e+25
6.0492457780456266e-06 1.2167878447860312e+25
6.105808607663179e-06 1.2645863248783718e+25
6.160378893133853e-06 1.3103596794074981e+25
6.219049168306557e-06 1.3591442876117777e+25
6.275671770749409e-06 1.4057819409056848e+25
6.333334911062572e-06 1.4529321969244539e+25
6.392067537749398e-06 1.5005490823295136e+25
6.451899683188549e-06 1.5487084531294857e+25
6.512862514840725e-06 1.5973712319866044e+25
6.571505874349353e-06 1.6438272905932245e+25
6.631214906879519e-06 1.6908120425932e+25
6.692018927061262e-06 1.738302501317244e+25
6.7539483346606315e-06 1.7863676267731907e+25
6.81703466525911e-06 1.8349775362909777e+25
6.8813106438001e-06 1.8841965925445618e+25
6.946810241193494e-06 1.9339765235284974e+25
7.009606265972644e-06 1.981457787584818e+25
7.073547942287104e-06 2.02953440637541e+25
7.138666910685604e-06 2.0781305238916175e+25
7.2049959876722295e-06 2.127402449484559e+25
7.272569220850868e-06 2.1774145458281716e+25
7.341421947202118e-06 2.2280082049044567e+25
7.407166024341242e-06 2.2760549410249732e+25
7.474098247452759e-06 2.324779783889144e+25
7.546838862999745e-06 2.377442243200256e+25
7.616330933561437e-06 2.4276911022374118e+25
7.687114678297138e-06 2.478399694660097e+25
7.754376931732238e-06 2.526441833446767e+25
7.827762202379545e-06 2.5787135193801846e+25
7.902549739344956e-06 2.6320885654388805e+25
7.97365237196117e-06 2.682521317830233e+25
8.046046102964708e-06 2.7337126303076942e+25
8.119766420662029e-06 2.785708476209832e+25
8.194850126005006e-06 2.838600802213703e+25
8.27133539384772e-06 2.892113768288041e+25
8.349261837665935e-06 2.946753081156898e+25
8.428670577969824e-06 3.002173940781132e+25
8.503771823695394e-06 3.0543077066989157e+25
8.586161308492443e-06 3.11156749986523e+25
8.664108303611439e-06 3.1657930526871013e+25
8.743483503010276e-06 3.2205243122330597e+25
8.82432652259714e-06 3.276657758604865e+25
8.906678457122455e-06 3.3398481124443588e+25
8.99058194983448e-06 3.409106946972685e+25
9.069446703780395e-06 3.4742051943620898e+25
9.156459845587883e-06 3.545854642495138e+25
9.238274825593134e-06 3.6128148100958765e+25
9.328573752459835e-06 3.686510071794447e+25
9.413507656124113e-06 3.755607999637866e+25
9.500002366593858e-06 3.8259701942914614e+25
9.588101306624096e-06 3.89706796236185e+25
9.677849524782825e-06 3.969705837273755e+25
9.761607467168829e-06 4.0371487249292915e+25
9.85464899981857e-06 4.112246173453716e+25
9.949481227563417e-06 4.1881021820642465e+25
1.0038028390591894e-05 4.259406830158144e+25
1.0128165788384964e-05 4.331561985015236e+25
1.0228361987445657e-05 4.411463647418329e+25
1.032196596570015e-05 4.486262269242166e+25
1.0417298984694862e-05 4.577312466244065e+25
1.0514409398958966e-05 4.6728680504240505e+25
1.0613347383038135e-05 4.770262568146135e+25
1.0704920699544073e-05 4.859864604983654e+25
1.0807493981508344e-05 4.959833629664618e+25
1.090246317291e-05 5.052171080145952e+25
1.1008875856940179e-05 5.1551053851635274e+25
1.1107433384755221e-05 5.250362142642925e+25
1.1207771536379025e-05 5.3468601802632135e+25
1.1320258294499616e-05 5.454851552521471e+25
1.1424496400342155e-05 5.554659670517492e+25
1.1530672017445707e-05 5.6563067220556025e+25
1.162793166895181e-05 5.749011959245407e+25
1.1737940483227607e-05 5.854015064497752e+25
1.1850050707518224e-05 5.960351396568182e+25
1.1952796811918672e-05 6.0577229276209685e+25
1.2069069154447062e-05 6.168058940145359e+25
1.2175665447273385e-05 6.268924444928067e+25
1.2296336066175995e-05 6.383145204560125e+25
1.2407003090771581e-05 6.487688576426984e+25
1.2522207398840916e-05 6.628688805765473e+25
1.2638283682155017e-05 6.770516555197863e+25
1.2755220613520696e-05 6.9128040380158e+25
1.2873005904515024e-05 7.055091520833736e+25
1.2991626273059245e-05 7.198183537076284e+25
1.3112453065706594e-05 7.343137473530224e+25
1.3232725139474808e-05 7.487217916551655e+25
1.3355223994371992e-05 7.6330683331073945e+25
1.3480012049947392e-05 7.781539229960547e+25
1.3604170055670592e-05 7.928355086625775e+25
1.3730636443970319e-05 8.07820518363551e+25
1.3856380490028569e-05 8.226124400426012e+25
1.398444893008519e-05 8.376756044191097e+25
1.4114906815439796e-05 8.529709341553088e+25
1.424455004681008e-05 8.681881092159643e+25
1.4376596860685493e-05 8.835937749646809e+25
1.4509417718128382e-05 8.990867900566536e+25
1.4644715640665226e-05 9.148510478460733e+25
1.4779038821645717e-05 9.30440606949002e+25
1.4915848870848256e-05 9.463565767556485e+25
1.5055215496628541e-05 9.625185039235458e+25
1.519348896739111e-05 9.785494070765676e+25
1.5334325906280535e-05 9.948607475947556e+25
1.5475867644719448e-05 1.0112456454546325e+26
1.5620046696174718e-05 1.0330760852659684e+26
1.5764934041641144e-05 1.0564006585802396e+26
1.591049383274119e-05 1.079706842559098e+26
1.605668835352864e-05 1.102999234536387e+26
1.6205594423682837e-05 1.126613439883531e+26
1.6355131941433668e-05 1.1502207492298954e+26
1.650745488394303e-05 1.1741774559492603e+26
1.6660404311496683e-05 1.1981272666678403e+26
1.6813935615627565e-05 1.222090869387978e+26
1.6970322925415922e-05 1.2463647921433479e+26
1.7127282013765297e-05 1.270666298901849e+26
1.728476329168512e-05 1.2949517149918553e+26
1.7445167450466226e-05 1.3196554884626778e+26
1.760607789239617e-05 1.3443201845957454e+26
1.776998437520994e-05 1.3693894461080606e+26
1.7934378564283868e-05 1.3944724996219324e+26
1.8099202174721487e-05 1.419544059801181e+26
1.826708346697818e-05 1.4450270813604615e+26
1.8435368634133105e-05 1.4705376869228751e+26
1.860678327950147e-05 1.496448260530688e+26
1.877857286328376e-05 1.5223703274731357e+26
1.895356414722209e-05 1.5487682184696068e+26
1.9128897765605272e-05 1.575170706799926e+26
1.930450146378027e-05 1.601605376467225e+26
1.948335912495537e-05 1.6284652995161287e+26
1.9662445468734677e-05 1.655364299902815e+26
1.9844854591765163e-05 1.6827368256765792e+26
2.0030679836570197e-05 1.710603564839774e+26
2.021342960373343e-05 1.7379990772828e+26
2.040289934348229e-05 1.766401405840133e+26
2.0589118969086592e-05 1.7943302090103683e+26
2.0782249733285726e-05 1.8326030133547653e+26
2.0971945724766023e-05 1.8777764158158048e+26
2.116874780885784e-05 1.9243841864396584e+26
2.1361919922127373e-05 1.969854116934335e+26
2.156239675142784e-05 2.0167285329217958e+26
2.1759037339129394e-05 2.0624490181115995e+26
2.196318479513468e-05 2.1096406501350418e+26
2.216327811856302e-05 2.1556277806884558e+26
2.2371083827572267e-05 2.20318719942032e+26
2.2578713540985585e-05 2.2504661807870248e+26
2.278604791693587e-05 2.2973428954413986e+26
2.2997225376777723e-05 2.3449850661826655e+26
2.3208011767249497e-05 2.3922686448832336e+26
2.3422697924809478e-05 2.4402418236620752e+26
2.3641393084549505e-05 2.488881615849915e+26
2.3859621328406886e-05 2.5371995946678943e+26
2.4081915937056637e-05 2.586345093579806e+26
2.4303629952539823e-05 2.6352147524604073e+26
2.4529464394566193e-05 2.6847050514114554e+26
2.475459515317554e-05 2.7340114570082807e+26
2.498389667896009e-05 2.784030449352695e+26
2.5217485956852804e-05 2.8347850151139146e+26
2.545026275030068e-05 2.8850568608203307e+26
2.5682059802880522e-05 2.9352827331882222e+26
2.5923533411557836e-05 2.9874854591138304e+26
2.616407231288819e-05 3.0392284516539244e+26
2.6403496681786724e-05 3.0907185908319747e+26
2.6647343408014564e-05 3.14315118345034e+26
2.6895736160354605e-05 3.1962733761469856e+26
2.7142863904553883e-05 3.2489128487888406e+26
2.739457516178313e-05 3.303161388280005e+26
2.7650998642236638e-05 3.3576627811331994e+26
2.790598985778583e-05 3.412187160655681e+26
2.815933520374848e-05 3.466182846784806e+26
2.8423832968548864e-05 3.522477199841518e+26
2.8686712348604812e-05 3.578449739528377e+26
2.8954499628405086e-05 3.63557161267902e+26
2.922045004892035e-05 3.692417645798378e+26
2.9491331330571855e-05 3.7500222390038154e+26
2.9760141738478244e-05 3.807419952185776e+26
3.0041169711311335e-05 3.867622039019398e+26
3.0312736600956707e-05 3.9255254589254403e+26
3.059680170350574e-05 3.986256239152427e+26
3.087855423288099e-05 4.046711179348066e+26
3.1165544061219745e-05 4.147921484169927e+26
3.144994446329932e-05 4.284462299668875e+26
3.1747704940561877e-05 4.426014209069968e+26
3.203460648275647e-05 4.5611528377431016e+26
3.233516573044457e-05 4.701601387018955e+26
3.2632832958368175e-05 4.8391995893046066e+26
3.2936031565626704e-05 4.978176991746793e+26
3.3236011494164424e-05 5.114832740592103e+26
3.355057623248129e-05 5.256637503355236e+26
3.386190799883073e-05 5.395637892466717e+26
3.4169658746272596e-05 5.5324545479969545e+26
3.4492641342150625e-05 5.674397230775742e+26
3.480225270903669e-05 5.809949619495827e+26
3.5127415319285335e-05 5.950949848834339e+26
3.5458711319724434e-05 6.0931223983058766e+26
3.578599103193418e-05 6.2332951075504e+26
3.610885649235035e-05 6.370180723088491e+26
3.644830520203167e-05 6.513042872638335e+26
3.6783288143408185e-05 6.653399475237084e+26
3.712448560972944e-05 6.795411118023676e+26
3.747207215575832e-05 6.939192734344567e+26
3.781470006330868e-05 7.079664270289696e+26
3.816365146346226e-05 7.222365513154563e+26
3.851910304492884e-05 7.366813742884394e+26
3.8869057301915976e-05 7.508112798923498e+26
3.923783393665901e-05 7.656583695776626e+26
3.960103125046786e-05 7.801491658891983e+26
3.995814199926435e-05 7.943687195032835e+26
4.033486050315858e-05 8.093054571987742e+26
4.070539071775452e-05 8.239042908559105e+26
4.1082791691296624e-05 8.38735289872733e+26
4.1467256319423736e-05 8.53754779577614e+26
4.184486708523298e-05 8.684685465811276e+26
4.222941828036617e-05 8.833937909419841e+26
4.262110302566672e-05 8.985236166593873e+26
4.3020121673965253e-05 9.138810104026275e+26
4.341148737148909e-05 9.289395774452866e+26
4.382551427330124e-05 9.447796912433213e+26
4.423174007405198e-05 9.603117836730585e+26
4.462950752076108e-05 9.754829853951623e+26
4.505084637171961e-05 9.914817072112004e+26
4.546355108380938e-05 1.007131031654242e+27
4.588388717001324e-05 1.0230286121254649e+27
4.631206827462329e-05 1.0392043312949297e+27
4.673070843981763e-05 1.0549961730874842e+27
4.717491669494897e-05 1.0717235723195677e+27
4.7609374868655334e-05 1.0880464061723954e+27
4.8051909724134705e-05 1.1046864560612371e+27
4.8483794805672445e-05 1.1208851618999742e+27
4.894281298134746e-05 1.1380952811868546e+27
4.9390935870905965e-05 1.1548824457590541e+27
4.984734066199911e-05 1.172016709037322e+27
5.0312259086664966e-05 1.189422215013045e+27
5.078593160364953e-05 1.2071495343586363e+27
5.1247431188647585e-05 1.224428613653342e+27
5.1717395126184165e-05 1.2420364023186893e+27
5.219605843824813e-05 1.259984393689335e+27
5.268366492896637e-05 1.27823351042748e+27
5.318046759867801e-05 1.2968940885456709e+27
5.366350817807777e-05 1.3150581546075005e+27
5.415540415002872e-05 1.3335486313730506e+27
5.465640128093207e-05 1.352432180183213e+27
5.516675451654771e-05 1.371667425033303e+27
5.568672841459417e-05 1.3913072352626416e+27
5.6191137186465493e-05 1.4103677814262383e+27
5.6704767325281444e-05 1.4298397889698647e+27
5.722787403492426e-05 1.4497094658919707e+27
5.776072202407626e-05 1.4699768121925437e+27
5.830358595287397e-05 1.4907130865463468e+27
5.882884348398094e-05 1.5107896434919325e+27
5.939206840962939e-05 1.5323810219427987e+27
5.993721299889652e-05 1.5533586563239996e+27
6.049245778045627e-05 1.5747592454198764e+27
6.10580860766318e-05 1.5966126719005012e+27
6.160378893133854e-05 1.6178086796398207e+27
6.219049168306556e-05 1.6426963464648607e+27
6.275671770749408e-05 1.6890190823896845e+27
6.333334911062573e-05 1.735711903689852e+27
6.392067537749397e-05 1.7824759836647715e+27
6.451899683188549e-05 1.8294170609931276e+27
6.512862514840725e-05 1.8767512103661017e+27
6.571505874349354e-05 1.9215844101218476e+27
6.631214906879519e-05 1.9665969058979432e+27
6.692018927061263e-05 2.0118875403722886e+27
6.753948334660632e-05 2.0575390655542472e+27
6.81703466525911e-05 2.1032572520771268e+27
6.8813106438001e-05 2.149228291962039e+27
6.946810241193494e-05 2.195438393207417e+27
7.009606265972643e-05 2.2392877635181566e+27
7.073547942287104e-05 2.2833922858578465e+27
7.138666910685605e-05 2.3275611708715186e+27
7.20499598767223e-05 2.3721782959360894e+27
7.272569220850867e-05 2.417071261031936e+27
7.341421947202118e-05 2.4619872127970785e+27
7.407166024341242e-05 2.504581510965354e+27
7.47409824745276e-05 2.547451649164953e+27
7.546838862999744e-05 2.593241094362576e+27
7.616330933561437e-05 2.636639925955506e+27
7.687114678297137e-05 2.680383557587571e+27
7.754376931732237e-05 2.721322815567981e+27
7.827762202379545e-05 2.7655721539241114e+27
7.902549739344956e-05 2.8100053856344667e+27
7.97365237196117e-05 2.8517951503780944e+27
8.046046102964707e-05 2.8939527018301185e+27
8.119766420662029e-05 2.9365929733369473e+27
8.194850126005006e-05 2.9793711648594156e+27
8.27133539384772e-05 3.0224711697517814e+27
8.349261837665935e-05 3.0658929880139706e+27
8.428670577969823e-05 3.10963661964605e+27
8.503771823695394e-05 3.150575877626455e+27
8.586161308492443e-05 3.195238976029568e+27
8.664108303611439e-05 3.236867834088253e+27
8.743483503010275e-05 3.2788414921860604e+27
8.824326522597141e-05 3.321228910330872e+27
8.906678457122455e-05 3.363938141845524e+27
8.990581949834478e-05 3.4070151600685827e+27
9.069446703780395e-05 3.447310791309267e+27
9.156459845587883e-05 3.491146369618428e+27
9.238274825593135e-05 3.5319477075832e+27
9.328573752459834e-05 3.5767946993405016e+27
9.413507656124112e-05 3.6183775840606435e+27
9.50000236659386e-05 3.6603742288277394e+27
9.588101306624096e-05 3.703129433680944e+27
9.677849524782824e-05 3.745838665195614e+27
9.761607467168827e-05 3.7856285897122283e+27
9.85464899981857e-05 3.82955611469849e+27
9.949481227563417e-05 3.873414679676935e+27
0.00010038028390591894 3.9145608176808305e+27
0.00010128165788384963 3.9559368223774673e+27
0.00010228361987445656 4.0017492542443763e+27
0.0001032196596570015 4.043883819027134e+27
0.00010417298984694862 4.0868688905731174e+27
0.00010514409398958965 4.130060842142561e+27
0.00010613347383038135 4.17412628714448e+27
0.00010704920699544072 4.2143529583773464e+27
0.00010807493981508344 4.259085016788278e+27
0.0001090246317291 4.299932328091569e+27
0.00011008875856940179 4.345974626651247e+27
0.0001110743338475522 4.3882471114496476e+27
0.00011207771536379025 4.431117249649233e+27
0.00011320258294499617 4.4786996550504e+27
0.00011424496400342156 4.522558220028846e+27
0.00011530672017445707 4.566738598377144e+27
0.00011627931668951809 4.6075169496726194e+27
0.00011737940483227608 4.6532834082009933e+27
0.00011850050707518224 4.699210773414266e+27
0.0001195279681191867 4.74171312490544e+27
0.00012069069154447063 4.7887438502439385e+27
0.00012175665447273385 4.8322576151832584e+27
0.00012296336066175997 4.880874420701835e+27
0.0001240700309077158 4.926732825907281e+27
0.0001243186682442042 4.94576578806773e+27
0.0001248189445751668 4.976361044873975e+27
0.00012532326354314729 5.027644304028576e+27
0.00012583167434859614 5.090949591214434e+27
0.00012634422699360061 5.20048107031416e+27
0.0001268609722982779 5.600678982407881e+27
0.0001273819619175727 6.626367152168573e+27
0.0001279072483584699 7.627896332520294e+27
0.0001284368849976354 7.289141787401115e+27
0.00012897092609949666 5.343550099887497e+27
0.0001295094268347764 5.333068178697691e+27
0.00013005244329949246 5.350951807394337e+27
0.00013060003253443769 5.356744448051883e+27
0.0001311522525451541 5.395109199073366e+27
0.00013170916232241593 5.45135757879152e+27
0.00013227082186323646 5.514180145922619e+27
0.0001328372921924152 5.551096736779757e+27
0.00013340863538464063 5.631205279206332e+27
0.0001339849145871661 5.723565716356967e+27
0.00013456619404307571 5.698303366822696e+27
0.00013515253911515883 5.706440647746388e+27
0.00013574401631041117 5.864359065671933e+27
0.0001363406933051822 6.008140681992822e+27
0.00013694263897098873 5.930882486556463e+27
0.00013754992340101529 5.84387794334712e+27
0.00013816261793732273 5.897505842767791e+27
0.00013878079519878727 5.951156728857813e+27
0.00013940452910979302 5.99361310701042e+27
0.00014003389492970182 6.013243722572056e+27
0.00014066896928312448 6.069997809014286e+27
0.00014130983019102028 6.182977288505414e+27
0.00014195655710264968 6.277866259276399e+27
0.00014260923092840897 6.241731215174676e+27
0.00014326793407357484 6.273406845436865e+27
0.00014393275047298816 6.307312182618841e+27
0.0001446037656267084 6.336712132622762e+27
0.00014528106663666955 6.38445544470882e+27
0.00014596474224437152 6.428980623096276e+27
0.00014665488286964043 6.488768949882925e+27
0.00014735158065049382 6.566119091996403e+27
0.00014805492948414772 6.623263951816321e+27
0.0001487650250692036 6.643377287432738e+27
0.0001494819649490552 6.687189879072674e+27
0.00015020584855655666 6.74127751187891e+27
0.00015093677725999487 6.800261305240897e+27
0.0001516748544104105 6.870922326595049e+27
0.00015242018539031425 6.944985375002044e+27
0.00015317287766384669 7.013255782751573e+27
0.00015393304082843152 7.166025186759282e+27
0.0001547007866679748 7.260638317498975e+27
0.0001554762292076639 7.176070361232877e+27
0.00015625948477042292 7.20034428398821e+27
0.00015705067203508329 7.258546530594865e+27
0.00015784991209633054 7.322104671142775e+27
0.00015865732852649077 7.389432625451903e+27
0.0001594730474392234 7.456967459784582e+27
0.00016029719755518835 7.522755307252252e+27
0.00016112991026976078 7.596749395651389e+27
0.00016197131972286657 7.667732230375468e+27
0.00016282156287101808 7.717107595980137e+27
0.00016368077956163034 7.812893046852893e+27
0.00016454911260970265 8.058827421435915e+27
0.0001654267078769544 8.767598381889547e+27
0.00016631371435350646 9.570890526405715e+27
0.00016721028424220458 9.040817932903057e+27
0.00016811657304568537 8.168841620590411e+27
0.00016903273965628856 8.218262959533646e+27
0.00016995894644892577 8.309979769944598e+27
0.00017089535937701898 8.50044731156482e+27
0.00017184214807162854 8.8417533769736e+27
0.00017279948594389389 8.931631253842489e+27
0.0001737675502909185 8.638505247235977e+27
0.00017474652240523353 8.739002965310263e+27
0.0001757365876879827 8.828559028809294e+27
0.0001767379357659769 9.042358039744536e+27
0.00017775076061277335 1.0266926872080523e+28
0.0001787752606739421 1.2133720257316293e+28
0.00017981163899668956 1.0092825838984658e+28
0.00018086010336401721 9.251628676832503e+27
0.00018192086643360088 9.325622765231671e+27
0.00018299414588158672 9.455727313333347e+27
0.00018408016455150712 9.539008016120001e+27
0.00018517915060853107 9.61718567832739e+27
0.00018629133769927297 9.765771508526979e+27
0.0001874169651173955 9.795975991955491e+27
0.00018855627797525196 9.926195473403579e+27
0.00018970952738182843 1.0166750967376021e+28
0.0001908769706272551 1.0193852250452344e+28
0.00019205887137417306 1.019982878446409e+28
0.00019325549985625513 1.03013609026558e+28
0.00019416280267248168 1.0384296805403329e+28
0.00019477241900740314 1.0440361291767269e+28
0.00019538587544522173 1.0498701458389574e+28
0.00019600320838501707 1.05676844528866e+28
0.00019662445468734675 1.0647126381904197e+28
0.00019724965168158314 1.0737716845520547e+28
0.00019787883717339042 1.0806033226608573e+28
0.0001985120494523453 1.0864810139947128e+28
0.00019914932729970432 1.0914507318921634e+28
0.00019979070999632173 1.0939149028385425e+28
0.0002004362373307202 1.096413553788829e+28
0.00020108594960731896 1.1024636451422541e+28
0.00020173988765482244 1.1089481845449855e+28
0.00020239809283477292 1.1163636840534032e+28
0.00020306060705027138 1.1236159782099536e+28
0.00020372747275486996 1.1296223948917472e+28
0.00020439873296164052 1.1344748807759001e+28
0.00020507443125242282 1.140529569463175e+28
0.00020575461178725673 1.1480668983187497e+28
0.000206439319314003 1.158691336858073e+28
0.00020712859917815658 1.1765312908831124e+28
0.0002078224973328573 1.200492594936332e+28
0.00020852106034910219 1.2150891299265394e+28
0.0002092243354261649 1.2152362446099006e+28
0.00020993237040222638 1.2147788098913086e+28
0.00021064521376522205 1.2213644906388613e+28
0.00021136291466391106 1.210958425457653e+28
0.0002120855229191723 1.2091654652541302e+28
0.0002128130890355331 1.2165143034216433e+28
0.000213545664212936 1.2240079576055934e+28
0.00021428330035874922 1.2301614889707594e+28
0.00021502605010002737 1.2365632763640965e+28
0.00021577396679602745 1.2444752879288689e+28
0.00021652710455098744 1.2537504089817013e+28
0.00021728551822717304 1.2632576953942159e+28
0.0002180492634582 1.2711972909621268e+28
0.00021881839666263808 1.2805758520266996e+28
0.00021959297505790405 1.2927840720791398e+28
0.00022037305667445078 1.3136352797793183e+28
0.00022115870037025991 1.3709962142904473e+28
0.00022194996584564544 1.460940752500174e+28
0.00022274691365837667 1.5005674716649302e+28
0.00022354960523912758 1.4306213357252446e+28
0.00022435810290726186 1.338516050603574e+28
0.00022517246988696153 1.3435133525041622e+28
0.0002259927703237082 1.3538688470129569e+28
0.00022681906930112578 1.368929712722536e+28
0.00022765143285819413 1.3810436874309491e+28
0.00022848992800684312 1.3826251702771328e+28
0.00022933462274993678 1.3821240608869125e+28
0.00023018558609965825 1.3904268458293758e+28
0.00023104288809630503 1.399467502855596e+28
0.00023190659982750617 1.4081012958356237e+28
0.00023277679344787204 1.4171074728579385e+28
0.00023365354219908812 1.4274376820305255e+28
0.00023453692043046465 1.4394666060626172e+28
0.00023542700361995408 1.4533643463068327e+28
0.00023632386839564913 1.4697032708281614e+28
0.00023722759255777402 1.4899959024649355e+28
0.00023813825510118195 1.4959977218128807e+28
0.0002390559362383734 1.4878098702168002e+28
0.00023998071742304796 1.4969309805854778e+28
0.00024091268137420543 1.5140353611936896e+28
0.00024185191210081053 1.5296065309611926e+28
0.00024279849492703682 1.5404631348602115e+28
0.0002437525165181057 1.5371323664821288e+28
0.00024471406490673725 1.5452029860649028e+28
0.00024568322952022933 1.5558182299365286e+28
0.0002466601012081825 1.5681275913337777e+28
0.0002476447722708898 1.5805472887435626e+28
0.0002486373364884084 1.5899856151482506e+28
0.0002496378891503336 1.599830805599121e+28
0.00025064652708629457 1.6112344922269034e+28
0.0002516633486971923 1.6237829149846294e+28
0.00025268845398720123 1.6382530232938243e+28
0.0002537219445965558 1.6529759849650431e+28
0.0002547639238351454 1.6679150213274615e+28
0.0002558144967169398 1.678610718541548e+28
0.0002568737699952708 1.6928555574918385e+28
0.0002579418521989933 1.734369482204136e+28
0.0002590188536695528 1.8698460149156168e+28
0.0002601048865989849 2.098538088874778e+28
0.00026120006506887537 2.1593769064473516e+28
0.0002623045050903082 1.8755099302252025e+28
0.00026341832464483187 1.7785705485548042e+28
0.0002645416437264729 1.7896846031497026e+28
0.0002656745843848304 1.8332029654228774e+28
0.00026681727076928127 1.886405611461988e+28
0.0002679698291743322 1.861223715270219e+28
0.00026913238808615143 1.8282033648553548e+28
0.00027030507823031766 1.8405081289187558e+28
0.00027148803262082234 1.8547299811997717e+28
0.0002726813866103644 1.869370190861598e+28
0.00027388527794197746 1.886594102150051e+28
0.00027509984680203057 1.9055443123011038e+28
0.00027632523587464545 1.9185524684443465e+28
0.00027756159039757453 1.9298090403887722e+28
0.00027880905821958603 1.9447319860826931e+28
0.00028006778985940363 1.963507497547265e+28
0.00028133793856624896 1.9908018686454924e+28
0.00028261966038204057 2.0135770605640582e+28
0.00028391311420529936 2.0143494126517362e+28
0.00028521846185681793 2.028768950288513e+28
0.0002865358681471497 2.0477490431096356e+28
0.0002878655009459763 2.0840197085601033e+28
0.0002892075312534168 2.1230878516614595e+28
0.0002905621332733391 2.123391275695898e+28
0.00029192948448874303 2.132827303433664e+28
0.00029330976573928086 2.19921280430252e+28
0.00029470316130098765 2.2465009803369293e+28
0.00029610985896829544 2.192555864880206e+28
0.0002975300501384072 2.1879470376903946e+28
0.0002989639298981104 2.2211926574641414e+28
0.0003004116971131133 2.2411634757310577e+28
0.00030187355451998974 2.277958237241028e+28
0.000303349708820821 2.318550396515365e+28
0.0003048403707806285 2.4008196858538758e+28
0.00030634575532769337 2.6022748553880077e+28
0.00030786608165686303 2.5331999142138833e+28
0.0003094015733359496 2.3684544555133876e+28
0.0003109524584153278 2.3631905082491973e+28
0.00031251896954084585 2.389303364546632e+28
0.00031410134407016657 2.4201744613841998e+28
0.0003156998241926611 2.431575849345042e+28
0.00031731465705298154 2.443896704076939e+28
0.0003189460948784468 2.473457560765763e+28
0.0003205943951103767 2.493869723082776e+28
0.00032225982053952156 2.5174770324291538e+28
0.00032394263944573315 2.5404407150357997e+28
0.00032564312574203617 2.5687602915837257e+28
0.0003273615591232607 2.5996313884212833e+28
0.0003290982252194053 2.620595230800916e+28
0.0003308534157539088 2.6612126754114628e+28
0.0003326274287070129 2.710013374284225e+28
0.00033442056848440916 2.6993705464094893e+28
0.00033623314609137074 2.720541268812607e+28
0.0003380654793125771 2.7485390319906765e+28
0.00033991789289785154 2.7647216471609158e+28
0.00034179071875403797 2.798190237626649e+28
0.0003436842961432571 2.8204413334857313e+28
0.00034559897188778777 2.8604611246951105e+28
0.000347535100581837 2.9022508894387332e+28
0.00034949304481046706 2.980152711614812e+28
0.0003514731753759654 3.0007487672860336e+28
0.0003534758715319538 2.9782448180649e+28
0.0003555015212255467 3.030884290706754e+28
0.0003575505213478842 3.0520779997791507e+28
0.0003596232779933791 3.06442184118032e+28
0.00036172020672803443 3.1001890985736436e+28
0.00036384173286720177 3.1346001424797027e+28
0.00036598829176317344 3.1645747592154827e+28
0.00036816032910301423 3.2025257501900372e+28
0.00037035830121706214 3.2413962079355967e+28
0.00037258267539854595 3.2854846396068066e+28
0.000374833930234791 3.414141027544131e+28
0.0003771125559505039 3.5347290945655883e+28
0.00037941905476365686 3.401567319450203e+28
0.0003817539412545102 3.4256803355206175e+28
0.0003841177427483461 3.459125939317087e+28
0.00038651099971251027 3.4986170371331046e+28
0.00038832560534496336 3.5288215205616735e+28
0.0003895448380148063 3.5520380565303426e+28
0.00039077175089044345 3.5779670194735847e+28
0.00039200641677003415 3.615251397039109e+28
0.0003932489093746935 3.671109003379589e+28
0.00039449930336316627 3.7185075154265407e+28
0.00039575767434678083 3.7304605834500044e+28
0.0003970240989046906 3.7543897061662372e+28
0.00039829865459940864 3.916767537931323e+28
0.00039958141999264346 4.291335313782397e+28
0.0004008724746614404 4.705784960827172e+28
0.0004021718992146379 4.828763641453326e+28
0.00040347977530964487 4.435392770134566e+28
0.00040479618566954584 3.8569792111446567e+28
0.00040612121410054275 3.8455778231838062e+28
0.0004074549455097399 3.867576065680862e+28
0.00040879746592328105 3.8812071605614874e+28
0.00041014886250484564 3.90982556380998e+28
0.00041150922357451346 3.920330471669077e+28
0.000412878638628006 3.9426275408667317e+28
0.00041425719835631316 3.966901463622081e+28
0.0004156449946657146 3.991290319723847e+28
0.00041704212069820437 4.0166446159351655e+28
0.0004184486708523298 4.044113685719914e+28
0.00041986474080445276 4.076042169344137e+28
0.0004212904275304441 4.106683399488939e+28
0.0004227258293278221 4.126520895074047e+28
0.0004241710458383446 4.145140097187542e+28
0.0004256261780710662 4.171827620216893e+28
0.000427091328425872 4.206353597469322e+28
0.00042856660071749844 4.253660162839162e+28
0.00043005210020005474 4.310713075981975e+28
0.0004315479335920549 4.312391102839132e+28
0.0004330542091019749 4.339377452569044e+28
0.0004345710364543461 4.36369734866299e+28
0.0004360985269164 4.452425892068012e+28
0.00043763679332527617 4.631905805774368e+28
0.0004391859501158081 4.777848169007153e+28
0.00044074611334890155 4.730058883582523e+28
0.00044231740074051983 4.531660941062115e+28
0.0004438999316912909 4.515685205915345e+28
0.00044549382731675334 4.536718008302811e+28
0.00044709921047825517 4.5683246785571815e+28
0.0004487162058145237 4.602827669140333e+28
0.00045034493977392305 4.616159937320352e+28
0.0004519855406474164 4.665581276263593e+28
0.00045363813860225155 4.689694292334035e+28
0.00045530286571638826 4.725001816341823e+28
0.00045697985601368625 4.771411901609907e+28
0.00045866924549987356 4.824166307598153e+28
0.0004603711721993165 4.857910738095197e+28
0.00046208577619261007 4.8689673260169e+28
0.00046381319965501234 4.862094311903397e+28
0.0004655535868957441 4.925192719065811e+28
0.00046730708439817625 4.958891176224286e+28
0.0004690738408609293 5.015783182682166e+28
0.00047085400723990815 5.119476047785841e+28
0.00047264773679129825 5.211767524928658e+28
0.00047445518511554804 5.191079522580325e+28
0.0004762765102023639 5.160139465734939e+28
0.0004781118724767468 5.166506773124388e+28
0.0004799614348460959 5.206227737633175e+28
0.00048182536274841086 5.25590192993841e+28
0.00048370382420162106 5.277486412388485e+28
0.00048559698985407363 5.335091005593971e+28
0.0004875050330362114 5.34731991364873e+28
0.0004894281298134745 5.384121571159461e+28
0.0004913664590404587 5.389040718384523e+28
0.000493320202416365 5.46183949998135e+28
0.0004952895445417796 5.50068697105767e+28
0.0004972746729768168 5.509283985366836e+28
0.0004992757783006672 5.587875407621231e+28
0.0005012930541725891 5.622516318220025e+28
0.0005033266973943845 5.680994404857959e+28
0.0005053769079744025 5.730070943762037e+28
0.0005074438891931116 5.738162251347135e+28
0.0005095278476702908 5.779446309366709e+28
0.0005116289934338796 5.838131276028113e+28
0.0005137475399905416 5.866473839245318e+28
0.0005158837043979866 5.914768831394033e+28
0.0005180377073391056 5.962351236795188e+28
0.0005202097731979698 6.0178180697579555e+28
0.0005224001301377507 6.069905862337204e+28
0.0005246090101806164 6.110822133648318e+28
0.0005268366492896637 6.202424010712824e+28
0.0005290832874529458 6.290945674094424e+28
0.0005313491687696608 6.28588860685372e+28
0.0005336345415385625 6.302416022063106e+28
0.0005359396583486644 6.363790429029792e+28
0.0005382647761723029 6.40907416750334e+28
0.0005406101564606353 6.454909586039542e+28
0.0005429760652416447 6.496492470759658e+28
0.0005453627732207288 6.5399832490296924e+28
0.0005477705558839549 6.596070722062948e+28
0.0005501996936040611 6.651560541694998e+28
0.0005526504717492909 6.689212705968929e+28
0.0005551231807951491 6.742817618720359e+28
0.0005576181164391721 6.804812665757536e+28
0.0005601355797188073 6.878232087424788e+28
0.0005626758771324979 6.970730444591083e+28
0.0005652393207640811 7.178392014829713e+28
0.0005678262284105987 7.29985357528368e+28
0.0005704369237136359 7.204275004434426e+28
0.0005730717362942994 7.221446046383503e+28
0.0005757310018919526 7.259075223988209e+28
0.0005784150625068336 7.274292399048832e+28
0.0005811242665466782 7.3254377381877895e+28
0.0005838589689774861 7.396719399612364e+28
0.0005866195314785617 7.47397759504875e+28
0.0005894063226019753 7.529766241381404e+28
0.0005922197179365909 7.5923129684811555e+28
0.0005950601002768144 7.650974948473301e+28
0.0005979278597962208 7.714739969044705e+28
0.0006008233942262266 7.780688723197337e+28
0.0006037471090399795 7.844384783760875e+28
0.000606699417641642 7.917988098782388e+28
0.000609680741561257 8.05216128734586e+28
0.0006126915106553867 8.069378302633532e+28
0.0006157321633137261 8.120845455142315e+28
0.0006188031466718993 8.193345410038547e+28
0.0006219049168306556 8.267132618414276e+28
0.0006250379390816917 8.341839293560966e+28
0.0006282026881403331 8.421901862649016e+28
0.0006313996483853221 8.503734405271287e+28
0.0006346293141059631 8.606025083549134e+28
0.0006378921897568936 8.688432292903288e+28
0.0006411887902207534 8.76888563536899e+28
0.0006445196410790431 8.821318227987365e+28
0.0006478852788914663 8.91319594508317e+28
0.0006512862514840723 9.009831902719136e+28
0.0006547231182465214 9.142143171071307e+28
0.0006581964504388106 9.607278423869533e+28
0.0006617068315078176 1.0671768091367973e+29
0.0006652548574140258 1.1216644099884227e+29
0.0006688411369688183 1.0307268476659725e+29
0.0006724662921827415 9.552064444268764e+28
0.0006761309586251542 9.6173695716816e+28
0.0006798357857957031 9.72795843756803e+28
0.0006835814375080759 9.805745326397746e+28
0.0006873685922865142 9.90872560475385e+28
0.0006911979437755755 1.0003039908793002e+29
0.000695070201163674 1.0106135120495433e+29
0.0006989860896209341 1.0233136468244885e+29
0.0007029463507519308 1.0328554132409195e+29
0.0007069517430639076 1.0418546942624414e+29
0.0007110030424510934 1.0540468236463875e+29
0.0007151010426957684 1.0620231978851323e+29
0.0007192465559867583 1.0762082714953028e+29
0.0007234404134560689 1.0872993394209332e+29
0.0007276834657344035 1.1047508187352114e+29
0.0007319765835263469 1.1242733969512445e+29
0.0007363206582060285 1.1253376797387174e+29
0.0007407166024341243 1.1341185874021179e+29
0.0007451653507970919 1.1458923594052464e+29
0.000749667860469582 1.1592361209199098e+29
0.0007542251119010079 1.1664769217418305e+29
0.0007588381095273137 1.1838502463805632e+29
0.0007635078825090204 1.1973503172463151e+29
0.0007682354854966923 1.2044508993856374e+29
0.0007730219994250205 1.2241228909519745e+29
0.0007766512106899267 1.234731238822807e+29
0.0007790896760296126 1.2413422049065647e+29
0.0007815435017808869 1.2366988977128266e+29
0.0007840128335400683 1.2592718069417802e+29
0.000786497818749387 1.271721387021618e+29
0.0007889986067263325 1.2727741764744496e+29
0.0007915153486935617 1.2831940336572227e+29
0.0007940481978093812 1.2866098527116266e+29
0.0007965973091988173 1.2793299745519426e+29
0.0007991628399852869 1.2989996674513409e+29
0.0008017449493228808 1.3046107134215942e+29
0.0008043437984292758 1.302569497189899e+29
0.0008069595506192897 1.3172993548619008e+29
0.0008095923713390917 1.3193451684274604e+29
0.0008122424282010855 1.3249171370599423e+29
0.0008149098910194798 1.339697565404356e+29
0.0008175949318465621 1.3411526215695155e+29
0.0008202977250096913 1.348512953071671e+29
0.0008230184471490269 1.3578363461299857e+29
0.000825757277256012 1.3656426190160788e+29
0.0008285143967126263 1.3791886632203793e+29
0.0008312899893314292 1.394764430321744e+29
0.0008340842413964087 1.4135675257894435e+29
0.0008368973417046597 1.436448456386692e+29
0.0008397294816089055 1.4626440646935235e+29
0.0008425808550608882 1.4637175421487084e+29
0.0008454516586556442 1.4437789052187787e+29
0.0008486322223509972 1.4406366275287593e+29
0.0008515444811785574 1.4465993695389323e+29
0.000854182656851744 1.450686399336198e+29
0.0008571332014349969 1.4576605547945002e+29
0.0008601042004001095 1.4670115318559467e+29
0.0008630958671841098 1.4777577997424344e+29
0.0008661084182039498 1.4907797478872478e+29
0.0008691420729086922 1.5036821653518154e+29
0.0008721970538328 1.509686283366686e+29
0.0008752735866505523 1.5146537025972123e+29
0.0008783719002316162 1.5231932502332126e+29
0.0008814922266978031 1.533153374030474e+29
0.0008846348014810397 1.5428376577964127e+29
0.0008877998633825818 1.553170165635943e+29
0.0008909876546335067 1.5639624068609851e+29
0.0008941984209565103 1.5762878589267341e+29
0.0008974324116290475 1.5903511031897365e+29
0.0009006898795478461 1.599304410872706e+29
0.0009039710812948328 1.6051223368664447e+29
0.0009072762772045031 1.6142227592327743e+29
0.0009106057314327765 1.624748355094216e+29
0.0009139597120273725 1.6359612523670086e+29
0.0009173384909997471 1.6479005283889206e+29
0.000920742344398633 1.6623016766902788e+29
0.0009241715523852201 1.6739972940178656e+29
0.0009276263993100247 1.6815897908797003e+29
0.0009311071737914882 1.6911798293016245e+29
0.0009346141687963525 1.7030018733102284e+29
0.0009381476817218586 1.7159962374518912e+29
0.0009417080144798163 1.7301031563865272e+29
0.0009452954735825965 1.7421619630886767e+29
0.0009489103702310961 1.7511221667724324e+29
0.0009525530204047278 1.763033858791208e+29
0.0009562237449534936 1.7778786498096017e+29
0.0009599228696921918 1.7963277505704522e+29
0.0009636507254968217 1.8218544468013473e+29
0.0009674076484032421 1.8408437342901906e+29
0.0009711939797081473 1.858125112251823e+29
0.0009750100660724228 1.84762480172658e+29
0.000978856259626949 1.85239223693441e+29
0.0009827329180809173 1.8645728729837225e+29
0.00098664040483273 1.8794636373406497e+29
0.0009905790890835592 1.8929108388670635e+29
0.0009945493459536335 1.9049121788960166e+29
0.0009985515566013343 1.919844319257654e+29
0.0010025861083451783 1.9327191527191004e+29
0.001006653394788769 1.946878940993065e+29
0.001010753815948805 1.9614249053108633e+29
0.0010148877783862232 1.9758007682760274e+29
0.0010190556953405816 1.9903099539229763e+29
0.0010232579868677592 2.0052030169468513e+29
0.0010274950799810832 2.020385712003595e+29
0.0010317674087959733 2.0370257618924287e+29
0.0010360754146782113 2.0530819503816527e+29
0.0010404195463959397 2.069816245614515e+29
0.0010448002602755015 2.0833599911518952e+29
0.0010492180203612329 2.1001839343949426e+29
0.0010536732985793275 2.1188560058477618e+29
0.0010581665749058917 2.1605584212481342e+29
0.0010626983375393215 2.2399405849255918e+29
0.001067269083077125 2.29355239367781e+29
0.0010718793166973287 2.240423304980382e+29
0.0010765295523446057 2.197093433395267e+29
0.0010812203129212706 2.211386544351044e+29
0.0010859521304832894 2.22840357561601e+29
0.0010907255464414577 2.2471078284058072e+29
0.0010955411117679098 2.2641087690022828e+29
0.0011003993872081223 2.2802224241647063e+29
0.0011053009434985818 2.300275994441011e+29
0.0011102463615902981 2.319285969932189e+29
0.0011152362328783441 2.341054345736491e+29
0.0011202711594376145 2.3598574412041848e+29
0.0011253517542649959 2.3785226166562343e+29
0.0011304786415281623 2.40930176681669e+29
0.0011356524568211974 2.4332998495407343e+29
0.0011408738474272717 2.5205112727735713e+29
0.0011461434725885988 2.5717715452588597e+29
0.0011514620037839053 2.4486549446170457e+29
0.0011568301250136671 2.4921227362178097e+29
0.0011622485330933564 2.5126038585426665e+29
0.0011677179379549721 2.5354985811414655e+29
0.0011732390629571234 2.5568531968987916e+29
0.0011788126452039506 2.5790813060886163e+29
0.0011844394358731818 2.607285949290159e+29
0.0011901202005536288 2.6404327263860267e+29
0.0011958557195924416 2.65240878107878e+29
0.0012016467884524533 2.6690511296345437e+29
0.001207494218079959 2.6977384928908818e+29
0.001213398835283284 2.7478954052509395e+29
0.001219361483122514 2.9052851297831547e+29
0.0012253830213107735 3.0765817892272794e+29
0.0012314643266274521 2.9205482781823555e+29
0.0012376062933437985 2.824923733994533e+29
0.0012419422513284865 2.8313370147225243e+29
0.0012444336099068786 2.836761868671646e+29
0.0012469349839971436 2.845174989626634e+29
0.0012494464341159697 2.8550822440845482e+29
0.001251968021268575 2.8641619784485246e+29
0.001254499806953648 2.87475883298472e+29
0.0012570418531683465 2.8858613942449872e+29
0.0012595942224133585 2.8967111021432354e+29
0.0012621569776980245 2.9082044367811878e+29
0.001264730182545523 2.9218815050003485e+29
0.0012673139009981185 2.9360183066050382e+29
0.001269908197622475 2.9492356414387112e+29
0.001272513137515034 2.958154469117764e+29
0.0012751287863074594 2.9650044965619823e+29
0.0012777552101721503 2.971670630651989e+29
0.0012803924758278205 2.9803595916382948e+29
0.0012830406505451477 2.9897151660335788e+29
0.0012856998021524954 3.0018981007498155e+29
0.0012883699990417009 3.008380341485643e+29
0.0012910513101739417 3.0250456767106647e+29
0.0012937438050856704 3.039826105055088e+29
0.001296447553894627 3.054215760021814e+29
0.0012991626273059246 3.0077597014151862e+29
0.001301889096618214 3.0742601356304006e+29
0.0013046270337299243 3.084006483403396e+29
0.0013073765111455827 3.0954768313720937e+29
0.0013101376019822154 3.1042117656969405e+29
0.0013129103799758284 3.1198886741430965e+29
0.0013156949194879724 3.138714756280086e+29
0.0013184912955123888 3.160069372037411e+29
0.0013212995836817444 3.199353589829964e+29
0.0013241198602744484 3.237695354182169e+29
0.0013269522022215595 3.263578343786867e+29
0.0013297966871137813 3.262406023653797e+29
0.0013326533932085478 3.242982288115631e+29
0.001335522399437199 3.224615939364192e+29
0.0013384037854122525 3.215674125015845e+29
0.0013412976314347653 3.233511780373973e+29
0.0013442040185017963 3.1845042014777144e+29
0.001347123028313961 3.2576018097751225e+29
0.0013500547432830881 3.2702214912076056e+29
0.0013529992465399758 3.282312479246747e+29
0.0013559566219422492 3.296380320843589e+29
0.0013589269540823198 3.30768976212735e+29
0.0013619103282954534 3.320953070299555e+29
0.0013649068306679408 3.329389177923811e+29
0.0013679165480453782 3.340836539223209e+29
0.0013709395680410585 3.359432754667433e+29
0.0013739759790444717 3.360949874839657e+29
0.00137702587022992 3.331802778197775e+29
0.001380089331565248 3.396211425508894e+29
0.001383166453820689 3.41271585404902e+29
0.0013862573285778302 3.4277261490861865e+29
0.0013893620482386987 3.439725190448203e+29
0.0013924807060349696 3.453793032045068e+29
0.001395613396037298 3.467608020279904e+29
0.001398760213164778 3.415060494315143e+29
0.001401921253194529 3.482963115356222e+29
0.0014050966127714132 3.503076450972644e+29
0.0014082863894178865 3.517374159262253e+29
0.0014114906815439795 3.531786800898264e+29
0.001414709588457421 3.541395228655583e+29
0.001417943210373895 3.489376396084186e+29
0.0014211916484274433 3.5692090984794405e+29
0.001424455004681008 3.5875064872230924e+29
0.0014277333821371208 3.5997353952778695e+29
0.0014310268847487406 3.5425445621194005e+29
0.0014343356174302405 3.623802438009763e+29
0.0014376596860685494 3.644352520342421e+29
0.0014409991975344461 3.6124700100567334e+29
0.001444354259694014 3.6394103864480924e+29
0.0014477249814202544 3.687774338604623e+29
0.0014511114726048632 3.62525059817414e+29
0.0014545138441701736 3.7106460745341795e+29
0.001457932208081267 3.6570181751134544e+29
0.0014613666773582543 3.7306214901349395e+29
0.0014648173660887344 3.683039084733808e+29
0.0014682843894404237 3.720323462299333e+29
0.0014717678636739714 3.741494184702455e+29
0.0014752679061559547 3.7326902903697804e+29
0.0014787846353720598 3.7449191984245694e+29
0.0014823181709404517 3.747976425438263e+29
0.0014858686336253388 3.7750547218452866e+29
0.00148943614535073 3.787467523254284e+29
0.00149302082921439 3.8148906197004554e+29
0.001496622809502 3.850198143708261e+29
0.001500242211701521 3.893619961970475e+29
0.0015038791625177673 3.9327202864087916e+29
0.0015075337898871907 3.942903380898048e+29
0.0015112062229928843 3.934720126635824e+29
0.0015148965922798022 3.861415638314921e+29
0.0015186050294702057 3.8674841190037684e+29
0.001522331667579335 3.881643907277718e+29
0.0015260766409313138 3.897642629093742e+29
0.0015298400851752872 3.913457457555589e+29
0.0015336221373018022 3.9294791660409154e+29
0.0015374229356594274 3.9466961813285544e+29
0.0015412426199716248 3.962993729845176e+29
0.0015450813313538706 3.980026851778649e+29
0.0015489392123310337 3.9967381603422454e+29
0.0015528164068550163 4.0095877084674606e+29
0.0015567130603226576 4.030068830792326e+29
0.0015606293195939095 4.045423925868626e+29
0.0015645653330102875 4.064686754721853e+29
0.0015685212504136005 4.082064676694437e+29
0.0015724972231649656 4.0961555049605784e+29
0.0015764934041641143 4.114912627089731e+29
0.0015805099478689909 4.133026122479156e+29
0.001584547010315655 4.1540589248665966e+29
0.0015886047491384865 4.172471246956622e+29
0.0015926833235907036 4.190860582377367e+29
0.001596782894565197 4.199963303410605e+29
0.0016009036246156876 4.228397813304913e+29
0.001605045677978212 4.247246882111175e+29
0.0016092092205929416 4.2659580309017775e+29
0.0016133944201263434 4.286140326526038e+29
0.001617601445993687 4.308046622345978e+29
0.001621830469381906 4.335078945414465e+29
0.0016260816632728153 4.374202256522051e+29
0.001630355202466699 4.4141990610621696e+29
0.0016346512636062687 4.427140555864498e+29
0.0016389700252010012 4.4225891953478796e+29
0.001643311667651865 4.421669728576825e+29
0.0016476763732764384 4.4331170898762365e+29
0.0016520643263344314 4.452081092028891e+29
0.0016564757130536156 4.472148454306741e+29
0.0016609107216561687 4.4911354431286566e+29
0.001665369542385447 4.5130877122871676e+29
0.001669852367533187 4.532856247864448e+29
0.0016743593914671498 4.5539809969290126e+29
0.0016788908106592127 4.5745770526002235e+29
0.0016834468237139186 4.595127134932924e+29
0.001688027631397494 4.616113963981821e+29
0.001692633436667337 4.636250286267533e+29
0.0016972644447019944 4.657995675402536e+29
0.0017019208629316296 4.678040051011155e+29
0.001706602901068993 4.704244853985677e+29
0.0017113107711409076 4.7266108831911464e+29
0.0017160446875202737 4.748793019042412e+29
0.0017208048669586102 4.7937089708075566e+29
0.001725591528619135 4.840555802791857e+29
0.0017304048941104017 4.886781994705757e+29
0.0017352451875205007 4.9611208831440745e+29
0.0017401126354518344 5.083616843715407e+29
0.001745007467056481 5.1653574396605925e+29
0.001749929914072155 5.10547716619683e+29
0.0017548802108587806 4.978820618486526e+29
0.0017598585944356851 4.955121362463036e+29
0.0017648653045194281 4.972108511057926e+29
0.0017699005835622797 4.993876886862238e+29
0.0017749646767913562 5.0174841962086064e+29
0.0017800578322484332 5.041850065641079e+29
0.0017851803008304432 5.067710068576501e+29
0.0017903323363306753 5.0964434051713996e+29
0.0017955141954806918 5.135543729609723e+29
0.0018007261379929724 5.16356447945704e+29
0.0018059684266043055 5.1752187207799314e+29
0.0018112413271199387 5.189217602368988e+29
0.0018165451084585036 5.209974564725144e+29
0.0018218800426977359 5.235926514337643e+29
0.0018272464051209986 5.260384330447237e+29
0.0018326444742646352 5.289623373766201e+29
0.00183807453196616 5.317552176936429e+29
0.0018435368634133107 5.3476187403493296e+29
0.0018490317571939763 5.384995064591986e+29
0.0018545595053470225 5.4225552821888e+29
0.00186012040341403 5.444599498024421e+29
0.001865714750491967 5.462322220036139e+29
0.0018713428492868145 5.49163022336295e+29
0.0018770050061681666 5.5573261241535034e+29
0.0018827015312248225 5.6773854977816144e+29
0.0018884327383213973 5.7212440627600954e+29
0.0018941989451559664 5.818109887088795e+29
0.0019000004733187718 5.707314141178893e+29
0.0019058376483520093 5.658421495628995e+29
0.0019117107998107212 5.6760522709636115e+29
0.001917620261324819 5.702578887308045e+29
0.0019235663706622605 5.727358516787493e+29
0.001929549469793403 5.765056654399957e+29
0.0019355699049565646 5.798617191542793e+29
0.001941628026724817 5.827051701437124e+29
0.0019477241900740315 5.831580075284492e+29
0.0019538587544522174 5.8546357045682134e+29
0.0019600320838501703 5.911872511065261e+29
0.0019662445468734673 5.9428125679106656e+29
0.0019724965168158317 5.9708792910965264e+29
0.0019787883717339045 6.003819188168933e+29
0.001985120494523453 6.03737972531177e+29
0.0019914932729970434 6.071790769217817e+29
0.001997907099963217 6.096478452020172e+29
0.002004362373307202 6.129326402415458e+29
0.0020108594960731897 6.162611099526969e+29
0.0020173988765482243 6.187252808990762e+29
0.0020239809283477293 6.227502466892867e+29
0.002030606070502714 6.2606952173273074e+29
0.0020372747275486996 6.292163967566008e+29
0.0020439873296164055 6.32685085150341e+29
0.002050744312524228 6.361032028716696e+29
0.002057546117872567 6.395397099284149e+29
0.00206439319314003 6.431210330016063e+29
0.002071285991781566 6.461299880098214e+29
0.002078224973328573 6.500882924591343e+29
0.002085210603491022 6.532788421546344e+29
0.0020922433542616492 6.581060427025749e+29
0.0020993237040222643 6.633401072967027e+29
0.0021064521376522208 6.695625986696944e+29
0.0021136291466391107 6.716015162344685e+29
0.002120855229191723 6.757368180372008e+29
0.0021281308903553313 6.828649841796642e+29
0.0021354566421293597 6.90786190412144e+29
0.002142833003587492 6.948594282078408e+29
0.002150260501000274 6.937652627503055e+29
0.002157739667960275 6.93059572003537e+29
0.0021652710455098744 6.958961269921857e+29
0.0021728551822717303 6.984568419495204e+29
0.0021804926345820002 7.020726450266206e+29
0.002188183966626381 7.039115785686937e+29
0.002195929750579041 7.074997976426632e+29
0.0022037305667445078 7.126832915643841e+29
0.002211587003702599 7.164875853295465e+29
0.0022194996584564545 7.206596658031275e+29
0.0022274691365837666 7.247673836027325e+29
0.002235496052391276 7.290911760935357e+29
0.002243581029072618 7.331023498821792e+29
0.0022517246988696155 7.371916783463682e+29
0.002259927703237082 7.418878548794376e+29
0.0022681906930112575 7.467748207674995e+29
0.002276514328581941 7.547144163354019e+29
0.002284899280068431 7.674743164504632e+29
0.002293346227499368 7.759219174093609e+29
0.002301855860996583 7.7039822078236e+29
0.0023104288809630506 7.686006632449833e+29
0.002319065998275062 7.723291010015316e+29
0.0023277679344787207 7.774597255839192e+29
0.0023365354219908813 7.815398593803942e+29
0.0023453692043046465 7.868107026453597e+29
0.0023542700361995406 7.90617295077452e+29
0.0023632386839564914 7.960237596911496e+29
0.00237227592557774 8.004234081905621e+29
0.0023813825510118195 8.049012113655111e+29
0.002390559362383734 8.101513666281253e+29
0.0023998071742304798 8.147027271447613e+29
0.002409126813742055 8.193092556676527e+29
0.002418519121008105 8.247547976191169e+29
0.0024279849492703683 8.298417475298786e+29
0.002437525165181057 8.354527935001274e+29
0.002447140649067373 8.407581167690112e+29
0.0024568322952022927 8.442589864997302e+29
0.0024666010120818252 8.509871845967922e+29
0.0024764477227088985 8.542696809693951e+29
0.0024863733648840844 8.625058045709539e+29
0.002496378891503336 8.690845893177255e+29
0.002506465270862945 8.767276568519656e+29
0.0025166334869719227 8.79582601176033e+29
0.0025268845398720126 8.859499085654653e+29
0.002537219445965558 8.951629656112484e+29
0.0025476392383514536 8.96130704387769e+29
0.002558144967169398 9.104307113443173e+29
0.002568737699952708 9.085986738030241e+29
0.002579418521989934 9.13159228987365e+29
0.002590188536695528 9.202000457865791e+29
0.002601048865989849 9.270546705646597e+29
0.0026120006506887535 9.339437753466496e+29
0.002623045050903082 9.506665772448798e+29
0.0026341832464483184 9.948216702569864e+29
0.0026454164372647295 1.0531572395454124e+30
0.002656745843848304 1.0173187234773276e+30
0.0026681727076928127 9.83519124974019e+29
0.0026796982917433217 9.893232589661944e+29
0.002691323880861514 9.812618340511236e+29
0.002703050782303177 9.794458871783273e+29
0.0027148803262082234 9.918127152487705e+29
0.002726813866103644 1.0027336818217644e+30
0.002738852779419775 1.0071425249888798e+30
0.0027509984680203063 1.0099675866428945e+30
0.0027632523587464543 1.0147212298491517e+30
0.002775615903975745 1.0208494758781089e+30
0.0027880905821958605 1.0289637701325069e+30
0.002800677898594036 1.035064432158334e+30
0.0028133793856624898 1.0430431050640058e+30
0.0028261966038204056 1.0491414684229123e+30
0.002839131142052993 1.0591452668917908e+30
0.0028521846185681795 1.0582441894561724e+30
0.0028653586814714966 1.0749486020189782e+30
0.002878655009459763 1.0803619626334614e+30
0.002892075312534168 1.0878763048197547e+30
0.0029056213327333913 1.0938689294999863e+30
0.0029192948448874306 1.1033946052479324e+30
0.0029330976573928086 1.1130375130091718e+30
0.0029470316130098765 1.1259353331398897e+30
0.0029610985896829545 1.1328796059281489e+30
0.0029753005013840716 1.1353368808737434e+30
0.002989639298981104 1.1424742416839137e+30
0.0030041169711311332 1.1515286907116979e+30
0.003018735545199898 1.1544365043751005e+30
0.0030334970882082103 1.1744142186428015e+30
0.0030484037078062852 1.1943298689034585e+30
0.0030634575532769333 1.2151167139296661e+30
0.0030786608165686304 1.1965136024846662e+30
0.0030940157333594967 1.2046899607461099e+30
0.003109524584153278 1.2143121805050152e+30
0.0031251896954084587 1.208059806461965e+30
0.003141013440701666 1.2326831265903186e+30
0.003156998241926611 1.2396067113762264e+30
0.0031731465705298156 1.2524309741652652e+30
0.003189460948784468 1.249927725881119e+30
0.0032059439511037675 1.2671976105081099e+30
0.0032225982053952157 1.2791667692000855e+30
0.0032394263944573315 1.2743004913143694e+30
0.003256431257420362 1.2976020779593706e+30
0.003273615591232607 1.2986663607468466e+30
0.003290982252194053 1.306978340357019e+30
0.003308534157539088 1.3221518407460474e+30
0.0033262742870701287 1.311759567566405e+30
0.003344205684844092 1.3157707413550494e+30
0.0033623314609137075 1.293411608150365e+30
0.003380654793125771 1.291023293212601e+30
0.0033991789289785153 1.308585108539406e+30
0.0034085173326295548 1.187877510837707e+30
0.00341790718754038 1.1922656660024742e+30
0.003436842961432571 1.2020694804486547e+30
0.0034559897188778774 1.211496313518709e+30
0.00347535100581837 1.2219253653691991e+30
0.0034949304481046704 1.2320096171805435e+30
0.003514731753759654 1.2429259864196695e+30
0.0035347587153195387 1.2579270867891383e+30
0.003555015212255467 1.2888786369691528e+30
0.0035755052134788415 1.2738499525965596e+30
0.0035962327799337916 1.2853248978991006e+30
0.003617202067280344 1.291972642653694e+30
0.0036384173286720177 1.3050727454740444e+30
0.0036598829176317346 1.313295077074036e+30
0.003681603291030142 1.3241585769738326e+30
0.003703583012170621 1.3351576982223652e+30
0.0037258267539854594 1.347637160972256e+30
0.003748339302347909 1.3593672583037614e+30
0.0037711255595050393 1.370439936893966e+30
0.003794190547636569 1.3822435915671482e+30
0.003817539412545102 1.3950379716861193e+30
0.0038411774274834613 1.4170936808563643e+30
0.0038651099971251032 1.4763763009189606e+30
0.003889342661683881 1.4457695507780715e+30
0.003913881101189773 1.4433789371733803e+30
0.003938731139927485 1.4585317495600615e+30
0.003963898751045233 1.470091745538923e+30
0.003989390061341344 1.4825827016234592e+30
0.004015211356236757 1.4975263353197332e+30
0.004041369084941883 1.512800977053572e+30
0.004067869865826747 1.5247379544085643e+30
0.004094720492003822 1.538814990673128e+30
0.004121927937133415 1.5545585604602008e+30
0.004149499361462067 1.5713916983709585e+30
0.0041774421181049095 1.5816230648656726e+30
0.0042057637595835865 1.5926428741165507e+30
0.004234472044631938 1.6084875852484342e+30
0.00426357494528233 1.6250379871270956e+30
0.004285666007174984 1.631232894496953e+30
0.004300521002000548 1.6401080475043795e+30
0.00431547933592055 1.6461236588538998e+30
0.004330542091019749 1.6565343213689515e+30
0.0043457103645434605 1.6608075431873522e+30
0.0043609852691640005 1.6653336183677808e+30
0.004376367933252762 1.6750983554761852e+30
0.004391859501158082 1.6888076050323434e+30
0.0044074611334890155 1.697602304697309e+30
0.004423174007405198 1.7012663797798925e+30
0.004438999316912909 1.705383292247209e+30
0.004454938273167533 1.7216693474291933e+30
0.004470992104782552 1.7288894602487646e+30
0.004487162058145236 1.7337695301360364e+30
0.004503449397739231 1.7442307633235058e+30
0.004519855406474164 1.7686081260906133e+30
0.004536381386022515 1.8024468019316967e+30
0.004553028657163882 1.7836781864679155e+30
0.004569798560136862 1.7830345597281837e+30
0.004586692454998736 1.7942267689986333e+30
0.004603711721993166 1.7954473611371737e+30
0.004620857761926101 1.8066073890706385e+30
0.004638131996550124 1.8168318595645583e+30
0.004655535868957441 1.8204246759723932e+30
0.004673070843981763 1.8347085922604414e+30
0.004690738408609293 1.844004401315619e+30
0.004708540072399081 1.8464823642635657e+30
0.004726477367912983 1.855318439933227e+30
0.00474455185115548 1.8602398858252062e+30
0.004762765102023639 1.868816212132048e+30
0.004781118724767468 1.8844149659026933e+30
0.0047996143484609595 1.8905593026001386e+30
0.00481825362748411 1.9011377678009183e+30
0.00483703824201621 1.9045007175159834e+30
0.0048559698985407365 1.9152653747378922e+30
0.004875050330362114 1.918793828471746e+30
0.004894281298134746 1.935390203688956e+30
0.004913664590404585 1.9520141629093114e+30
0.004927324499909285 1.975168634870938e+30
0.004937128169825539 1.975398501563691e+30
0.004952895445417797 1.9782741338901054e+30
0.004972746729768169 1.9729711092881552e+30
0.004992757783006672 1.9866596708419654e+30
0.00501293054172589 1.989877804540593e+30
0.0050332669739438455 2.0042191875018327e+30
0.005053769079744025 2.014018404614168e+30
0.005074438891931116 2.027256427450168e+30
0.005095278476702907 2.0307595958478084e+30
0.005116289934338796 2.0465951123119978e+30
0.005137475399905416 2.0542197905108077e+30
0.005158837043979868 2.066844069277154e+30
0.005180377073391056 2.0901939279276183e+30
0.005202097731979698 2.0942855550587377e+30
0.005224001301377507 2.0967819073420932e+30
0.005246090101806164 2.108017791284161e+30
0.005268366492896637 2.1247497878501102e+30
0.005290832874529459 2.128443745602744e+30
0.005313491687696608 2.1397233042164378e+30
0.005336345415385625 2.1235958570524634e+30
0.005359396583486643 2.1790006260081967e+30
0.005382647761723028 2.1971830814054582e+30
0.005406101564606354 2.194649950451245e+30
0.005429760652416447 2.218900886537338e+30
0.005453627732207288 2.2280771649122807e+30
0.00547770555883955 2.2386234487760817e+30
0.0055019969360406125 2.24998346073224e+30
0.005526504717492909 2.2588172377349717e+30
0.00555123180795149 2.2779122639024751e+30
0.005576181164391721 2.2865690435517774e+30
0.005601355797188072 2.3039998348637148e+30
0.0056267587713249795 2.315079409454697e+30
0.005652393207640811 2.333859518253124e+30
0.005678262284105986 2.3385947721239726e+30
0.005704369237136359 2.354087787215937e+30
0.005730717362942993 2.369052108914563e+30
0.005757310018919526 2.3849129107149372e+30
0.005784150625068336 2.392130724867579e+30
0.005811242665466783 2.4027045927344877e+30
0.005838589689774861 2.4244269952002386e+30
0.005866195314785617 2.3220213835760225e+30
0.005894063226019753 2.437851210057374e+30
0.005922197179365909 2.401325392577941e+30
0.005950601002768143 2.247659508468429e+30
0.00597064633819614 2.2674901080527706e+30
0.005982161567392276 2.489755109282398e+30
0.0060082339422622665 2.3305954112159452e+30
0.006037471090399796 2.4842842819947237e+30
0.006066994176416421 2.388682724476186e+30
0.0060968074156125705 2.3078386086327923e+30
0.0061269151065538666 2.4818476950514802e+30
0.006157321633137261 2.4994784703861022e+30
0.006188031466718993 2.4284266756542578e+30
0.006219049168306556 2.5080984713645815e+30
0.0062535297836550305 2.4931341496659644e+30
0.006278847718001812 2.5098914315681064e+30
0.006307576558602736 2.5506008228557516e+30
0.006346293141059631 2.3016781812668458e+30
0.006378921897568936 2.609722536233416e+30
0.006411887902207535 2.626456831466267e+30
0.0064451964107904314 2.5247408199203324e+30
0.006478852788914663 2.512144125157143e+30
0.006512862514840724 2.677165423888942e+30
0.006547231182465214 2.3670982420260937e+30
0.006581964504388106 2.4291392624017966e+30
0.006617068315078176 2.6263878714584514e+30
0.006652548574140257 2.613722216687405e+30
0.006688411369688184 2.557404876961411e+30
0.006724662921827415 2.5359583145269854e+30
0.006761309586251542 2.7285176430513506e+30
0.006798357857957031 2.64571966031949e+30
0.00683581437508076 2.776490821830176e+30
0.006873685922865142 2.570852078487833e+30
0.006911979437755755 2.85639248423326e+30
0.00695070201163674 2.629399125133593e+30
0.006989860896209341 2.6374904327187096e+30
0.007029463507519308 2.863035631654018e+30
0.007069517430639077 2.9272603856109165e+30
0.007110030424510934 2.544854155536758e+30
0.007151010426957683 2.921605664969036e+30
0.007192465559867583 2.572323225321483e+30
0.007234404134560688 2.4243350485231294e+30
0.007276834657344035 2.855105230753812e+30
0.007319765835263469 2.7665835673722737e+30
0.007363206582060284 3.034998904507143e+30
0.007398332194854848 2.526556766793131e+30
0.007420456394002141 2.5564164501825644e+30
0.007451653507970919 2.5694039183234455e+30
0.007496678604695818 3.0706282418848286e+30
0.0075422511190100785 3.016356715724371e+30
0.007588381095273138 2.7197827087265064e+30
0.007635078825090204 3.103384245603006e+30
0.0076823548549669225 2.756538392898683e+30
0.0077302199942502065 3.0477335192860106e+30
0.007778685323367762 3.022792983121628e+30
0.007827762202379546 2.6270085115288875e+30
0.00787746227985497 2.5400729283273824e+30
0.007927797502090467 2.833911521681422e+30
0.007978780122682688 4.421324928537683e+30
0.008030422712473515 1.4844193364986045e+30
0.008082738169883766 1.1746187999993594e+30
0.008135739731653494 3.029872877258626e+30
0.008178644094114423 2.860254244671615e+30
0.00820568987484893 2.9385238535561336e+30
0.00824385587426683 2.9515113216970035e+30
0.008298998722924134 3.342445606072547e+30
0.008354884236209819 3.223075832522699e+30
0.008411527519167173 3.3749487564286683e+30
0.008468944089263877 3.155816838221357e+30
0.00852714989056466 3.020862102902465e+30
0.008574293773857346 3.2957366941038753e+30
0.008604024334793051 3.297230827606793e+30
0.008645995185206676 3.0753405090863866e+30
0.00870666883562918 3.012334048601088e+30
0.008768200064149526 3.2790943455480946e+30
0.00883060718204383 3.3953839054149694e+30
0.00889390902564271 2.8874704610942996e+30
0.00895812497528634 2.5097764982217237e+30
0.009023274975106603 3.896171482260096e+30
0.009089379553678813 2.2768824611189082e+30
0.009156459845587881 2.8426464560062616e+30
0.009224537613956566 3.783605762815948e+30
0.009293635273986202 2.8195678400532477e+30
0.009363775917563457 3.156552411638196e+30
0.009434983338989794 3.1875384418221283e+30
0.00950728206189393 3.6941186593247953e+30
0.00958069736739118 3.1637702257908426e+30
0.00965525532355765 3.7452639984636946e+30
0.009730982816291435 3.707244047481341e+30
0.009807907581637612 3.7470109853286663e+30
0.00988605823965863 3.686234231763159e+30
0.009965464329937012 5.171471893687973e+30
0.010046156348802899 1.7092841300233245e+30
0.010128165788384963 2.3246188772042055e+30
0.010211525177589779 3.0317118108006935e+30
0.010296268125121643 3.848060383465613e+30
0.01038242936466241 3.948006421477291e+30
0.010470044802338886 3.3523068871919065e+30
0.01055915156661411 2.615699070245148e+30
0.010649788060748138 3.5942645679901925e+30
0.010741994017984053 3.8385668890546573e+30
0.010835810559625835 3.4498163382603423e+30
0.010931280256186414 3.8027766449920493e+30
0.011028447191796959 2.9990477537595996e+30
0.011127357032082135 2.77968596885953e+30
0.011228057095720887 3.970510370698427e+30
0.011330596429928385 4.1976416498137585e+30
0.011435025890112055 3.416301774456057e+30
0.011541398223973562 4.170057646682656e+30
0.0116497681603489 4.353031534118933e+30
0.011760192503101024 4.151093644530013e+30
0.011872730230403425 4.394844285531851e+30
0.011987442599779304 2.9492816147772484e+30
0.012104393259289347 2.4537579851963171e+30
0.012223648365292198 3.3641220351997325e+30
0.012345276707235403 4.2380292277315244e+30
0.012469349839971437 3.0689961883662283e+30
0.012595942224133586 2.814717652836037e+30
0.012725131375150339 3.534729094565588e+30
0.012856998021524953 4.377627270244189e+30
0.012991626273059246 3.467676980287729e+30
0.013129103799758285 6.865865259354341e+30
0.013269522022215595 4.777986089022818e+30
0.013412976314347654 2.8802756336109455e+30
0.013559566219422493 3.495352930095936e+30
0.013709395680410585 2.0468893416787234e+30
0.013862573285778302 2.2127358618375404e+30
0.01401921253194529 2.125795681302159e+30
0.014179432103738948 1.9664268045452957e+30
0.014343356174302404 2.0366143005123818e+30
0.014511114726048631 1.9303791097868055e+30
0.014682843894404236 1.8856999207152146e+30
0.01485868633625339 1.8452479801234478e+30
0.015038791625177673 2.0864287115002218e+30
0.015223316675793349 2.091304184053648e+30
0.015412426199716249 2.072868875294367e+30
0.015606293195939095 2.1888320244575155e+30
0.01580509947868991 3.775928215277783e+29
0.016009036246156877 1.967231337969964e+30
0.01621830469381906 2.044183810704951e+30
0.016433116676518648 8.364159349427889e+29
0.01665369542385447 1.5118194462754964e+30
0.01688027631397494 1.8209372786972427e+30
0.0170895359377019 2.0134046605444993e+30
0.017328216607222877 2.283511816538085e+30
0.01759858594435685 1.3720536010771324e+30
0.017851803008304433 1.6536402997071194e+30
0.018112413271199387 1.8866561661570907e+30
0.0183807453196616 1.6494383365634848e+30
0.01865714750491967 1.071555769633857e+30
0.018855627797525195 1.4117170989127273e+30
0.019087697062725506 1.8208752146902036e+30
0.019385942329330594 1.914690708005998e+30
0.01969365569963743 1.1872591694341831e+30
0.020011295307696096 1.1578822060995635e+30
0.020339349329133737 2.9573039623545355e+30
0.0206783384846193 1.2877224075045754e+30
0.02102881879791793 1.8320559306260088e+30
0.021391384639261345 7.014703942915908e+29
0.021766672089072948 1.2039107126576545e+30
0.022155362662092108 1.2344094254529443e+30
0.02255818743776651 1.4857686539850977e+29
0.022975931649577 1.195846989075664e+29
0.02340943979390864 1.360318906411782e+30
0.023859621328406883 1.3781496657691087e+30
0.024232427911663242 1.4555135998841295e+30
0.02451976895409403 8.218538799564943e+29
0.02481400618154316 1.2273961926568606e+30
0.02532041447096241 8.346505587424035e+29
0.025847923105774124 5.197791630008912e+29
0.026397878916535274 9.914081498695156e+29
0.026971745849503438 4.196883089727632e+29
0.02750998468020306 9.916472112299895e+29
0.028133793856624897 2.787363516397699e+29
0.028853495559933908 4.3663178289604326e+29
0.02940048125775256 4.199227729993781e+29
0.029968606499448262 3.566565631512733e+29
0.030634575532769333 3.0128397553251564e+29
0.031410134407016656 2.401463312593595e+29
0.032225982053952155 4.1607480456259e+29
0.03308534157539088 3.1239803012742168e+29
0.03389891554855623 2.7487459120141573e+29
0.034753510058183695 5.469057314134001e+28
0.03565230773210224 3.5805185397631976e+29
0.036707109736010594 2.8902058747381528e+29
0.037826228935279205 4.7053252274416386e+29
0.039015732989847736 1.2658965650271011e+29
0.040282477567440196 1.722627891538007e+29
0.041219279371334155 5.382213677609593e+28
0.04191555098233642 1.221934560036908e+29
0.04278276927852269 5.8777602938597945e+28
0.043686630601308375 1.229297190205979e+29
0.04446954512821354 1.259306286945689e+29
0.04528103317799847 2.615791016922237e+29
0.04612268806978283 7.049781600231004e+28
0.04699622382868023 1.0178382222029625e+29
0.047719242656813765 4.989164619660691e+28
0.048276276617788244 2.607285949290159e+29
0.04923413924909357 5.515099612693669e+28
0.050434971913705606 2.491548069485923e+28
0.05169584621154825 1.7088864606448595e+28
0.05302138072979307 2.0763858356935803e+28
0.053943491699006876 8.059241181482851e+27
0.05465640128093207 8.409144261200884e+27
0.05563678516041067 9.721177370131634e+27
0.05639546859441627 9.30134884247634e+27
0.0574398291239425 9.132580716652515e+27
0.059080967098912286 5.630975412513565e+27
0.06052196629644673 6.313978316708881e+27
0.06142080738005733 7.097938672364039e+27
0.06266163177157363 7.408925320997884e+27
0.06395362417923495 7.520410666986086e+26
0.06495813136529624 5.889299601836294e+27
0.06670431769232033 2.746906978472084e+27
0.0681703466525911 1.8053592129289595e+27
0.068927794948731 3.654834441532243e+27
0.07009606265972644 4.509547765218653e+27
0.07171678087151202 4.4271405558644976e+27
0.07298237112218577 7.831673155651273e+26
0.0747409824745276 2.563611277665911e+27
0.07658643883192334 1.7874801815661396e+27
0.07803146597969547 3.7282078898609744e+27
0.08004518123078438 3.579461152976526e+27
0.08216558338259325 3.6696838298844984e+27
0.0844013815698747 1.8169674809132868e+27
0.08676225937602504 2.539084501548511e+27
0.08862145064836843 1.8204890386463567e+27
0.09056206635599694 2.225707239309937e+27
0.09258957530426552 1.7728284785696784e+27
0.09399244765736046 1.5459017808108902e+27
0.09470994725779831 1.1661551083719653e+27
0.09692971164665297 1.1518413094138556e+27
0.09769293772261087 1.240588242154312e+27
0.09925602472617263 1.0587062215086226e+27
0.10253721562621142 9.57160311315324e+26
0.10514409398958967 8.57260246642191e+26
0.10883336044536475 7.661181029631805e+26
0.11279093718883254 5.8600375718480735e+26
0.114879658247885 6.426015342759691e+26
0.11704719896954321 5.868749519503649e+26
0.11929810664203443 3.8320616616495714e+26
0.12163728520364293 4.6857865585571264e+26
0.1240700309077158 3.1285546484601205e+26
0.12660207235481205 1.6180983116726986e+26
0.12923961552887062 1.5924865647654684e+26
0.1319893945826764 1.5878823349095023e+26
0.1363406933051822 1.6619132019795167e+26
