#"E (kev)" "Fv (kev/s/cm^2/kev)"
1.240700309077158e-07 4.641288007711207e+21
1.2522207398840916e-07 4.72780760408578e+21
1.2638283682155016e-07 4.815987058696196e+21
1.2755220613520696e-07 4.905711389268603e+21
1.2873005904515024e-07 4.996382687919322e+21
1.2991626273059247e-07 5.089041217059893e+21
1.3112453065706595e-07 5.184228047988138e+21
1.3232725139474809e-07 5.279684105718611e+21
1.335522399437199e-07 5.377760451035943e+21
1.3480012049947392e-07 5.479030686378928e+21
1.360417005567059e-07 5.580034499828649e+21
1.373063644397032e-07 5.684593416188141e+21
1.3856380490028567e-07 5.789154949556674e+21
1.3984448930085188e-07 5.89655738741185e+21
1.4114906815439796e-07 6.007014428218925e+21
1.4244550046810078e-07 6.117907092651706e+21
1.437659686068549e-07 6.231904279295718e+21
1.4509417718128381e-07 6.347566745994299e+21
1.4644715640665228e-07 6.466749166604297e+21
1.4779038821645716e-07 6.585876059014394e+21
1.4915848870848257e-07 6.708215912307953e+21
1.505521549662854e-07 6.834286613558886e+21
1.519348896739111e-07 6.960310013245454e+21
1.5334325906280533e-07 7.089789799644788e+21
1.5475867644719446e-07 7.221526043368143e+21
1.562004669617472e-07 7.356706333812045e+21
1.5764934041641146e-07 7.493807670183414e+21
1.591049383274119e-07 7.632432194624637e+21
1.605668835352864e-07 7.773449846580716e+21
1.6205594423682836e-07 7.918228073664768e+21
1.6355131941433667e-07 8.065212839535404e+21
1.6507454883943029e-07 8.216065123440104e+21
1.6660404311496683e-07 8.369122449941507e+21
1.6813935615627564e-07 8.52425226215127e+21
1.697032292541592e-07 8.683394302090066e+21
1.7127282013765298e-07 8.844810373654354e+21
1.728476329168512e-07 9.008020356746133e+21
1.7445167450466224e-07 9.176303208768001e+21
1.760607789239617e-07 9.34618908220862e+21
1.776998437520994e-07 9.5209232822173e+21
1.793437856428387e-07 9.698034343945781e+21
1.8099202174721489e-07 9.87685125682279e+21
1.826708346697818e-07 1.0061085985610576e+22
1.8435368634133107e-07 1.0247333746361397e+22
1.8606783279501472e-07 1.0439004744980808e+22
1.877857286328376e-07 1.0632476197407741e+22
1.895356414722209e-07 1.0831530742665936e+22
1.9128897765605273e-07 1.1032881006953909e+22
1.9304501463780272e-07 1.123640097788195e+22
1.948335912495537e-07 1.1445721477893532e+22
1.9662445468734676e-07 1.1657329658012558e+22
1.9844854591765164e-07 1.1874273578741855e+22
2.0030679836570198e-07 1.2097525072869739e+22
2.0213429603733432e-07 1.2319237112337655e+22
2.040289934348229e-07 1.255167541079943e+22
2.058911896908659e-07 1.2781213537895916e+22
2.078224973328573e-07 1.3022615220682546e+22
2.0971945724766025e-07 1.3260817777966981e+22
2.1168747808857839e-07 1.351128847839039e+22
2.136191992212738e-07 1.3760518677737691e+22
2.1562396751427842e-07 1.4019157797133974e+22
2.1759037339129395e-07 1.4275375181939329e+22
2.196318479513468e-07 1.4544875546004385e+22
2.2163278118563024e-07 1.481135626694085e+22
2.237108382757227e-07 1.5091189145789935e+22
2.2578713540985587e-07 1.5372580550370465e+22
2.278604791693587e-07 1.5655174120745111e+22
2.299722537677772e-07 1.5945675492821079e+22
2.3208011767249495e-07 1.6239109187853259e+22
2.3422697924809479e-07 1.654253418748674e+22
2.3641393084549503e-07 1.6852171411204893e+22
2.3859621328406886e-07 1.7163580859313375e+22
2.408191593705664e-07 1.748481428354993e+22
2.4303629952539824e-07 1.780856273371562e+22
2.4529464394566194e-07 1.8142813460773783e+22
2.4754595153175537e-07 1.8479023747361426e+22
2.4983896678960086e-07 1.8820416090514234e+22
2.5217485956852805e-07 1.9176396973859257e+22
2.5450262750300677e-07 1.9528251212076996e+22
2.568205980288052e-07 1.9886535669013826e+22
2.5923533411557833e-07 2.0264300183730954e+22
2.616407231288819e-07 2.064112726579857e+22
2.640349668178672e-07 2.1019515301639448e+22
2.664734340801456e-07 2.1409330522613134e+22
2.689573616035461e-07 2.1812282516600814e+22
2.7142863904553885e-07 2.2211954055631786e+22
2.739457516178313e-07 2.2628052357356863e+22
2.765099864223664e-07 2.3054619098547434e+22
2.790598985778583e-07 2.348001283001865e+22
2.815933520374848e-07 2.390882948630574e+22
2.8423832968548866e-07 2.4359588125859778e+22
2.868671234860481e-07 2.4813444741300385e+22
2.895449962840509e-07 2.527618958822795e+22
2.9220450048920346e-07 2.5744846206877187e+22
2.949133133057186e-07 2.622437846374368e+22
2.976014173847825e-07 2.6701530684768316e+22
3.0041169711311335e-07 2.7209877692425903e+22
3.031273660095671e-07 2.770487179755716e+22
3.0596801703505746e-07 2.8227856148506444e+22
3.0878554232880985e-07 2.8751205075389006e+22
3.116554406121974e-07 2.928570073950956e+22
3.144994446329932e-07 2.982466108489213e+22
3.1747704940561877e-07 3.039091990555632e+22
3.203460648275647e-07 3.0943476207221905e+22
3.2335165730444563e-07 3.1524250843255325e+22
3.263283295836818e-07 3.21088937483011e+22
3.2936031565626706e-07 3.2704941399451783e+22
3.3236011494164423e-07 3.3307712241994096e+22
3.3550576232481283e-07 3.394002699280079e+22
3.3861907998830734e-07 3.45719771649503e+22
3.41696587462726e-07 3.52036973722587e+22
3.4492641342150627e-07 3.5871617369434548e+22
3.480225270903669e-07 3.6519923073189763e+22
3.5127415319285333e-07 3.7204766969148473e+22
3.5458711319724434e-07 3.790980661568977e+22
3.578599103193418e-07 3.861421246255001e+22
3.610885649235035e-07 3.931407136565379e+22
3.644830520203167e-07 4.005532576313515e+22
3.6783288143408183e-07 4.079566030231711e+22
3.712448560972944e-07 4.155693657746471e+22
3.7472072155758324e-07 4.2337935587679345e+22
3.781470006330869e-07 4.311245445680095e+22
3.816365146346226e-07 4.391350151653002e+22
3.8519103044928846e-07 4.473676166277443e+22
3.886905730191598e-07 4.5553704325276915e+22
3.923783393665902e-07 4.642332383564866e+22
3.9601031250467857e-07 4.728599018897084e+22
3.9958141999264346e-07 4.814298782006781e+22
4.033486050315858e-07 4.905578832506345e+22
4.070539071775453e-07 4.9959741735720125e+22
4.1082791691296625e-07 5.089018220598878e+22
4.146725631942373e-07 5.184525693109685e+22
4.1844867085232985e-07 5.279615116336671e+22
4.222941828036617e-07 5.377042138899512e+22
4.262110302566671e-07 5.4771733954548935e+22
4.302012167396526e-07 5.5800290778266735e+22
4.3411487371489084e-07 5.6820204302568685e+22
4.382551427330124e-07 5.790940634103159e+22
4.423174007405198e-07 5.89886395120383e+22
4.462950752076108e-07 6.005814499104614e+22
4.505084637171961e-07 6.1197238130541335e+22
4.546355108380938e-07 6.2319786905789866e+22
4.5883887170013237e-07 6.3479359978752484e+22
4.631206827462329e-07 6.4668925672823225e+22
4.6730708439817624e-07 6.584469161771178e+22
4.717491669494897e-07 6.710146306104902e+22
4.760937486865533e-07 6.834343450434566e+22
4.80519097241347e-07 6.961871155160886e+22
4.848379480567245e-07 7.087601022904053e+22
4.894281298134746e-07 7.222504047185979e+22
4.939093587090598e-07 7.355338698977187e+22
4.984734066199911e-07 7.491927382393238e+22
5.031225908666497e-07 7.632317212342338e+22
5.078593160364953e-07 7.776876318550124e+22
5.124743118864758e-07 7.918738109150499e+22
5.171739512618416e-07 8.064566133894624e+22
5.219605843824813e-07 8.214911187265435e+22
5.268366492896637e-07 8.368651676896558e+22
5.318046759867801e-07 8.527178234279861e+22
5.366350817807777e-07 8.682773397753908e+22
5.415540415002872e-07 8.842785376960697e+22
5.465640128093207e-07 9.007302044617187e+22
5.516675451654772e-07 9.176320783280034e+22
5.568672841459416e-07 9.349953770387172e+22
5.61911371864655e-07 9.520246849578002e+22
5.670476732528144e-07 9.69494870529362e+22
5.722787403492427e-07 9.874789614900655e+22
5.776072202407626e-07 1.0059200276239122e+23
5.830358595287397e-07 1.0249460264200224e+23
5.882884348398094e-07 1.0434909879545235e+23
5.939206840962939e-07 1.0635599789878148e+23
5.993721299889652e-07 1.0831911025458342e+23
6.049245778045626e-07 1.103359109282527e+23
6.105808607663179e-07 1.1241044765126749e+23
6.160378893133854e-07 1.1442907683361797e+23
6.219049168306556e-07 1.1661483043157172e+23
6.275671770749408e-07 1.1874644140107334e+23
6.333334911062573e-07 1.2094118792459577e+23
6.392067537749397e-07 1.2319237112337655e+23
6.451899683188549e-07 1.2551634839863731e+23
6.512862514840725e-07 1.2789347553399279e+23
6.571505874349354e-07 1.3020960784395331e+23
6.631214906879519e-07 1.3258439420001255e+23
6.692018927061262e-07 1.350160678250273e+23
6.753948334660632e-07 1.375338846834908e+23
6.81703466525911e-07 1.4011104736364102e+23
6.881310643800101e-07 1.4276695701962001e+23
6.946810241193494e-07 1.4549488673083604e+23
7.009606265972645e-07 1.481431514716514e+23
7.073547942287105e-07 1.5086234252613409e+23
7.138666910685604e-07 1.5365414815596815e+23
7.20499598767223e-07 1.56502790589015e+23
7.272569220850868e-07 1.5946308736347153e+23
7.341421947202118e-07 1.6250791762938492e+23
7.407166024341242e-07 1.6543362248793416e+23
7.474098247452758e-07 1.684363449294186e+23
7.546838862999744e-07 1.7174172133361802e+23
7.616330933561436e-07 1.7491229915340015e+23
7.687114678297137e-07 1.781847028186459e+23
7.754376931732238e-07 1.8130124463744507e+23
7.827762202379546e-07 1.8474343682089934e+23
7.902549739344955e-07 1.8828902904662818e+23
7.97365237196117e-07 1.9168277169806285e+23
8.046046102964707e-07 1.95183316980403e+23
8.119766420662028e-07 1.9878062314844737e+23
8.194850126005006e-07 2.0248965285525872e+23
8.27133539384772e-07 2.0627558981342856e+23
8.349261837665936e-07 2.1018344165601012e+23
8.428670577969822e-07 2.1422529742107287e+23
8.503771823695394e-07 2.180470208881383e+23
8.586161308492443e-07 2.22283533352168e+23
8.664108303611438e-07 2.263402994307805e+23
8.743483503010276e-07 2.3048018928060334e+23
8.82432652259714e-07 2.3477767400372217e+23
8.906678457122455e-07 2.3919746260716806e+23
8.990581949834478e-07 2.4371073268449013e+23
9.069446703780395e-07 2.480103974032014e+23
9.156459845587882e-07 2.5280370084775207e+23
9.238274825593135e-07 2.5732211241814196e+23
9.328573752459835e-07 2.6239137330020713e+23
9.413507656124112e-07 2.6716289550161517e+23
9.500002366593859e-07 2.7210337621747733e+23
9.588101306624096e-07 2.7719224954939267e+23
9.677849524782824e-07 2.8240261148853587e+23
9.761607467168827e-07 2.873177960940527e+23
9.85464899981857e-07 2.9281669817052358e+23
9.949481227563416e-07 2.984591317816773e+23
1.0038028390591892e-06 3.0382452349361994e+23
1.0128165788384964e-06 3.0929637200410305e+23
1.0228361987445655e-06 3.154489343711142e+23
1.032196596570015e-06 3.212416676260844e+23
1.0417298984694862e-06 3.271878040626338e+23
1.0514409398958968e-06 3.333225114773512e+23
1.0613347383038135e-06 3.3962537348207796e+23
1.0704920699544072e-06 3.455440450469662e+23
1.0807493981508345e-06 3.521771212483117e+23
1.090246317291e-06 3.584196502639307e+23
1.1008875856940178e-06 3.654296066421223e+23
1.110743338475522e-06 3.720139789489396e+23
1.1207771536379026e-06 3.787297115336647e+23
1.1320258294499618e-06 3.86380072549703e+23
1.1424496400342154e-06 3.9352841899457004e+23
1.1530672017445707e-06 4.0086913176028454e+23
1.162793166895181e-06 4.076803650644154e+23
1.1737940483227605e-06 4.154286760595334e+23
1.1850050707518223e-06 4.234134392280155e+23
1.195279681191867e-06 4.307799902945102e+23
1.2069069154447063e-06 4.392019853517255e+23
1.2175665447273387e-06 4.469609719267465e+23
1.2296336066175994e-06 4.5591513866850455e+23
1.240700309077158e-06 4.641288007711207e+23
1.2522207398840917e-06 4.72780760408578e+23
1.2638283682155018e-06 4.815987058696196e+23
1.2755220613520694e-06 4.905711389268603e+23
1.2873005904515026e-06 4.996382687919322e+23
1.2991626273059246e-06 5.0890412170598934e+23
1.3112453065706595e-06 5.1842280479881375e+23
1.323272513947481e-06 5.2796841057186115e+23
1.3355223994371992e-06 5.3777604510359435e+23
1.3480012049947394e-06 5.479030686378927e+23
1.3604170055670592e-06 5.580034499828649e+23
1.3730636443970317e-06 5.684669136077104e+23
1.3856380490028568e-06 5.789154949556674e+23
1.398444893008519e-06 5.896557387411849e+23
1.4114906815439797e-06 6.007014428218925e+23
1.4244550046810078e-06 6.117907092651706e+23
1.4376596860685492e-06 6.231904279295718e+23
1.4509417718128384e-06 6.3475667459943e+23
1.4644715640665227e-06 6.466749166604297e+23
1.477903882164572e-06 6.585876059014394e+23
1.4915848870848259e-06 6.708215912307953e+23
1.5055215496628538e-06 6.834286613558887e+23
1.5193488967391111e-06 6.960310013245454e+23
1.5334325906280534e-06 7.089789799644788e+23
1.5475867644719446e-06 7.22123512869266e+23
1.562004669617472e-06 7.356706333812045e+23
1.5764934041641144e-06 7.493807670183414e+23
1.5910493832741191e-06 7.632432194624637e+23
1.605668835352864e-06 7.773449846580716e+23
1.6205594423682838e-06 7.918228073664768e+23
1.6355131941433667e-06 8.065212839535404e+23
1.650745488394303e-06 8.216065123440105e+23
1.6660404311496684e-06 8.369122449941508e+23
1.6813935615627564e-06 8.52425226215127e+23
1.697032292541592e-06 8.683394302090066e+23
1.7127282013765295e-06 8.844810373654355e+23
1.728476329168512e-06 9.008020356746133e+23
1.7445167450466227e-06 9.176303208768001e+23
1.7606077892396168e-06 9.34618908220862e+23
1.7769984375209941e-06 9.5209232822173e+23
1.7934378564283869e-06 9.69803434394578e+23
1.8099202174721486e-06 9.876851256822792e+23
1.8267083466978182e-06 1.0061085985610576e+24
1.8435368634133106e-06 1.0247333746361396e+24
1.8606783279501468e-06 1.0439004744980808e+24
1.877857286328376e-06 1.0632476197407742e+24
1.8953564147222088e-06 1.0831530742665935e+24
1.912889776560527e-06 1.1032881006953907e+24
1.930450146378027e-06 1.123640097788195e+24
1.948335912495537e-06 1.1445721477893532e+24
1.9662445468734675e-06 1.1657329658012558e+24
1.9844854591765163e-06 1.1874273578741855e+24
2.0030679836570197e-06 1.209752507286974e+24
2.0213429603733433e-06 1.2319237112337655e+24
2.040289934348229e-06 1.255167541079943e+24
2.058911896908659e-06 1.2781213537895918e+24
2.078224973328573e-06 1.3022615220682544e+24
2.0971945724766024e-06 1.326081777796698e+24
2.116874780885784e-06 1.3511288478390388e+24
2.1361919922127376e-06 1.3760518677737692e+24
2.156239675142784e-06 1.4019157797133974e+24
2.1759037339129394e-06 1.4275375181939328e+24
2.196318479513468e-06 1.4544875546004385e+24
2.216327811856302e-06 1.481135626694085e+24
2.237108382757227e-06 1.5091189145789934e+24
2.2578713540985587e-06 1.5372580550370464e+24
2.2786047916935868e-06 1.5655174120745238e+24
2.299722537677772e-06 1.5945675492821077e+24
2.3208011767249496e-06 1.623910918785326e+24
2.3422697924809475e-06 1.6542534187486741e+24
2.3641393084549505e-06 1.6852171411204895e+24
2.385962132840688e-06 1.7163580859313375e+24
2.408191593705664e-06 1.748481428354993e+24
2.4303629952539826e-06 1.780856273371562e+24
2.4529464394566192e-06 1.814281346077378e+24
2.4754595153175536e-06 1.8479023747361428e+24
2.498389667896009e-06 1.8820416090514234e+24
2.5217485956852803e-06 1.9176396973859258e+24
2.5450262750300675e-06 1.9528251212076997e+24
2.568205980288052e-06 1.9886530246998915e+24
2.5923533411557833e-06 2.0264300183730955e+24
2.616407231288819e-06 2.064112726579857e+24
2.6403496681786724e-06 2.1019515301639448e+24
2.6647343408014564e-06 2.1409330522613134e+24
2.6895736160354607e-06 2.1812282516600815e+24
2.714286390455388e-06 2.2211954055631786e+24
2.739457516178313e-06 2.262805235735686e+24
2.765099864223664e-06 2.3054619098547435e+24
2.790598985778583e-06 2.348001283001865e+24
2.8159335203748477e-06 2.390882948630574e+24
2.8423832968548867e-06 2.435953390537131e+24
2.868671234860481e-06 2.4813444741300384e+24
2.8954499628405087e-06 2.527618958822795e+24
2.922045004892035e-06 2.574484620687719e+24
2.9491331330571854e-06 2.6224378463743684e+24
2.976014173847824e-06 2.6701530684768317e+24
3.004116971131133e-06 2.7209877692425906e+24
3.0312736600956705e-06 2.770487179755716e+24
3.059680170350575e-06 2.822785614850644e+24
3.0878554232880982e-06 2.875120507538901e+24
3.116554406121974e-06 2.928570073950956e+24
3.1449944463299315e-06 2.982466108489213e+24
3.1747704940561875e-06 3.0390919905556323e+24
3.203460648275647e-06 3.0943476207221903e+24
3.233516573044457e-06 3.1524196624862037e+24
3.2632832958368175e-06 3.21088937483011e+24
3.29360315656267e-06 3.270494139945178e+24
3.3236011494164426e-06 3.33077122419941e+24
3.355057623248129e-06 3.394002699280079e+24
3.386190799883073e-06 3.45719771649503e+24
3.4169658746272594e-06 3.52036973722587e+24
3.449264134215063e-06 3.5871617369434546e+24
3.480225270903669e-06 3.6519923073189765e+24
3.5127415319285334e-06 3.7204766969148474e+24
3.5458711319724436e-06 3.790980661568977e+24
3.5785991031934176e-06 3.861421246255001e+24
3.610885649235035e-06 3.9314071365653796e+24
3.6448305202031668e-06 4.005532576313515e+24
3.6783288143408182e-06 4.079566030231712e+24
3.7124485609729446e-06 4.155693657746471e+24
3.747207215575832e-06 4.233793558767935e+24
3.7814700063308684e-06 4.3112454456800953e+24
3.8163651463462256e-06 4.3913501516530027e+24
3.851910304492885e-06 4.4736761662774427e+24
3.886905730191597e-06 4.555370432527692e+24
3.9237833936659015e-06 4.642332383564866e+24
3.960103125046786e-06 4.728599018897084e+24
3.995814199926435e-06 4.814298782006781e+24
4.033486050315858e-06 4.905578832506344e+24
4.070539071775453e-06 4.995974173572013e+24
4.108279169129662e-06 5.089018220598878e+24
4.146725631942373e-06 5.184525693109685e+24
4.184486708523299e-06 5.27961511633667e+24
4.222941828036617e-06 5.377042138899512e+24
4.2621103025666715e-06 5.477173395454894e+24
4.302012167396526e-06 5.580029077826674e+24
4.341148737148908e-06 5.682020430256869e+24
4.382551427330124e-06 5.790940634103159e+24
4.423174007405198e-06 5.89886395120383e+24
4.462950752076108e-06 6.005814499104614e+24
4.505084637171961e-06 6.119723813054134e+24
4.546355108380938e-06 6.231978690578986e+24
4.5883887170013235e-06 6.347935997875248e+24
4.631206827462329e-06 6.466892567282322e+24
4.6730708439817624e-06 6.584469161771179e+24
4.717491669494898e-06 6.710146306104902e+24
4.760937486865534e-06 6.834343450434566e+24
4.80519097241347e-06 6.961871155160886e+24
4.8483794805672445e-06 7.087601022904052e+24
4.894281298134746e-06 7.222504047185978e+24
4.939093587090597e-06 7.355338698977127e+24
4.984734066199912e-06 7.491927382393237e+24
5.031225908666497e-06 7.632317212342339e+24
5.078593160364953e-06 7.776876318550124e+24
5.124743118864759e-06 7.918738109150499e+24
5.171739512618416e-06 8.064566133894624e+24
5.219605843824813e-06 8.214911187265435e+24
5.268366492896637e-06 8.368651676896558e+24
5.318046759867801e-06 8.527178234279861e+24
5.366350817807777e-06 8.682773397753908e+24
5.415540415002873e-06 8.842785376960697e+24
5.465640128093207e-06 9.007302044617188e+24
5.516675451654771e-06 9.251689843052724e+24
5.568672841459417e-06 9.789065621977146e+24
5.619113718646549e-06 1.0305780043961157e+25
5.6704767325281446e-06 1.0826897313650389e+25
5.722787403492427e-06 1.1353160699049075e+25
5.776072202407626e-06 1.18839678960571e+25
5.8303585952873965e-06 1.242062199423422e+25
5.882884348398094e-06 1.2935114682645269e+25
5.939206840962939e-06 1.3482181331836708e+25
5.9937212998896524e-06 1.4007550081748863e+25
6.0492457780456266e-06 1.4538281392924098e+25
6.105808607663179e-06 1.5074782446525763e+25
6.160378893133853e-06 1.5588358816497746e+25
6.219049168306557e-06 1.6135980414671953e+25
6.275671770749409e-06 1.6660860766633079e+25
6.333334911062572e-06 1.7192059781669017e+25
6.392067537749398e-06 1.7728905376357277e+25
6.451899683188549e-06 1.8273007287634278e+25
6.512862514840725e-06 1.8822457262558298e+25
6.571505874349353e-06 1.934845888459242e+25
6.631214906879519e-06 1.988032287501918e+25
6.692018927061262e-06 2.0417890143203353e+25
6.7539483346606315e-06 2.09640634946199e+25
6.81703466525911e-06 2.1516165069543497e+25
6.8813106438001e-06 2.2076160784907058e+25
6.946810241193494e-06 2.264335097482515e+25
7.009606265972644e-06 2.3185275750738456e+25
7.073547942287104e-06 2.3734208000296148e+25
7.138666910685604e-06 2.4290493458762063e+25
7.2049959876722295e-06 2.485256557131766e+25
7.272569220850868e-06 2.542561700640615e+25
7.341421947202118e-06 2.600705547459522e+25
7.407166024341242e-06 2.6559415929010236e+25
7.474098247452759e-06 2.7119410477258696e+25
7.546838862999745e-06 2.772709641396164e+25
7.616330933561437e-06 2.8304031899898186e+25
7.687114678297138e-06 2.889097940569345e+25
7.754376931732238e-06 2.9445051924032323e+25
7.827762202379545e-06 3.0051469262001836e+25
7.902549739344956e-06 3.066827189009755e+25
7.97365237196117e-06 3.125243726884632e+25
8.046046102964708e-06 3.184733669204366e+25
8.119766420662029e-06 3.2452359161974886e+25
8.194850126005006e-06 3.3068408830351956e+25
8.27133539384772e-06 3.369221163997031e+25
8.349261837665935e-06 3.432847656574478e+25
8.428670577969824e-06 3.4978186433983147e+25
8.503771823695394e-06 3.5588433206694144e+25
8.586161308492443e-06 3.6258120719543424e+25
8.664108303611439e-06 3.6892071252679906e+25
8.743483503010276e-06 3.753476547399162e+25
8.82432652259714e-06 3.819329142399121e+25
8.906678457122455e-06 3.892948933234403e+25
8.99058194983448e-06 3.973142923622596e+25
9.069446703780395e-06 4.048504351677752e+25
9.156459845587883e-06 4.131545935356144e+25
9.238274825593134e-06 4.209112800743126e+25
9.328573752459835e-06 4.294906786517748e+25
9.413507656124113e-06 4.3750746948283415e+25
9.500002366593858e-06 4.456920057921424e+25
9.588101306624096e-06 4.540283493133086e+25
9.677849524782825e-06 4.624879714580234e+25
9.761607467168829e-06 4.7038284100554e+25
9.85464899981857e-06 4.791349838103989e+25
9.949481227563417e-06 4.880312496839736e+25
1.0038028390591894e-05 4.963844091274118e+25
1.0128165788384964e-05 5.048433971147079e+25
1.0228361987445657e-05 5.142549479411367e+25
1.032196596570015e-05 5.2304237300404585e+25
1.0417298984694862e-05 5.335662922610011e+25
1.0514409398958966e-05 5.446317293190707e+25
1.0613347383038135e-05 5.55867054213152e+25
1.0704920699544073e-05 5.66272059547005e+25
1.0807493981508344e-05 5.778434295850661e+25
1.090246317291e-05 5.885804380607201e+25
1.1008875856940179e-05 6.005343881526953e+25
1.1107433384755221e-05 6.116167156458943e+25
1.1207771536379025e-05 6.228338937317446e+25
1.1320258294499616e-05 6.3543575909133995e+25
1.1424496400342155e-05 6.4709013702774025e+25
1.1530672017445707e-05 6.58942069573248e+25
1.162793166895181e-05 6.698167055548834e+25
1.1737940483227607e-05 6.8208039502057624e+25
1.1850050707518224e-05 6.94583806818695e+25
1.1952796811918672e-05 7.060224849050332e+25
1.2069069154447062e-05 7.189702384545561e+25
1.2175665447273385e-05 7.308070334343764e+25
1.2296336066175995e-05 7.442978142468032e+25
1.2407003090771581e-05 7.565980513747088e+25
1.2522207398840916e-05 7.728532637143287e+25
1.2638283682155017e-05 7.891910804343298e+25
1.2755220613520696e-05 8.056092809447871e+25
1.2873005904515024e-05 8.220423073838083e+25
1.2991626273059245e-05 8.38594723662329e+25
1.3112453065706594e-05 8.554057313905956e+25
1.3232725139474808e-05 8.720815799113371e+25
1.3355223994371992e-05 8.890234724552685e+25
1.3480012049947392e-05 9.062922158223545e+25
1.3604170055670592e-05 9.233711818931465e+25
1.3730636443970319e-05 9.408102187732884e+25
1.3856380490028569e-05 9.580896711976979e+25
1.398444893008519e-05 9.756590385474518e+25
1.4114906815439796e-05 9.93536865445113e+25
1.424455004681008e-05 1.0112984038997891e+26
1.4376596860685493e-05 1.0293767165960453e+26
1.4509417718128382e-05 1.0475439014201143e+26
1.4644715640665226e-05 1.0660660792939813e+26
1.4779038821645717e-05 1.0844256643303648e+26
1.4915848870848256e-05 1.1031090132127055e+26
1.5055215496628541e-05 1.1221733523820799e+26
1.519348896739111e-05 1.1410732771328028e+26
1.5334325906280535e-05 1.1603246283441092e+26
1.5475867644719448e-05 1.1796960779817143e+26
1.5620046696174718e-05 1.2048573736202776e+26
1.5764934041641144e-05 1.2316158752727967e+26
1.591049383274119e-05 1.258354235226125e+26
1.605668835352864e-05 1.285157839870552e+26
1.6205594423682837e-05 1.3123494048649185e+26
1.6355131941433668e-05 1.3395848184433576e+26
1.650745488394303e-05 1.3672172366543868e+26
1.6660404311496683e-05 1.3948977778823994e+26
1.6813935615627565e-05 1.4226166154890653e+26
1.6970322925415922e-05 1.4507452173499505e+26
1.7127282013765297e-05 1.4789276532867655e+26
1.728476329168512e-05 1.5071177937714986e+26
1.7445167450466226e-05 1.5358261529850175e+26
1.760607789239617e-05 1.5645216786089415e+26
1.776998437520994e-05 1.593712509576847e+26
1.7934378564283868e-05 1.6229738242176966e+26
1.8099202174721487e-05 1.6522326883006795e+26
1.826708346697818e-05 1.6820407687003893e+26
1.8435368634133105e-05 1.711888258766559e+26
1.860678327950147e-05 1.7422768044132323e+26
1.877857286328376e-05 1.772669947117981e+26
1.895356414722209e-05 1.803655832554537e+26
1.9128897765605272e-05 1.8346833480248063e+26
1.930450146378027e-05 1.8657661123043436e+26
1.948335912495537e-05 1.8974336093796586e+26
1.9662445468734677e-05 1.9291601677196937e+26
1.9844854591765163e-05 1.9614417423551274e+26
2.0030679836570197e-05 1.9943504444599183e+26
2.021342960373343e-05 2.026771057909856e+26
2.040289934348229e-05 2.0604643389498455e+26
2.0589118969086592e-05 2.093489500956238e+26
2.0782249733285726e-05 2.137709706507427e+26
2.0971945724766023e-05 2.1890831429064298e+26
2.116874780885784e-05 2.2422191402956892e+26
2.1361919922127373e-05 2.2941893983974635e+26
2.156239675142784e-05 2.3476549232142104e+26
2.1759037339129394e-05 2.3998522056629534e+26
2.196318479513468e-05 2.4539227188309607e+26
2.216327811856302e-05 2.5066772717751796e+26
2.2371083827572267e-05 2.5612868823371095e+26
2.2578713540985585e-05 2.615557209212928e+26
2.278604791693587e-05 2.669471569838775e+26
2.2997225376777723e-05 2.7241716347355355e+26
2.3208011767249497e-05 2.778665536714448e+26
2.3422697924809478e-05 2.83419394604718e+26
2.3641393084549505e-05 2.8903478828411122e+26
2.3859621328406886e-05 2.9461910968362648e+26
2.4081915937056637e-05 3.0030339677925656e+26
2.4303629952539823e-05 3.059634347487981e+26
2.4529464394566193e-05 3.117287400001768e+26
2.475459515317554e-05 3.174645682758757e+26
2.498389667896009e-05 3.232556441134405e+26
2.5217485956852804e-05 3.291942588844028e+26
2.545026275030068e-05 3.35042251223349e+26
2.5682059802880522e-05 3.4090388925258724e+26
2.5923533411557836e-05 3.470148481699624e+26
2.616407231288819e-05 3.5306659130136034e+26
2.6403496681786724e-05 3.590850369895619e+26
2.6647343408014564e-05 3.652200223024013e+26
2.6895736160354605e-05 3.714894565001714e+26
2.7142863904553883e-05 3.7767438628349893e+26
2.739457516178313e-05 3.8402761776162676e+26
2.7650998642236638e-05 3.9048659884530014e+26
2.790598985778583e-05 3.9688684392034526e+26
2.815933520374848e-05 4.0326940312434e+26
2.8423832968548864e-05 4.099271259393357e+26
2.8686712348604812e-05 4.165663808086592e+26
2.8954499628405086e-05 4.232986272409862e+26
2.922045004892035e-05 4.300371370011691e+26
2.9491331330571855e-05 4.368906681847184e+26
2.9760141738478244e-05 4.4366873549432564e+26
3.0041169711311335e-05 4.508156648078158e+26
3.0312736600956707e-05 4.5772658822514604e+26
3.059680170350574e-05 4.649757005513691e+26
3.087855423288099e-05 4.721731229391571e+26
3.1165544061219745e-05 4.8368802799567464e+26
3.144994446329932e-05 4.989453396788216e+26
3.1747704940561877e-05 5.147583982868457e+26
3.203460648275647e-05 5.298867506102249e+26
3.233516573044457e-05 5.455725252595968e+26
3.2632832958368175e-05 5.610307549186491e+26
3.2936031565626704e-05 5.766013906804829e+26
3.3236011494164424e-05 5.919701912526492e+26
3.355057623248129e-05 6.079091704250621e+26
3.386190799883073e-05 6.235760976963778e+26
3.4169658746272596e-05 6.389590672757997e+26
3.4492641342150625e-05 6.550018031026772e+26
3.480225270903669e-05 6.702943341617907e+26
3.5127415319285335e-05 6.862264332726964e+26
3.5458711319724434e-05 7.023684158204722e+26
3.578599103193418e-05 7.182330077699858e+26
3.610885649235035e-05 7.337771410340808e+26
3.644830520203167e-05 7.500158819012071e+26
3.6783288143408185e-05 7.659735345708927e+26
3.712448560972944e-05 7.821458949740146e+26
3.747207215575832e-05 7.985194367631404e+26
3.781470006330868e-05 8.14554487875446e+26
3.816365146346226e-05 8.308595535566475e+26
3.851910304492884e-05 8.473931230387193e+26
3.8869057301915976e-05 8.635910603712925e+26
3.923783393665901e-05 8.8059806027452e+26
3.960103125046786e-05 8.972596088228133e+26
3.995814199926435e-05 9.135965273300314e+26
4.033486050315858e-05 9.307704557460213e+26
4.070539071775452e-05 9.475845816624277e+26
4.1082791691296624e-05 9.646716463043125e+26
4.1467256319423736e-05 9.820068547533332e+26
4.184486708523298e-05 9.99028861423326e+26
4.222941828036617e-05 1.0162892579637823e+27
4.262110302566672e-05 1.0338253178705591e+27
4.3020121673965253e-05 1.0516418368561517e+27
4.341148737148909e-05 1.0690967450053728e+27
4.382551427330124e-05 1.087529581227702e+27
4.423174007405198e-05 1.1055944666893034e+27
4.462950752076108e-05 1.1232825383358073e+27
4.505084637171961e-05 1.1419552335429745e+27
4.546355108380938e-05 1.1601894698448316e+27
4.588388717001324e-05 1.1787972346616752e+27
4.631206827462329e-05 1.1977138231921475e+27
4.673070843981763e-05 1.2162214814886573e+27
4.717491669494897e-05 1.2358234111192692e+27
4.7609374868655334e-05 1.2550047806174924e+27
4.8051909724134705e-05 1.2745261738015978e+27
4.8483794805672445e-05 1.2935953118156157e+27
4.894281298134746e-05 1.3138663417897587e+27
4.9390935870905965e-05 1.333659827769071e+27
4.984734066199911e-05 1.3538352017539328e+27
5.0312259086664966e-05 1.3743985219845693e+27
5.078593160364953e-05 1.3953869197754087e+27
5.1247431188647585e-05 1.415833262914735e+27
5.1717395126184165e-05 1.4366830174560317e+27
5.219605843824813e-05 1.457992675508882e+27
5.268366492896637e-05 1.4796493857835615e+27
5.318046759867801e-05 1.501797279457741e+27
5.366350817807777e-05 1.5233744824397843e+27
5.415540415002872e-05 1.545399745055417e+27
5.465640128093207e-05 1.567887488696975e+27
5.516675451654771e-05 1.5908352692734092e+27
5.568672841459417e-05 1.614253055479448e+27
5.6191137186465493e-05 1.637061065079981e+27
5.6704767325281444e-05 1.6603180960141705e+27
5.722787403492426e-05 1.6841033073560838e+27
5.776072202407626e-05 1.7083571152720612e+27
5.830358595287397e-05 1.7331985791563506e+27
5.882884348398094e-05 1.7572890636449658e+27
5.939206840962939e-05 1.7831885918512957e+27
5.993721299889652e-05 1.808393047269309e+27
6.049245778045627e-05 1.8341368500808086e+27
6.10580860766318e-05 1.8604747232656035e+27
6.160378893133854e-05 1.885971020180928e+27
6.219049168306556e-05 1.915250974562877e+27
6.275671770749408e-05 1.967658701943448e+27
6.333334911062573e-05 2.0205959128676195e+27
6.392067537749397e-05 2.0736388057771543e+27
6.451899683188549e-05 2.126974324821766e+27
6.512862514840725e-05 2.180874243389946e+27
6.571505874349354e-05 2.2319566448577815e+27
6.631214906879519e-05 2.283382546607564e+27
6.692018927061263e-05 2.335100334794425e+27
6.753948334660632e-05 2.3874115875078503e+27
6.81703466525911e-05 2.4399234146469244e+27
6.8813106438001e-05 2.492762608160009e+27
6.946810241193494e-05 2.5459807296171983e+27
7.009606265972643e-05 2.5964854923641227e+27
7.073547942287104e-05 2.647438841340763e+27
7.138666910685605e-05 2.698610885450797e+27
7.20499598767223e-05 2.7502873317387313e+27
7.272569220850867e-05 2.8024005434699795e+27
7.341421947202118e-05 2.8546864793768993e+27
7.407166024341242e-05 2.904507052925784e+27
7.47409824745276e-05 2.954476066840261e+27
7.546838862999744e-05 3.008071007754323e+27
7.616330933561437e-05 3.058872531761782e+27
7.687114678297137e-05 3.110312140524252e+27
7.754376931732237e-05 3.15847622513965e+27
7.827762202379545e-05 3.2106856161497833e+27
7.902549739344956e-05 3.2631465968072417e+27
7.97365237196117e-05 3.3127931037468113e+27
8.046046102964707e-05 3.362639000371289e+27
8.119766420662029e-05 3.4134684471852754e+27
8.194850126005006e-05 3.464481161760983e+27
8.27133539384772e-05 3.515815074289171e+27
8.349261837665935e-05 3.5676826661158016e+27
8.428670577969823e-05 3.620252361369061e+27
8.503771823695394e-05 3.669447716002449e+27
8.586161308492443e-05 3.723148144837785e+27
8.664108303611439e-05 3.7736190281799067e+27
8.743483503010275e-05 3.8242675862266696e+27
8.824326522597141e-05 3.8756859287403555e+27
8.906678457122455e-05 3.927661573866054e+27
8.990581949834478e-05 3.98012490824358e+27
9.069446703780395e-05 4.029209587899125e+27
9.156459845587883e-05 4.082982596651474e+27
9.238274825593135e-05 4.1327960005035717e+27
9.328573752459834e-05 4.1882067540819177e+27
9.413507656124112e-05 4.239485158369398e+27
9.50000236659386e-05 4.2912742189140346e+27
9.588101306624096e-05 4.344246839314289e+27
9.677849524782824e-05 4.397098253955622e+27
9.761607467168827e-05 4.4466225566095276e+27
9.85464899981857e-05 4.5013060948660584e+27
9.949481227563417e-05 4.5562152623081947e+27
0.00010038028390591894 4.6078294398169567e+27
0.00010128165788384963 4.6598413277030886e+27
0.00010228361987445656 4.717626195817712e+27
0.0001032196596570015 4.7707916762976736e+27
0.00010417298984694862 4.824909436212716e+27
0.00010514409398958965 4.8799362474535286e+27
0.00010613347383038135 4.935655480939203e+27
0.00010704920699544072 4.986923904089976e+27
0.00010807493981508344 5.044217421043025e+27
0.0001090246317291 5.096542551340878e+27
0.00011008875856940179 5.155813017251524e+27
0.0001110743338475522 5.210164525198768e+27
0.00011207771536379025 5.265623583991298e+27
0.00011320258294499617 5.327023425607596e+27
0.00011424496400342156 5.384004474441584e+27
0.00011530672017445707 5.441272456868713e+27
0.00011627931668951809 5.494685977810204e+27
0.00011737940483227608 5.554216416568922e+27
0.00011850050707518224 5.614533972791207e+27
0.0001195279681191867 5.670116429067725e+27
0.00012069069154447063 5.732156524854495e+27
0.00012175665447273385 5.789490811547298e+27
0.00012296336066175997 5.853718002848384e+27
0.0001240700309077158 5.912386089271858e+27
0.0001243186682442042 5.937509817372896e+27
0.0001248189445751668 5.977295963805398e+27
0.00012532326354314729 6.040487798592469e+27
0.00012583167434859614 6.128020164824565e+27
0.00012634422699360061 6.256465505016497e+27
0.0001268609722982779 6.581126071408605e+27
0.0001273819619175727 7.440627423292957e+27
0.0001279072483584699 8.481985539852643e+27
0.0001284368849976354 8.252105104726264e+27
0.00012897092609949666 6.545627135257582e+27
0.0001295094268347764 6.441114561708175e+27
0.00013005244329949246 6.421507440408928e+27
0.00013060003253443769 6.444298895846429e+27
0.0001311522525451541 6.492469202136548e+27
0.00013170916232241593 6.568577055015961e+27
0.00013227082186323646 6.650350227896786e+27
0.0001328372921924152 6.683949757844849e+27
0.00013340863538464063 6.739241198440058e+27
0.0001339849145871661 6.842154581620091e+27
0.00013456619404307571 6.828796358224262e+27
0.00013515253911515883 6.85091930862849e+27
0.00013574401631041117 6.99065480484459e+27
0.0001363406933051822 7.145944767555642e+27
0.00013694263897098873 7.080787603796351e+27
0.00013754992340101529 7.03245303693693e+27
0.00013816261793732273 7.073732017619655e+27
0.00013878079519878727 7.1341004292957e+27
0.00013940452910979302 7.189123207632298e+27
0.00014003389492970182 7.221258207344497e+27
0.00014066896928312448 7.312110335840588e+27
0.00014130983019102028 7.491434294389273e+27
0.00014195655710264968 7.621361270653545e+27
0.00014260923092840897 7.54234803022974e+27
0.00014326793407357484 7.553632439373783e+27
0.00014393275047298816 7.585921652535726e+27
0.0001446037656267084 7.603055291082445e+27
0.00014528106663666955 7.659981500275792e+27
0.00014596474224437152 7.717359563470466e+27
0.00014665488286964043 7.785281183004831e+27
0.00014735158065049382 7.870608279919715e+27
0.00014805492948414772 7.937436649776429e+27
0.0001487650250692036 7.971682448830381e+27
0.0001494819649490552 8.026714737580416e+27
0.00015020584855655666 8.090385615204521e+27
0.00015093677725999487 8.162485751596684e+27
0.0001516748544104105 8.255060949489158e+27
0.00015242018539031425 8.34832312157716e+27
0.00015317287766384669 8.412967636181184e+27
0.00015393304082843152 8.559027448109816e+27
0.0001547007866679748 8.66262051196378e+27
0.0001554762292076639 8.605761736062052e+27
0.00015625948477042292 8.644544369578091e+27
0.00015705067203508329 8.709618941726782e+27
0.00015784991209633054 8.785750565130723e+27
0.00015865732852649077 8.8707465343401e+27
0.0001594730474392234 8.962047293552246e+27
0.00016029719755518835 9.035386639701711e+27
0.00016112991026976078 9.109714940883206e+27
0.00016197131972286657 9.193477055085504e+27
0.00016282156287101808 9.263594527653501e+27
0.00016368077956163034 9.401363485827233e+27
0.00016454911260970265 9.861635319087579e+27
0.0001654267078769544 1.1074286415743053e+28
0.00016631371435350646 1.2320821351440346e+28
0.00016721028424220458 1.1537612090582707e+28
0.00016811657304568537 9.854446466432646e+27
0.00016903273965628856 9.858299123596285e+27
0.00016995894644892577 9.975638848720313e+27
0.00017089535937701898 1.0174371438511325e+28
0.00017184214807162854 1.0503216044625581e+28
0.00017279948594389389 1.062788830792444e+28
0.0001737675502909185 1.0375895003054941e+28
0.00017474652240523353 1.047897663639028e+28
0.0001757365876879827 1.059774713446713e+28
0.0001767379357659769 1.0850791970501654e+28
0.00017775076061277335 1.191067522324425e+28
0.0001787752606739421 1.3820750875009025e+28
0.00017981163899668956 1.1841841466377094e+28
0.00018086010336401721 1.1154685006604892e+28
0.00018192086643360088 1.1180748566174727e+28
0.00018299414588158672 1.136863913869209e+28
0.00018408016455150712 1.1465786033804883e+28
0.00018517915060853107 1.1514177747424904e+28
0.00018629133769927297 1.1680097146675548e+28
0.0001874169651173955 1.1730062481082444e+28
0.00018855627797525196 1.1878078033931666e+28
0.00018970952738182843 1.2137667741693985e+28
0.0001908769706272551 1.2179250646628846e+28
0.00019205887137417306 1.221702445064289e+28
0.00019325549985625513 1.2331127733607166e+28
0.00019416280267248168 1.2431482746945878e+28
0.00019477241900740314 1.2500671012615664e+28
0.00019538587544522173 1.257094192280461e+28
0.00019600320838501707 1.2658347677430732e+28
0.00019662445468734675 1.2770253923445933e+28
0.00019724965168158314 1.2881915513159947e+28
0.00019787883717339042 1.2955511999229459e+28
0.0001985120494523453 1.3002163446803968e+28
0.00019914932729970432 1.304536290500962e+28
0.00019979070999632173 1.3075357281847314e+28
0.0002004362373307202 1.3122920786620517e+28
0.00020108594960731896 1.3194109656685001e+28
0.00020173988765482244 1.326696561147523e+28
0.00020239809283477292 1.3348675114970474e+28
0.00020306060705027138 1.3437014497228685e+28
0.00020372747275486996 1.3507227604228725e+28
0.00020439873296164052 1.3570211773516204e+28
0.00020507443125242282 1.3647508829915827e+28
0.00020575461178725673 1.373568840208623e+28
0.000206439319314003 1.3853998701140735e+28
0.00020712859917815658 1.4053299235373903e+28
0.0002078224973328573 1.4332896622016336e+28
0.00020852106034910219 1.4533825739661328e+28
0.0002092243354261649 1.4606490178014963e+28
0.00020993237040222638 1.4628464872198307e+28
0.00021064521376522205 1.4749558935569303e+28
0.00021136291466391106 1.4546407300209575e+28
0.0002120855229191723 1.4466707646471714e+28
0.0002128130890355331 1.4541595119666882e+28
0.000213545664212936 1.4621865716975812e+28
0.00021428330035874922 1.4691693491146752e+28
0.00021502605010002737 1.4775071918653327e+28
0.00021577396679602745 1.4874115967868681e+28
0.00021652710455098744 1.4987583337632637e+28
0.00021728551822717304 1.510399279215457e+28
0.0002180492634582 1.52038081540374e+28
0.00021881839666263808 1.5305831265884834e+28
0.00021959297505790405 1.545547519529668e+28
0.00022037305667445078 1.5664600867670585e+28
0.00022115870037025991 1.6197026077547954e+28
0.00022194996584564544 1.7109612252919133e+28
0.00022274691365837667 1.7582645644085483e+28
0.00022354960523912758 1.6893112741556613e+28
0.00022435810290726186 1.6085800246377126e+28
0.00022517246988696153 1.610387844222948e+28
0.0002259927703237082 1.6145982549594136e+28
0.00022681906930112578 1.6303726899186674e+28
0.00022765143285819413 1.6452915681705755e+28
0.00022848992800684312 1.6473225938563972e+28
0.00022933462274993678 1.6499379327942123e+28
0.00023018558609965825 1.6607303493033845e+28
0.00023104288809630503 1.6713953907804e+28
0.00023190659982750617 1.6809396905417474e+28
0.00023277679344787204 1.690289356979828e+28
0.00023365354219908812 1.7024739785952906e+28
0.00023453692043046465 1.7172881123490596e+28
0.00023542700361995408 1.7330476926243078e+28
0.00023632386839564913 1.7508280969798006e+28
0.00023722759255777402 1.7734504611963355e+28
0.00023813825510118195 1.779659433535602e+28
0.0002390559362383734 1.7738416718481467e+28
0.00023998071742304796 1.7879055028234149e+28
0.00024091268137420543 1.810915706876682e+28
0.00024185191210081053 1.8274423369753672e+28
0.00024279849492703682 1.8454924384510524e+28
0.0002437525165181057 1.8341801476440204e+28
0.00024471406490673725 1.8424869457319847e+28
0.00024568322952022933 1.8529985435438766e+28
0.0002466601012081825 1.8671992658529354e+28
0.0002476447722708898 1.8815062541428303e+28
0.0002486373364884084 1.8927675412015916e+28
0.0002496378891503336 1.904666089754242e+28
0.00025064652708629457 1.9181653988259841e+28
0.0002516633486971923 1.9332703855206258e+28
0.00025268845398720123 1.9500714500229247e+28
0.0002537219445965558 1.9671617207638649e+28
0.0002547639238351454 1.985307965833651e+28
0.0002558144967169398 1.9988050747824497e+28
0.0002568737699952708 2.0213811913978347e+28
0.0002579418521989933 2.0685324264633516e+28
0.0002590188536695528 2.1867625727698905e+28
0.0002601048865989849 2.4000709025230174e+28
0.00026120006506887537 2.4603457130702497e+28
0.0002623045050903082 2.2033554976475593e+28
0.00026341832464483187 2.1497206591125757e+28
0.0002645416437264729 2.142124216274758e+28
0.0002656745843848304 2.2111019339208773e+28
0.00026681727076928127 2.2831490984679336e+28
0.0002679698291743322 2.250959606722158e+28
0.00026913238808615143 2.17686679394626e+28
0.00027030507823031766 2.1900186418873083e+28
0.00027148803262082234 2.205184818267103e+28
0.0002726813866103644 2.2230092925201803e+28
0.00027388527794197746 2.242450371751558e+28
0.00027509984680203057 2.264747553168974e+28
0.00027632523587464545 2.2793066100701756e+28
0.00027756159039757453 2.293960526252621e+28
0.00027880905821958603 2.3095439083506545e+28
0.00028006778985940363 2.3314918584387325e+28
0.00028133793856624896 2.3627066283280357e+28
0.00028261966038204057 2.3920450857062544e+28
0.00028391311420529936 2.3906477480805747e+28
0.00028521846185681793 2.412869112031184e+28
0.0002865358681471497 2.443310054828521e+28
0.0002878655009459763 2.522881386325943e+28
0.0002892075312534168 2.587669759184888e+28
0.0002905621332733391 2.57240295753573e+28
0.00029192948448874303 2.528189478400697e+28
0.00029330976573928086 2.59875496086101e+28
0.00029470316130098765 2.6544679060924213e+28
0.00029610985896829544 2.5984148195355e+28
0.0002975300501384072 2.597482752485327e+28
0.0002989639298981104 2.6369590254605183e+28
0.0003004116971131133 2.6578228488492896e+28
0.00030187355451998974 2.7091866609102748e+28
0.000303349708820821 2.7631351251904123e+28
0.0003048403707806285 2.866399471164456e+28
0.00030634575532769337 3.1732390479601006e+28
0.00030786608165686303 3.1652294729510464e+28
0.0003094015733359496 2.8813907828015237e+28
0.0003109524584153278 2.8002387966306446e+28
0.00031251896954084585 2.8295759929922987e+28
0.00031410134407016657 2.8639736557713423e+28
0.0003156998241926611 2.878567097995731e+28
0.00031731465705298154 2.889266801248332e+28
0.0003189460948784468 2.9284178527198693e+28
0.0003205943951103767 2.950404819263955e+28
0.00032225982053952156 2.978871294671283e+28
0.00032394263944573315 3.004831973949874e+28
0.00032564312574203617 3.034686076875762e+28
0.0003273615591232607 3.073988376217648e+28
0.0003290982252194053 3.1048477584075027e+28
0.0003308534157539088 3.1560714155166277e+28
0.0003326274287070129 3.230799788925169e+28
0.00033442056848440916 3.2030158336039614e+28
0.00033623314609137074 3.231917141484164e+28
0.0003380654793125771 3.2227389997015514e+28
0.00033991789289785154 3.2575656083770687e+28
0.00034179071875403797 3.3068325526405513e+28
0.0003436842961432571 3.3223864073841245e+28
0.00034559897188778777 3.379437079686683e+28
0.000347535100581837 3.415072906485456e+28
0.00034949304481046706 3.502922017106009e+28
0.0003514731753759654 3.527203418377247e+28
0.0003534758715319538 3.5100249794800097e+28
0.0003555015212255467 3.5636333625935617e+28
0.0003575505213478842 3.587321760447392e+28
0.0003596232779933791 3.603200195486966e+28
0.00036172020672803443 3.6427730855688473e+28
0.00036384173286720177 3.682131804139728e+28
0.00036598829176317344 3.717699358413796e+28
0.00036816032910301423 3.7621503475919543e+28
0.00037035830121706214 3.8098341456650273e+28
0.00037258267539854595 3.861998089897727e+28
0.000374833930234791 4.008018849733288e+28
0.0003771125559505039 4.141973693683915e+28
0.00037941905476365686 3.994683745703897e+28
0.0003817539412545102 4.019468236187295e+28
0.0003841177427483461 4.0603558983056165e+28
0.00038651099971251027 4.105945497627746e+28
0.00038832560534496336 4.141606724937084e+28
0.0003895448380148063 4.169699472809968e+28
0.00039077175089044345 4.198888498112746e+28
0.00039200641677003415 4.240941808953522e+28
0.0003932489093746935 4.308053748979053e+28
0.00039449930336316627 4.367623503473492e+28
0.00039575767434678083 4.386274464273804e+28
0.0003970240989046906 4.418842041559442e+28
0.00039829865459940864 4.581864962001332e+28
0.00039958141999264346 4.946272323794874e+28
0.0004008724746614404 5.37497037477019e+28
0.0004021718992146379 5.517404065860955e+28
0.00040347977530964487 5.121572515532372e+28
0.00040479618566954584 4.577383788570935e+28
0.00040612121410054275 4.574349721398936e+28
0.0004074549455097399 4.535777483291858e+28
0.00040879746592328105 4.54282177901516e+28
0.00041014886250484564 4.58966857064165e+28
0.00041150922357451346 4.5917663455439595e+28
0.000412878638628006 4.6166484915928635e+28
0.00041425719835631316 4.644094077659634e+28
0.0004156449946657146 4.672579360682986e+28
0.00041704212069820437 4.701508242607064e+28
0.0004184486708523298 4.733310482510376e+28
0.00041986474080445276 4.770204591712081e+28
0.0004212904275304441 4.805166257831115e+28
0.0004227258293278221 4.826729781539133e+28
0.0004241710458383446 4.84997625483726e+28
0.0004256261780710662 4.88112313912927e+28
0.000427091328425872 4.920525736429973e+28
0.00042856660071749844 4.975042094885574e+28
0.00043005210020005474 5.049130337833123e+28
0.0004315479335920549 5.032824365659055e+28
0.0004330542091019749 5.087907110725228e+28
0.0004345710364543461 5.113943674977188e+28
0.0004360985269164 5.201480095079574e+28
0.00043763679332527617 5.393095494452763e+28
0.0004391859501158081 5.555454962663182e+28
0.00044074611334890155 5.489861602832093e+28
0.00044231740074051983 5.294638724075672e+28
0.0004438999316912909 5.295441734175522e+28
0.00044549382731675334 5.2995600015911636e+28
0.00044709921047825517 5.338588378132976e+28
0.0004487162058145237 5.379152023036583e+28
0.00045034493977392305 5.377685856084914e+28
0.0004519855406474164 5.4553180150038696e+28
0.00045363813860225155 5.477792240862079e+28
0.00045530286571638826 5.5171231045574285e+28
0.00045697985601368625 5.570101677375392e+28
0.00045866924549987356 5.6324120760876605e+28
0.0004603711721993165 5.671903996541597e+28
0.00046208577619261007 5.684620223961389e+28
0.00046381319965501234 5.659227859940645e+28
0.0004655535868957441 5.756526853031211e+28
0.00046730708439817625 5.793675398912913e+28
0.0004690738408609293 5.865694632778145e+28
0.00047085400723990815 6.004463213086141e+28
0.00047264773679129825 6.10869487382486e+28
0.00047445518511554804 6.1216255110799996e+28
0.0004762765102023639 6.076505724407746e+28
0.0004781118724767468 6.033322794156385e+28
0.0004799614348460959 6.070060834117362e+28
0.00048182536274841086 6.127860007192812e+28
0.00048370382420162106 6.131056969511481e+28
0.00048559698985407363 6.220033495653203e+28
0.0004875050330362114 6.233320754467349e+28
0.0004894281298134745 6.278553316853139e+28
0.0004913664590404587 6.2544717198197286e+28
0.000493320202416365 6.367363321703988e+28
0.0004952895445417796 6.410039566584344e+28
0.0004972746729768168 6.391344073367172e+28
0.0004992757783006672 6.5184167828348005e+28
0.0005012930541725891 6.5487577450503855e+28
0.0005033266973943845 6.619308485975676e+28
0.0005053769079744025 6.666799025060179e+28
0.0005074438891931116 6.651136828746934e+28
0.0005095278476702908 6.694553546931217e+28
0.0005116289934338796 6.790800240715361e+28
0.0005137475399905416 6.785765165488956e+28
0.0005158837043979866 6.842196971100358e+28
0.0005180377073391056 6.905302563377382e+28
0.0005202097731979698 6.9737677364142175e+28
0.0005224001301377507 7.036215642059106e+28
0.0005246090101806164 7.068888741298207e+28
0.0005268366492896637 7.179188139166187e+28
0.0005290832874529458 7.279865301466284e+28
0.0005313491687696608 7.267635467072883e+28
0.0005336345415385625 7.300228669834222e+28
0.0005359396583486644 7.37649665330326e+28
0.0005382647761723029 7.426054783537334e+28
0.0005406101564606353 7.477872181709885e+28
0.0005429760652416447 7.526976872612573e+28
0.0005453627732207288 7.575929507945779e+28
0.0005477705558839549 7.644107678764602e+28
0.0005501996936040611 7.704460402216163e+28
0.0005526504717492909 7.752899266211188e+28
0.0005551231807951491 7.811561904600129e+28
0.0005576181164391721 7.885851151319968e+28
0.0005601355797188073 7.971954675143522e+28
0.0005626758771324979 8.075261119044198e+28
0.0005652393207640811 8.31777864656688e+28
0.0005678262284105987 8.455559044276273e+28
0.0005704369237136359 8.355718811347266e+28
0.0005730717362942994 8.38415612968639e+28
0.0005757310018919526 8.448057909636568e+28
0.0005784150625068336 8.430682951774597e+28
0.0005811242665466782 8.476798770502078e+28
0.0005838589689774861 8.579861413632235e+28
0.0005866195314785617 8.696275079516658e+28
0.0005894063226019753 8.751504852909541e+28
0.0005922197179365909 8.78737231774498e+28
0.0005950601002768144 8.862718974899206e+28
0.0005979278597962208 8.945302788984318e+28
0.0006008233942262266 9.01919382470873e+28
0.0006037471090399795 9.07499381319371e+28
0.000606699417641642 9.03632887038605e+28
0.000609680741561257 9.313509366160638e+28
0.0006126915106553867 9.32621037922142e+28
0.0006157321633137261 9.389878126674123e+28
0.0006188031466718993 9.467764236504184e+28
0.0006219049168306556 9.551300469193603e+28
0.0006250379390816917 9.638068169320085e+28
0.0006282026881403331 9.728341610205623e+28
0.0006313996483853221 9.837319732636154e+28
0.0006346293141059631 9.965637807126932e+28
0.0006378921897568936 1.0041523768835095e+29
0.0006411887902207534 1.0152848203468653e+29
0.0006445196410790431 1.0192488547248557e+29
0.0006478852788914663 1.0310183822464723e+29
0.0006512862514840723 1.0437593077650141e+29
0.0006547231182465214 1.0587424661030387e+29
0.0006581964504388106 1.1156828576107403e+29
0.0006617068315078176 1.2370820538195109e+29
0.0006652548574140258 1.2970451900053244e+29
0.0006688411369688183 1.1739225322565875e+29
0.0006724662921827415 1.107617115964838e+29
0.0006761309586251542 1.1084384141678282e+29
0.0006798357857957031 1.1214474633181357e+29
0.0006835814375080759 1.1276015299197134e+29
0.0006873685922865142 1.1415583585436113e+29
0.0006911979437755755 1.1519094123151538e+29
0.000695070201163674 1.1631743265770788e+29
0.0006989860896209341 1.177866238498523e+29
0.0007029463507519308 1.187562435254197e+29
0.0007069517430639076 1.1979568520351102e+29
0.0007110030424510934 1.2119191779673177e+29
0.0007151010426957684 1.2178762131974778e+29
0.0007192465559867583 1.2368383760111215e+29
0.0007234404134560689 1.2511926949773972e+29
0.0007276834657344035 1.2786600794319866e+29
0.0007319765835263469 1.2949104315057958e+29
0.0007363206582060285 1.2875628823504426e+29
0.0007407166024341243 1.3033967507248009e+29
0.0007451653507970919 1.315126439003344e+29
0.000749667860469582 1.329712485971147e+29
0.0007542251119010079 1.3331796578326248e+29
0.0007588381095273137 1.3577068232185384e+29
0.0007635078825090204 1.3713933255480808e+29
0.0007682354854966923 1.375299815276133e+29
0.0007730219994250205 1.4015186330197441e+29
0.0007766512106899267 1.413116245634964e+29
0.0007790896760296126 1.421411524193821e+29
0.0007815435017808869 1.4058053333580412e+29
0.0007840128335400683 1.4414089246943195e+29
0.000786497818749387 1.4557086742263285e+29
0.0007889986067263325 1.449332292748695e+29
0.0007915153486935617 1.4663614439954433e+29
0.0007940481978093812 1.4701178805815492e+29
0.0007965973091988173 1.451424401894694e+29
0.0007991628399852869 1.483979055072831e+29
0.0008017449493228808 1.4902656688778964e+29
0.0008043437984292758 1.4778788737743765e+29
0.0008069595506192897 1.5032712038365849e+29
0.0008095923713390917 1.4966438915265275e+29
0.0008122424282010855 1.4997384668581393e+29
0.0008149098910194798 1.5278547792658559e+29
0.0008175949318465621 1.5215150678095623e+29
0.0008202977250096913 1.5255502713709601e+29
0.0008230184471490269 1.5328904529467767e+29
0.000825757277256012 1.534009420104939e+29
0.0008285143967126263 1.5547752823856946e+29
0.0008312899893314292 1.5680569913750567e+29
0.0008340842413964087 1.587998318670393e+29
0.0008368973417046597 1.6157931106106026e+29
0.0008397294816089055 1.6514810632921216e+29
0.0008425808550608882 1.650997531756727e+29
0.0008454516586556442 1.6255945935736853e+29
0.0008486322223509972 1.624573291299039e+29
0.0008515444811785574 1.6285597904442372e+29
0.000854182656851744 1.631087297346755e+29
0.0008571332014349969 1.6406958700085312e+29
0.0008601042004001095 1.6479791991333054e+29
0.0008630958671841098 1.6624518108295384e+29
0.0008661084182039498 1.677199500727697e+29
0.0008691420729086922 1.692604570448119e+29
0.0008721970538328 1.696937993327051e+29
0.0008752735866505523 1.7015676043770346e+29
0.0008783719002316162 1.7111167515862805e+29
0.0008814922266978031 1.7218661466950394e+29
0.0008846348014810397 1.7323703473552065e+29
0.0008877998633825818 1.7431242188308093e+29
0.0008909876546335067 1.7550057807336638e+29
0.0008941984209565103 1.7695879661847346e+29
0.0008974324116290475 1.7859606364876688e+29
0.0009006898795478461 1.7939868285545552e+29
0.0009039710812948328 1.7974224661249286e+29
0.0009072762772045031 1.8078099028139597e+29
0.0009106057314327765 1.820204083804815e+29
0.0009139597120273725 1.8319374735278072e+29
0.0009173384909997471 1.8450158396572398e+29
0.000920742344398633 1.861637314656955e+29
0.0009241715523852201 1.874624298966112e+29
0.0009276263993100247 1.8817853750188507e+29
0.0009311071737914882 1.89230725423436e+29
0.0009346141687963525 1.9050281816785056e+29
0.0009381476817218586 1.9193053104818103e+29
0.0009417080144798163 1.9337290819637923e+29
0.0009452954735825965 1.9466489254688834e+29
0.0009489103702310961 1.9554216725549085e+29
0.0009525530204047278 1.971332869656e+29
0.0009562237449534936 1.988897980156317e+29
0.0009599228696921918 2.0113598647321132e+29
0.0009636507254968217 2.0421295226951863e+29
0.0009674076484032421 2.059584859982901e+29
0.0009711939797081473 2.0926293855077682e+29
0.0009750100660724228 2.072205272515521e+29
0.000978856259626949 2.066604361017016e+29
0.0009827329180809173 2.078560000976525e+29
0.00098664040483273 2.0959094763971305e+29
0.0009905790890835592 2.112285993038247e+29
0.0009945493459536335 2.1225348510738807e+29
0.0009985515566013343 2.1390855849221854e+29
0.0010025861083451783 2.1518210027035864e+29
0.001006653394788769 2.1675584845218203e+29
0.001010753815948805 2.1825533055092254e+29
0.0010148877783862232 2.1985763036110854e+29
0.0010190556953405816 2.2146971234839774e+29
0.0010232579868677592 2.2302285265625647e+29
0.0010274950799810832 2.247264456730529e+29
0.0010317674087959733 2.2678647490879705e+29
0.0010360754146782113 2.2878572171138835e+29
0.0010404195463959397 2.3045205711227158e+29
0.0010448002602755015 2.310764109566261e+29
0.0010492180203612329 2.3330759331298934e+29
0.0010536732985793275 2.3524442714958467e+29
0.0010581665749058917 2.4065892397171133e+29
0.0010626983375393215 2.4946768888703005e+29
0.001067269083077125 2.550977509520351e+29
0.0010718793166973287 2.4830223525673836e+29
0.0010765295523446057 2.44367219402445e+29
0.0010812203129212706 2.4549533199418213e+29
0.0010859521304832894 2.4713060171206906e+29
0.0010907255464414577 2.4914107633200436e+29
0.0010955411117679098 2.5042337485749572e+29
0.0011003993872081223 2.5210778469136498e+29
0.0011053009434985818 2.549814462343222e+29
0.0011102463615902981 2.569896216840088e+29
0.0011152362328783441 2.5920432124792768e+29
0.0011202711594376145 2.6142386312509426e+29
0.0011253517542649959 2.6390118765322167e+29
0.0011304786415281623 2.6785399315224415e+29
0.0011356524568211974 2.7187195654075406e+29
0.0011408738474272717 2.9550034800333544e+29
0.0011461434725885988 3.075310328840932e+29
0.0011514620037839053 2.689656397428788e+29
0.0011568301250136671 2.7549998842215473e+29
0.0011622485330933564 2.768484021507595e+29
0.0011677179379549721 2.801916244752432e+29
0.0011732390629571234 2.824176296008988e+29
0.0011788126452039506 2.8460114524101406e+29
0.0011844394358731818 2.8794524858205044e+29
0.0011901202005536288 2.921575550548881e+29
0.0011958557195924416 2.929233740877909e+29
0.0012016467884524533 2.9511067545099036e+29
0.001207494218079959 2.9838699310006353e+29
0.001213398835283284 3.03726776243547e+29
0.001219361483122514 3.197181496680692e+29
0.0012253830213107735 3.368876917717177e+29
0.0012314643266274521 3.180571377667917e+29
0.0012376062933437985 3.129589527773976e+29
0.0012419422513284865 3.122484953775229e+29
0.0012444336099068786 3.1263603925351455e+29
0.0012469349839971436 3.132961711270175e+29
0.0012494464341159697 3.1429134351760396e+29
0.001251968021268575 3.1543784985269814e+29
0.001254499806953648 3.1604733298989703e+29
0.0012570418531683465 3.1757819667671706e+29
0.0012595942224133585 3.1863574061864374e+29
0.0012621569776980245 3.2001453064374755e+29
0.001264730182545523 3.215497507366301e+29
0.0012673139009981185 3.234310125510162e+29
0.001269908197622475 3.2503590170106046e+29
0.001272513137515034 3.258070645163668e+29
0.0012751287863074594 3.262926527534113e+29
0.0012777552101721503 3.270008574846032e+29
0.0012803924758278205 3.278212533965912e+29
0.0012830406505451477 3.2840503378289614e+29
0.0012856998021524954 3.3023776518571886e+29
0.0012883699990417009 3.29830324253216e+29
0.0012910513101739417 3.324111345531709e+29
0.0012937438050856704 3.346053668616304e+29
0.001296447553894627 3.3662454144565305e+29
0.0012991626273059246 3.276600483271987e+29
0.001301889096618214 3.3939027951271486e+29
0.0013046270337299243 3.396110106399174e+29
0.0013073765111455827 3.405179757996615e+29
0.0013101376019822154 3.4128544529136846e+29
0.0013129103799758284 3.429369782759441e+29
0.0013156949194879724 3.450140938642199e+29
0.0013184912955123888 3.4642092427113e+29
0.0013212995836817444 3.517115048330357e+29
0.0013241198602744484 3.570299153464267e+29
0.0013269522022215595 3.600069359458115e+29
0.0013297966871137813 3.588351788097189e+29
0.0013326533932085478 3.5568117380338105e+29
0.001335522399437199 3.533175015884105e+29
0.0013384037854122525 3.515076681107887e+29
0.0013412976314347653 3.549191836361612e+29
0.0013442040185017963 3.461089308819559e+29
0.001347123028313961 3.5775818560850135e+29
0.0013500547432830881 3.583495258801602e+29
0.0013529992465399758 3.598307905543931e+29
0.0013559566219422492 3.614600805704877e+29
0.0013589269540823198 3.622882581679103e+29
0.0013619103282954534 3.6324160324242635e+29
0.0013649068306679408 3.6345029444317035e+29
0.0013679165480453782 3.646344755783303e+29
0.0013709395680410585 3.6811392862137945e+29
0.0013739759790444717 3.688906879854145e+29
0.00137702587022992 3.624333242011106e+29
0.001380089331565248 3.725090833594412e+29
0.001383166453820689 3.7392012551228526e+29
0.0013862573285778302 3.752334497570391e+29
0.0013893620482386987 3.760507310679846e+29
0.0013924807060349696 3.775314839081216e+29
0.001395613396037298 3.796195557732676e+29
0.001398760213164778 3.703317751104942e+29
0.001401921253194529 3.819621409888351e+29
0.0014050966127714132 3.823769541470929e+29
0.0014082863894178865 3.8448647614189716e+29
0.0014114906815439795 3.863360792899058e+29
0.001414709588457421 3.8799037870357606e+29
0.001417943210373895 3.780763672542058e+29
0.0014211916484274433 3.899902760761854e+29
0.001424455004681008 3.9141293178892105e+29
0.0014277333821371208 3.9194222511997676e+29
0.0014310268847487406 3.8226011329518944e+29
0.0014343356174302405 3.964617146011764e+29
0.0014376596860685494 3.975658679964051e+29
0.0014409991975344461 3.925453548967472e+29
0.001444354259694014 3.970596921762283e+29
0.0014477249814202544 4.0280085343776585e+29
0.0014511114726048632 3.909125202262926e+29
0.0014545138441701736 4.06058756477077e+29
0.001457932208081267 3.939829543561095e+29
0.0014613666773582543 4.0832217594702624e+29
0.0014648173660887344 3.98236638444698e+29
0.0014682843894404237 4.029325558457393e+29
0.0014717678636739714 4.0749608476923404e+29
0.0014752679061559547 4.0290978610224415e+29
0.0014787846353720598 4.032730516406898e+29
0.0014823181709404517 3.989228790041047e+29
0.0014858686336253388 4.037410825441191e+29
0.00148943614535073 4.0034148807525125e+29
0.00149302082921439 4.0181781996779666e+29
0.001496622809502 4.05775095533569e+29
0.001500242211701521 4.135846098516293e+29
0.0015038791625177673 4.192991075043873e+29
0.0015075337898871907 4.198258566768585e+29
0.0015112062229928843 4.176563262028813e+29
0.0015148965922798022 4.0940493271176425e+29
0.0015186050294702057 4.10835481627372e+29
0.001522331667579335 4.122297772140495e+29
0.0015260766409313138 4.137144216998573e+29
0.0015298400851752872 4.149778237786871e+29
0.0015336221373018022 4.1688388841369975e+29
0.0015374229356594274 4.1847302041560734e+29
0.0015412426199716248 4.2016847727765665e+29
0.0015450813313538706 4.218303964802916e+29
0.0015489392123310337 4.235181673390813e+29
0.0015528164068550163 4.236543010193786e+29
0.0015567130603226576 4.2698951605922005e+29
0.0015606293195939095 4.278394455018228e+29
0.0015645653330102875 4.3035932836241735e+29
0.0015685212504136005 4.319386660446449e+29
0.0015724972231649656 4.330510610636502e+29
0.0015764934041641143 4.3494751511596725e+29
0.0015805099478689909 4.3695018645983416e+29
0.001584547010315655 4.392101113617267e+29
0.0015886047491384865 4.412045335613206e+29
0.0015926833235907036 4.42920638741664e+29
0.001596782894565197 4.425772382689215e+29
0.0016009036246156876 4.466669411616495e+29
0.001605045677978212 4.485726952706122e+29
0.0016092092205929416 4.500688862732059e+29
0.0016133944201263434 4.5257754704697716e+29
0.001617601445993687 4.548432657947843e+29
0.001621830469381906 4.5744728411655885e+29
0.0016260816632728153 4.621403352510638e+29
0.001630355202466699 4.671097605405002e+29
0.0016346512636062687 4.6869974531275376e+29
0.0016389700252010012 4.6684715196176095e+29
0.001643311667651865 4.660854434372788e+29
0.0016476763732764384 4.672298299183129e+29
0.0016520643263344314 4.685425036221431e+29
0.0016564757130536156 4.7069654821672164e+29
0.0016609107216561687 4.723226277808917e+29
0.001665369542385447 4.746318717996457e+29
0.001669852367533187 4.7656153702250096e+29
0.0016743593914671498 4.7875888026339885e+29
0.0016788908106592127 4.8130028891046745e+29
0.0016834468237139186 4.8341890932788616e+29
0.001688027631397494 4.853634811518073e+29
0.001692633436667337 4.872681535565094e+29
0.0016972644447019944 4.892597604743357e+29
0.0017019208629316296 4.9197907495653286e+29
0.001706602901068993 4.9461548957123525e+29
0.0017113107711409076 4.970023130150203e+29
0.0017160446875202737 4.994592081249997e+29
0.0017208048669586102 5.048802812603929e+29
0.001725591528619135 5.104105949663334e+29
0.0017304048941104017 5.1470997347375665e+29
0.0017352451875205007 5.207616226998564e+29
0.0017401126354518344 5.3397124491125844e+29
0.001745007467056481 5.4196488146120556e+29
0.001749929914072155 5.359445275371083e+29
0.0017548802108587806 5.25607937274891e+29
0.0017598585944356851 5.239666133161255e+29
0.0017648653045194281 5.2121034720250784e+29
0.0017699005835622797 5.224195957167748e+29
0.0017749646767913562 5.2532844881575504e+29
0.0017800578322484332 5.274809129477999e+29
0.0017851803008304432 5.301843138655764e+29
0.0017903323363306753 5.333014087346858e+29
0.0017955141954806918 5.3764588673986915e+29
0.0018007261379929724 5.408127769875472e+29
0.0018059684266043055 5.407530392196252e+29
0.0018112413271199387 5.417186358740196e+29
0.0018165451084585036 5.4380241866327756e+29
0.0018218800426977359 5.465114834583041e+29
0.0018272464051209986 5.488388223989778e+29
0.0018326444742646352 5.5184158794889396e+29
0.00183807453196616 5.5471983189555355e+29
0.0018435368634133107 5.580100299502983e+29
0.0018490317571939763 5.636155967136641e+29
0.0018545595053470225 5.687561233527578e+29
0.00186012040341403 5.7071717941189655e+29
0.001865714750491967 5.713668874065609e+29
0.0018713428492868145 5.727190988014236e+29
0.0018770050061681666 5.798080598407141e+29
0.0018827015312248225 5.936296171558289e+29
0.0018884327383213973 5.8863630112987164e+29
0.0018941989451559664 6.0517992777638536e+29
0.0019000004733187718 5.929536480682776e+29
0.0019058376483520093 5.882326189981057e+29
0.0019117107998107212 5.88918311283188e+29
0.001917620261324819 5.9215950639524004e+29
0.0019235663706622605 5.9330041228134054e+29
0.001929549469793403 5.986357744238594e+29
0.0019355699049565646 6.026704781094985e+29
0.001941628026724817 6.053084974187226e+29
0.0019477241900740315 6.0316098189953596e+29
0.0019538587544522174 6.052410907004001e+29
0.0019600320838501703 6.131937791495481e+29
0.0019662445468734673 6.16089918353379e+29
0.0019724965168158317 6.188058199950187e+29
0.0019787883717339045 6.2235644545179946e+29
0.001985120494523453 6.244568434581155e+29
0.0019914932729970434 6.28945280089909e+29
0.001997907099963217 6.307820846382955e+29
0.002004362373307202 6.34004990476438e+29
0.0020108594960731897 6.374052523358516e+29
0.0020173988765482243 6.376632372399796e+29
0.0020239809283477293 6.43428286662551e+29
0.002030606070502714 6.466727340970034e+29
0.0020372747275486996 6.497377868678519e+29
0.0020439873296164055 6.533162506362513e+29
0.002050744312524228 6.562377139371286e+29
0.002057546117872567 6.601712030141877e+29
0.00206439319314003 6.635144164836904e+29
0.002071285991781566 6.660781022564004e+29
0.002078224973328573 6.703394227631184e+29
0.002085210603491022 6.73406268785239e+29
0.0020922433542616492 6.79956300636179e+29
0.0020993237040222643 6.89346760846675e+29
0.0021064521376522208 7.010431037922865e+29
0.0021136291466391107 7.064472097892466e+29
0.002120855229191723 6.93814597354435e+29
0.0021281308903553313 7.016073491413346e+29
0.0021354566421293597 7.114027554417671e+29
0.002142833003587492 7.13178970126298e+29
0.002150260501000274 7.12181218459762e+29
0.002157739667960275 7.146701543130165e+29
0.0021652710455098744 7.172058670555227e+29
0.0021728551822717303 7.181519631223933e+29
0.0021804926345820002 7.215617416830617e+29
0.002188183966626381 7.23273526717694e+29
0.002195929750579041 7.266392742529085e+29
0.0022037305667445078 7.317100880990042e+29
0.002211587003702599 7.360487836613724e+29
0.0022194996584564545 7.39498344554413e+29
0.0022274691365837666 7.431453093985521e+29
0.002235496052391276 7.479233046726814e+29
0.002243581029072618 7.514050166633879e+29
0.0022517246988696155 7.550386454788289e+29
0.002259927703237082 7.60359768198453e+29
0.0022681906930112575 7.656940353536806e+29
0.002276514328581941 7.74629949468401e+29
0.002284899280068431 7.893981703527794e+29
0.002293346227499368 7.986034423969894e+29
0.002301855860996583 7.878297621797431e+29
0.0023104288809630506 7.866022613825485e+29
0.002319065998275062 7.912056896747676e+29
0.0023277679344787207 7.947962533758562e+29
0.0023365354219908813 7.968244533386074e+29
0.0023453692043046465 8.040453088688077e+29
0.0023542700361995406 8.054208677606374e+29
0.0023632386839564914 8.124297066357184e+29
0.00237227592557774 8.149119076983302e+29
0.0023813825510118195 8.22033744594796e+29
0.002390559362383734 8.243502253070296e+29
0.0023998071742304798 8.293394835546929e+29
0.002409126813742055 8.34971967546078e+29
0.002418519121008105 8.414070377978688e+29
0.0024279849492703683 8.465715195076025e+29
0.002437525165181057 8.524965395830469e+29
0.002447140649067373 8.578061449367685e+29
0.0024568322952022927 8.621720428746183e+29
0.0024666010120818252 8.679128462655405e+29
0.0024764477227088985 8.712484679124685e+29
0.0024863733648840844 8.795832461651515e+29
0.002496378891503336 8.879764674244254e+29
0.002506465270862945 8.949602322652244e+29
0.0025166334869719227 8.987174323509575e+29
0.0025268845398720126 9.062191294331516e+29
0.002537219445965558 9.15744869980604e+29
0.0025476392383514536 9.133751998602527e+29
0.002558144967169398 9.308854898486134e+29
0.002568737699952708 9.255827244092568e+29
0.002579418521989934 9.31789126738615e+29
0.002590188536695528 9.395886885748054e+29
0.002601048865989849 9.470790937705243e+29
0.0026120006506887535 9.560549498899113e+29
0.002623045050903082 9.758428694862085e+29
0.0026341832464483184 1.0271698900316647e+30
0.0026454164372647295 1.0947614805246516e+30
0.002656745843848304 1.0495738682437674e+30
0.0026681727076928127 1.0471903887451438e+30
0.0026796982917433217 1.0621027043619152e+30
0.002691323880861514 1.0145717060087756e+30
0.002703050782303177 9.949472600793802e+29
0.0027148803262082234 1.0088343194283348e+30
0.002726813866103644 1.0195764934347229e+30
0.002738852779419775 1.0229620470089533e+30
0.0027509984680203063 1.0259997998726511e+30
0.0027632523587464543 1.0324495289351641e+30
0.002775615903975745 1.0413947496868719e+30
0.0027880905821958605 1.0392244043834315e+30
0.002800677898594036 1.0500902588963964e+30
0.0028133793856624898 1.0558767069713164e+30
0.0028261966038204056 1.0621488608793928e+30
0.002839131142052993 1.073043371327187e+30
0.0028521846185681795 1.0718313862836278e+30
0.0028653586814714966 1.0887099830369493e+30
0.002878655009459763 1.0887911885015102e+30
0.002892075312534168 1.0992299504977458e+30
0.0029056213327333913 1.1048834082343651e+30
0.0029192948448874306 1.1134312814593575e+30
0.0029330976573928086 1.1255909601226375e+30
0.0029470316130098765 1.1410435315555622e+30
0.0029610985896829545 1.1469427459530538e+30
0.0029753005013840716 1.1452240648762104e+30
0.002989639298981104 1.1562869972451017e+30
0.0030041169711311332 1.1661682703954874e+30
0.003018735545199898 1.1766290488366825e+30
0.0030334970882082103 1.1894482058632907e+30
0.0030484037078062852 1.203507773859569e+30
0.0030634575532769333 1.2454499212204161e+30
0.0030786608165686304 1.2118217997781153e+30
0.0030940157333594967 1.2159729439594525e+30
0.003109524584153278 1.2270287882534843e+30
0.0031251896954084587 1.215561663336183e+30
0.003141013440701666 1.2410186454636414e+30
0.003156998241926611 1.2447904264202663e+30
0.0031731465705298156 1.258832574263746e+30
0.003189460948784468 1.2647581623665849e+30
0.0032059439511037675 1.2683374010264904e+30
0.0032225982053952157 1.284184089949017e+30
0.0032394263944573315 1.2778123333666595e+30
0.003256431257420362 1.3049760384331043e+30
0.003273615591232607 1.3031770350666465e+30
0.003290982252194053 1.3088182570050535e+30
0.003308534157539088 1.3239623006870288e+30
0.0033262742870701287 1.3148137359210326e+30
0.003344205684844092 1.3242449742099252e+30
0.0033623314609137075 1.2913656687737603e+30
0.003380654793125771 1.269612663622714e+30
0.0033991789289785153 1.2798309406451302e+30
0.0034085173326295548 1.1478381385718105e+30
0.00341790718754038 1.1532031906066965e+30
0.003436842961432571 1.1619647387459344e+30
0.0034559897188778774 1.171229007492315e+30
0.00347535100581837 1.1811265378203906e+30
0.0034949304481046704 1.1922876922661536e+30
0.003514731753759654 1.2036205822388623e+30
0.0035347587153195387 1.219420647583137e+30
0.003555015212255467 1.2543939707575846e+30
0.0035755052134788415 1.2296917205030502e+30
0.0035962327799337916 1.246627180910413e+30
0.003617202067280344 1.249477054598681e+30
0.0036384173286720177 1.2624628629215645e+30
0.0036598829176317346 1.2695055282767866e+30
0.003681603291030142 1.279788645301687e+30
0.003703583012170621 1.2919836735868597e+30
0.0037258267539854594 1.304139280303798e+30
0.003748339302347909 1.315511235096313e+30
0.0037711255595050393 1.3261829606956602e+30
0.003794190547636569 1.3377901824176918e+30
0.003817539412545102 1.3523412749244226e+30
0.0038411774274834613 1.3770129197317093e+30
0.0038651099971251032 1.4552410183792208e+30
0.003889342661683881 1.4077764130050577e+30
0.003913881101189773 1.3962805246707624e+30
0.003938731139927485 1.414386533382744e+30
0.003963898751045233 1.4244950339969455e+30
0.003989390061341344 1.4373032215733464e+30
0.004015211356236757 1.4530762871992073e+30
0.004041369084941883 1.473413731220094e+30
0.004067869865826747 1.4801862973683922e+30
0.004094720492003822 1.492036094870228e+30
0.004121927937133415 1.5091566609059754e+30
0.004149499361462067 1.5292418953356067e+30
0.0041774421181049095 1.5384638101370367e+30
0.0042057637595835865 1.5464738068588662e+30
0.004234472044631938 1.5625737725453752e+30
0.00426357494528233 1.5784915840834801e+30
0.004285666007174984 1.5842567298772257e+30
0.004300521002000548 1.5947077251378773e+30
0.00431547933592055 1.6023054571035465e+30
0.004330542091019749 1.6132540567953004e+30
0.0043457103645434605 1.616783725483621e+30
0.0043609852691640005 1.6244946636999782e+30
0.004376367933252762 1.6324130597759944e+30
0.004391859501158082 1.644741409535656e+30
0.0044074611334890155 1.6493365710681035e+30
0.004423174007405198 1.6440354327558392e+30
0.004438999316912909 1.6514518722791396e+30
0.004454938273167533 1.6735618531275244e+30
0.004470992104782552 1.6847501315080593e+30
0.004487162058145236 1.6906134802329695e+30
0.004503449397739231 1.704850418565991e+30
0.004519855406474164 1.7344872318199962e+30
0.004536381386022515 1.7782100000433585e+30
0.004553028657163882 1.7543154265715547e+30
0.004569798560136862 1.756455827141755e+30
0.004586692454998736 1.7638615409300097e+30
0.004603711721993166 1.7543842055450197e+30
0.004620857761926101 1.7642145586657005e+30
0.004638131996550124 1.7740006340530873e+30
0.004655535868957441 1.7776599757557137e+30
0.004673070843981763 1.7946732678474596e+30
0.004690738408609293 1.802768123938276e+30
0.004708540072399081 1.803044409604881e+30
0.004726477367912983 1.8106862047646698e+30
0.00474455185115548 1.8116366179672834e+30
0.004762765102023639 1.8238010948995878e+30
0.004781118724767468 1.8381996777664517e+30
0.0047996143484609595 1.841359443736977e+30
0.00481825362748411 1.8564881495068797e+30
0.00483703824201621 1.8685401805344734e+30
0.0048559698985407365 1.881760156834677e+30
0.004875050330362114 1.8797591870917505e+30
0.004894281298134746 1.899805114366575e+30
0.004913664590404585 1.922053757486667e+30
0.004927324499909285 1.9485159950424404e+30
0.004937128169825539 1.9536514242342333e+30
0.004952895445417797 1.940930628251254e+30
0.004972746729768169 1.921884463821851e+30
0.004992757783006672 1.9463347708389804e+30
0.00501293054172589 1.9566096338300342e+30
0.0050332669739438455 1.9678749697106875e+30
0.005053769079744025 1.9799370465592124e+30
0.005074438891931116 1.990401024898247e+30
0.005095278476702907 1.9989265120874563e+30
0.005116289934338796 2.0128965209283576e+30
0.005137475399905416 2.021699681099187e+30
0.005158837043979868 2.0369262271893299e+30
0.005180377073391056 2.0586397778126355e+30
0.005202097731979698 2.074425022847937e+30
0.005224001301377507 2.062798648023523e+30
0.005246090101806164 2.0757843378775428e+30
0.005268366492896637 2.0896968241613145e+30
0.005290832874529459 2.0952515191476306e+30
0.005313491687696608 2.1079252512351005e+30
0.005336345415385625 2.1156792945690097e+30
0.005359396583486643 2.1525583065286577e+30
0.005382647761723028 2.1719957553310398e+30
0.005406101564606354 2.1590108322747282e+30
0.005429760652416447 2.1850630909765884e+30
0.005453627732207288 2.195121138650898e+30
0.00547770555883955 2.20645181304099e+30
0.0055019969360406125 2.2247214819356218e+30
0.005526504717492909 2.227523343283345e+30
0.00555123180795149 2.2452166136981957e+30
0.005576181164391721 2.2678859820522e+30
0.005601355797188072 2.2851295323890668e+30
0.0056267587713249795 2.2822857509562886e+30
0.005652393207640811 2.3027264672954037e+30
0.005678262284105986 2.3094030764261405e+30
0.005704369237136359 2.3187410427186285e+30
0.005730717362942993 2.3357462212833342e+30
0.005757310018919526 2.350721948478298e+30
0.005784150625068336 2.3631062867870272e+30
0.005811242665466783 2.3727547773763686e+30
0.005838589689774861 2.3941438716576142e+30
0.005866195314785617 2.2225221191388762e+30
0.005894063226019753 2.405284734217236e+30
0.005922197179365909 2.3170339010374087e+30
0.005950601002768143 2.1151058763813434e+30
0.00597064633819614 2.117771757379756e+30
0.005982161567392276 2.448178599493747e+30
0.0060082339422622665 2.2126103062991322e+30
0.006037471090399796 2.4136172602194046e+30
0.006066994176416421 2.2960877505359968e+30
0.0060968074156125705 2.1930293392738172e+30
0.0061269151065538666 2.4307453600517928e+30
0.006157321633137261 2.4591965412558568e+30
0.006188031466718993 2.3515532216563216e+30
0.006219049168306556 2.443471042613928e+30
0.0062535297836550305 2.416657351530925e+30
0.006278847718001812 2.4125350164471294e+30
0.006307576558602736 2.4472753652896922e+30
0.006346293141059631 2.1319222277534805e+30
0.006378921897568936 2.572704904591114e+30
0.006411887902207535 2.5941968519253346e+30
0.0064451964107904314 2.4087792241615608e+30
0.006478852788914663 2.4014617237773318e+30
0.006512862514840724 2.657982093407853e+30
0.006547231182465214 2.259424846308734e+30
0.006581964504388106 2.3151014796592086e+30
0.006617068315078176 2.5503190634061744e+30
0.006652548574140257 2.4952092094566712e+30
0.006688411369688184 2.4489980396348554e+30
0.006724662921827415 2.3733577495593786e+30
0.006761309586251542 2.6249836922591526e+30
0.006798357857957031 2.5084687615466983e+30
0.00683581437508076 2.726295515784668e+30
0.006873685922865142 2.411678070877896e+30
0.006911979437755755 2.809047900272114e+30
0.00695070201163674 2.4654996594726225e+30
0.006989860896209341 2.495171302027593e+30
0.007029463507519308 2.817749640039264e+30
0.007069517430639077 2.907673440126482e+30
0.007110030424510934 2.380345918063299e+30
0.007151010426957683 2.864328071291581e+30
0.007192465559867583 2.603312221737911e+30
0.007234404134560688 2.130134523839956e+30
0.007276834657344035 2.6809190485055294e+30
0.007319765835263469 2.5554242201888335e+30
0.007363206582060284 2.9778915993066816e+30
0.007398332194854848 2.4477656255282752e+30
0.007420456394002141 2.4086115277330954e+30
0.007451653507970919 2.416459147808688e+30
0.007496678604695818 2.9304551817041564e+30
0.0075422511190100785 2.726207965728371e+30
0.007588381095273138 2.4861354125330173e+30
0.007635078825090204 2.956182586029064e+30
0.0076823548549669225 2.584441941791875e+30
0.0077302199942502065 2.829287683715423e+30
0.007778685323367762 2.790928431644278e+30
0.007827762202379546 2.3551206625413768e+30
0.00787746227985497 2.3345224005717358e+30
0.007927797502090467 2.636131213501388e+30
0.007978780122682688 4.335899451996216e+30
0.008030422712473515 1.1042458656121597e+30
0.008082738169883766 8.864610076594466e+29
0.008135739731653494 2.713967780815675e+30
0.008178644094114423 2.6847872342680184e+30
0.00820568987484893 2.6250934602458004e+30
0.00824385587426683 2.733629124492309e+30
0.008298998722924134 3.0202209005300855e+30
0.008354884236209819 3.030891324529921e+30
0.008411527519167173 3.178579464523772e+30
0.008468944089263877 2.787915134129633e+30
0.00852714989056466 2.666161371817923e+30
0.008574293773857346 3.029905339199332e+30
0.008604024334793051 2.9741387884337656e+30
0.008645995185206676 2.685072079648978e+30
0.00870666883562918 2.7921430188208814e+30
0.008768200064149526 2.931173637041038e+30
0.00883060718204383 3.7267580979522e+30
0.00889390902564271 2.29164624450649e+30
0.00895812497528634 1.8400453467050212e+30
0.009023274975106603 3.576823382795476e+30
0.009089379553678813 2.2907323748579915e+30
0.009156459845587881 2.519291255588258e+30
0.009224537613956566 3.7373673141629456e+30
0.009293635273986202 2.4897834910041155e+30
0.009363775917563457 2.7854707678711113e+30
0.009434983338989794 2.863369628637082e+30
0.00950728206189393 3.603767898046763e+30
0.00958069736739118 2.998019443919228e+30
0.00965525532355765 3.602765388309658e+30
0.009730982816291435 3.5718453653924977e+30
0.009807907581637612 3.619591403314546e+30
0.00988605823965863 3.3931797502194536e+30
0.009965464329937012 4.2751633365109244e+30
0.010046156348802899 1.915746912842601e+30
0.010128165788384963 2.3065481870939573e+30
0.010211525177589779 3.231426483612831e+30
0.010296268125121643 3.8612096578544414e+30
0.01038242936466241 3.7602930339866763e+30
0.010470044802338886 3.2884387607639165e+30
0.01055915156661411 2.4895058913846342e+30
0.010649788060748138 3.4259292801614266e+30
0.010741994017984053 3.618905966539172e+30
0.010835810559625835 3.2354138663724176e+30
0.010931280256186414 3.5727210893465413e+30
0.011028447191796959 2.559661138127458e+30
0.011127357032082135 2.1012775020117113e+30
0.011228057095720887 3.6891332016234654e+30
0.011330596429928385 4.184866807732919e+30
0.011435025890112055 3.166537499811118e+30
0.011541398223973562 4.2001472586883587e+30
0.0116497681603489 3.939957535782014e+30
0.011760192503101024 3.5726574305336976e+30
0.011872730230403425 4.262763350483349e+30
0.011987442599779304 2.475718839924577e+30
0.012104393259289347 2.4564562254935095e+30
0.012223648365292198 3.1844640572895904e+30
0.012345276707235403 4.132475290507287e+30
0.012469349839971437 2.8926800389846144e+30
0.012595942224133586 1.9611679669930581e+30
0.012725131375150339 2.9556759730124367e+30
0.012856998021524953 4.2516243502400727e+30
0.012991626273059246 3.392656373773646e+30
0.013129103799758285 7.487009754045192e+30
0.013269522022215595 3.767299664754587e+30
0.013412976314347654 2.552435680223646e+30
0.013559566219422493 2.230286490820233e+30
0.013709395680410585 1.8263779466641803e+30
0.013862573285778302 2.0971419269397372e+30
0.01401921253194529 2.0652968603178758e+30
0.014179432103738948 1.8151666246136468e+30
0.014343356174302404 1.9824608517227465e+30
0.014511114726048631 1.6134751702589602e+30
0.014682843894404236 1.4004984497812212e+30
0.01485868633625339 1.6891100327713617e+30
0.015038791625177673 1.816404128616045e+30
0.015223316675793349 1.9502228633655455e+30
0.015412426199716249 1.724812349828038e+30
0.015606293195939095 1.6321725527628085e+30
0.01580509947868991 1.7409480869015877e+29
0.016009036246156877 1.7994026532160435e+30
0.01621830469381906 1.45188264412404e+30
0.016433116676518648 8.855817140796274e+29
0.01665369542385447 1.2292711637168114e+30
0.01688027631397494 1.6438555985545352e+30
0.0170895359377019 1.9880157606700203e+30
0.017328216607222877 2.370286047967153e+30
0.01759858594435685 1.194347204777534e+30
0.017851803008304433 1.4038745350418203e+30
0.018112413271199387 1.5315157477420414e+30
0.0183807453196616 1.5255335815362895e+30
0.01865714750491967 6.519201224786378e+29
0.018855627797525195 9.206028697029302e+29
0.019087697062725506 1.4613979843964058e+30
0.019385942329330594 1.376430758260229e+30
0.01969365569963743 6.707712335681978e+29
0.020011295307696096 5.3838582113460486e+29
0.020339349329133737 1.6403325407363558e+30
0.0206783384846193 1.1199385090151102e+30
0.02102881879791793 1.3069925469227912e+30
0.021391384639261345 6.049669312017402e+29
0.021766672089072948 9.20005568300843e+29
0.022155362662092108 9.084118122792388e+29
0.02255818743776651 1.119280054503014e+29
0.022975931649577 1.5808950484560299e+29
0.02340943979390864 1.1577789579940658e+30
0.023859621328406883 1.1390298397601929e+30
0.024232427911663242 1.2528877178554046e+30
0.02451976895409403 5.181039106784052e+29
0.02481400618154316 9.644793432933539e+29
0.02532041447096241 9.984779356085417e+29
0.025847923105774124 3.094497264434748e+29
0.026397878916535274 7.545350483366508e+29
0.026971745849503438 3.4930176258123034e+29
0.02750998468020306 7.866638714374467e+29
0.028133793856624897 2.7702786484244687e+29
0.028853495559933908 2.684470586649926e+29
0.02940048125775256 2.2474678280680986e+29
0.029968606499448262 3.194789407426434e+29
0.030634575532769333 1.156191474188184e+29
0.031410134407016656 8.62270375341519e+28
0.032225982053952155 2.042220714131725e+29
0.03308534157539088 1.9231465098883194e+29
0.03389891554855623 1.4129941113481387e+29
0.034753510058183695 2.3952946782547377e+28
0.03565230773210224 1.860763201978053e+29
0.036707109736010594 1.6426036646505363e+29
0.037826228935279205 1.906030329033574e+29
0.039015732989847736 5.233145848055881e+28
0.040282477567440196 5.546305934187014e+28
0.041219279371334155 1.7348272087015518e+28
0.04191555098233642 4.622569477264853e+28
0.04278276927852269 1.0359720388372182e+28
0.043686630601308375 5.411978661190054e+28
0.04446954512821354 3.888592379322156e+28
0.04528103317799847 8.99700842793498e+28
0.04612268806978283 5.008555956283993e+28
0.04699622382868023 4.9767370339285355e+28
0.047719242656813765 3.721553745747039e+28
0.048276276617788244 1.3670681264241311e+29
0.04923413924909357 2.4446719418512425e+28
0.050434971913705606 8.769555914413802e+26
0.05169584621154825 3.669478129230652e+27
0.05302138072979307 2.0907659226553932e+27
0.053943491699006876 2.4500306736164196e+27
0.05465640128093207 6.123393642304166e+26
0.05563678516041067 7.415987591927409e+26
0.05639546859441627 5.220201870511758e+26
0.0574398291239425 1.0949472748753877e+27
0.059080967098912286 9.68686374821504e+25
0.06052196629644673 6.379514300507235e+24
0.06142080738005733 1.1403723941153286e+25
0.06266163177157363 1.1799444587561667e+26
0.06395362417923495 2.9494257690748097e+25
0.06495813136529624 4.515609092397723e+24
0.06670431769232033 3.8737510273307e+24
0.0681703466525911 2.8791879297859945e+24
0.068927794948731 2.0351348099519434e+24
0.07009606265972644 1.5316264828012368e+24
0.07171678087151202 1.4584734344880606e+24
0.07298237112218577 1.3818110749240947e+24
0.0747409824745276 2.0004996672661308e+24
0.07658643883192334 9.748685740791364e+23
0.07803146597969547 1.2528722296373518e+24
0.08004518123078438 8.117431493045258e+23
0.08216558338259325 4.829970984408278e+23
0.0844013815698747 2.5030594069019136e+23
0.08676225937602504 1.4691841098074644e+23
0.08862145064836843 1.2376303363041868e+23
0.09056206635599694 7.849755073672067e+22
0.09258957530426552 5.959860238395954e+22
0.09399244765736046 4.228220581680039e+22
0.09470994725779831 3.1205124626516793e+22
0.09692971164665297 2.0800149489691967e+22
0.09769293772261087 1.623311442614287e+22
0.09925602472617263 9.134659240365917e+21
0.10253721562621142 4.070147002879589e+21
0.10514409398958967 9.714397003684066e+20
0.10883336044536475 3.153907094350287e+20
0.11279093718883254 4.6729167232186696e+19
0.114879658247885 4.335889770380858e+18
0.11704719896954321 1.8340780437287421e+18
0.11929810664203443 6.963534194369204e+17
0.12163728520364293 3.563836439258165e+17
0.1240700309077158 1.5561890536881635e+17
0.12660207235481205 6.927638897259025e+16
0.12923961552887062 2.948111425625533e+16
0.1319893945826764 1.2674842824021286e+16
0.1363406933051822 4505548491678457.0
